items_number
400
stocks_number
1
digit
2
items
51.92	51	92	61.92	61	92	2
53.84	53	84	63.84	63	84	2
100.93	100	93	110.93	110	93	1
63.8	63	80	73.8	73	80	1
89.07	89	7	99.07	99	7	3
95.31	95	31	105.31	105	31	1
58.18	58	18	68.18	68	18	5
81.08	81	8	91.08	91	8	2
100.24	100	24	110.24	110	24	3
61.02	61	2	71.02	71	2	5
53.11	53	11	63.11	63	11	4
50.25	50	25	60.25	60	25	3
87.27	87	27	97.27	97	27	3
79	79	0	89	89	0	3
52.23	52	23	62.23	62	23	1
55.51	55	51	65.51	65	51	5
95.48	95	48	105.48	105	48	1
54.17	54	17	64.17	64	17	2
89.22	89	22	99.22	99	22	5
98.67	98	67	108.67	108	67	1
68.14	68	14	78.14	78	14	1
96.37	96	37	106.37	106	37	2
77.1	77	10	87.1	87	10	2
58.49	58	49	68.49	68	49	2
51.65	51	65	61.65	61	65	1
92.45	92	45	102.45	102	45	2
99.54	99	54	109.54	109	54	3
58.78	58	78	68.78	68	78	2
53.42	53	42	63.42	63	42	4
66.41	66	41	76.41	76	41	4
70.93	70	93	80.93	80	93	4
79.34	79	34	89.34	89	34	5
69.25	69	25	79.25	79	25	5
69.87	69	87	79.87	79	87	4
92.66	92	66	102.66	102	66	5
57.33	57	33	67.33	67	33	2
88.18	88	18	98.18	98	18	1
75.84	75	84	85.84	85	84	4
88.41	88	41	98.41	98	41	5
62.94	62	94	72.94	72	94	4
86.38	86	38	96.38	96	38	1
65.52	65	52	75.52	75	52	1
62.71	62	71	72.71	72	71	1
98.66	98	66	108.66	108	66	5
69.04	69	4	79.04	79	4	5
89.95	89	95	99.95	99	95	3
52.69	52	69	62.69	62	69	4
63.52	63	52	73.52	73	52	5
93.12	93	12	103.12	103	12	4
92.91	92	91	102.91	102	91	3
85.19	85	19	95.19	95	19	2
85.78	85	78	95.78	95	78	5
61.8	61	80	71.8	71	80	4
62.81	62	81	72.81	72	81	3
68.8	68	80	78.8	78	80	3
87.46	87	46	97.46	97	46	4
53.26	53	26	63.26	63	26	1
66.86	66	86	76.86	76	86	2
95.76	95	76	105.76	105	76	3
81.2	81	20	91.2	91	20	4
82.28	82	28	92.28	92	28	5
64.7	64	70	74.7	74	70	1
59.55	59	55	69.55	69	55	4
75.53	75	53	85.53	85	53	1
57.09	57	9	67.09	67	9	1
76.73	76	73	86.73	86	73	5
82.38	82	38	92.38	92	38	5
70.27	70	27	80.27	80	27	1
50.58	50	58	60.58	60	58	1
94.31	94	31	104.31	104	31	4
82.73	82	73	92.73	92	73	1
60.48	60	48	70.48	70	48	3
59.35	59	35	69.35	69	35	4
68.45	68	45	78.45	78	45	4
57.14	57	14	67.14	67	14	2
78.4	78	40	88.4	88	40	3
57.4	57	40	67.4	67	40	3
85.35	85	35	95.35	95	35	5
65.92	65	92	75.92	75	92	2
74.04	74	4	84.04	84	4	2
50.78	50	78	60.78	60	78	3
75.64	75	64	85.64	85	64	3
59.34	59	34	69.34	69	34	3
86.59	86	59	96.59	96	59	1
87.45	87	45	97.45	97	45	2
77.66	77	66	87.66	87	66	2
73.05	73	5	83.05	83	5	2
64.24	64	24	74.24	74	24	5
67.53	67	53	77.53	77	53	5
67.33	67	33	77.33	77	33	4
70.44	70	44	80.44	80	44	3
74.33	74	33	84.33	84	33	4
56.03	56	3	66.03	66	3	1
79.99	79	99	89.99	89	99	3
99.38	99	38	109.38	109	38	1
88.64	88	64	98.64	98	64	3
79.73	79	73	89.73	89	73	3
81.77	81	77	91.77	91	77	5
57.43	57	43	67.43	67	43	3
53.83	53	83	63.83	63	83	5
99.08	99	8	109.08	109	8	1
63.17	63	17	73.17	73	17	1
89.31	89	31	99.31	99	31	2
57.44	57	44	67.44	67	44	4
82.62	82	62	92.62	92	62	1
70.98	70	98	80.98	80	98	3
59.36	59	36	69.36	69	36	4
89.54	89	54	99.54	99	54	3
54.33	54	33	64.33	64	33	2
100.8	100	80	110.8	110	80	2
62.58	62	58	72.58	72	58	1
79.64	79	64	89.64	89	64	1
74.44	74	44	84.44	84	44	2
96.44	96	44	106.44	106	44	3
65.23	65	23	75.23	75	23	2
85.42	85	42	95.42	95	42	5
97.11	97	11	107.11	107	11	1
62.8	62	80	72.8	72	80	5
73.66	73	66	83.66	83	66	4
64.16	64	16	74.16	74	16	5
53.13	53	13	63.13	63	13	3
93.62	93	62	103.62	103	62	2
62.49	62	49	72.49	72	49	5
59.69	59	69	69.69	69	69	5
97.62	97	62	107.62	107	62	4
60.87	60	87	70.87	70	87	1
98.33	98	33	108.33	108	33	2
75.87	75	87	85.87	85	87	3
65.16	65	16	75.16	75	16	5
79.77	79	77	89.77	89	77	1
53.22	53	22	63.22	63	22	2
64.25	64	25	74.25	74	25	5
93.94	93	94	103.94	103	94	3
92.05	92	5	102.05	102	5	3
96.21	96	21	106.21	106	21	1
99.56	99	56	109.56	109	56	3
61.03	61	3	71.03	71	3	5
80.09	80	9	90.09	90	9	1
87.1	87	10	97.1	97	10	1
91.89	91	89	101.89	101	89	4
79.89	79	89	89.89	89	89	2
73.2	73	20	83.2	83	20	3
69.05	69	5	79.05	79	5	4
77.34	77	34	87.34	87	34	3
94.16	94	16	104.16	104	16	1
58.28	58	28	68.28	68	28	2
86.28	86	28	96.28	96	28	5
90.79	90	79	100.79	100	79	3
70.08	70	8	80.08	80	8	3
58.46	58	46	68.46	68	46	3
78.95	78	95	88.95	88	95	3
74.73	74	73	84.73	84	73	2
76.08	76	8	86.08	86	8	1
90.44	90	44	100.44	100	44	2
57.42	57	42	67.42	67	42	1
72.22	72	22	82.22	82	22	2
75.84	75	84	85.84	85	84	4
79.76	79	76	89.76	89	76	4
71.61	71	61	81.61	81	61	4
64	64	0	74	74	0	4
83.53	83	53	93.53	93	53	2
74.83	74	83	84.83	84	83	3
52.77	52	77	62.77	62	77	5
75.99	75	99	85.99	85	99	4
90.41	90	41	100.41	100	41	5
73.5	73	50	83.5	83	50	2
98.07	98	7	108.07	108	7	4
76.44	76	44	86.44	86	44	2
52.59	52	59	62.59	62	59	2
84.17	84	17	94.17	94	17	1
66.85	66	85	76.85	76	85	2
55.49	55	49	65.49	65	49	4
81.89	81	89	91.89	91	89	3
59.9	59	90	69.9	69	90	2
56.35	56	35	66.35	66	35	3
74.57	74	57	84.57	84	57	5
68.7	68	70	78.7	78	70	1
92.15	92	15	102.15	102	15	4
89.37	89	37	99.37	99	37	3
62.3	62	30	72.3	72	30	3
100.61	100	61	110.61	110	61	2
91.32	91	32	101.32	101	32	5
60.04	60	4	70.04	70	4	5
75.69	75	69	85.69	85	69	2
81.29	81	29	91.29	91	29	3
93.46	93	46	103.46	103	46	2
71.92	71	92	81.92	81	92	5
80.13	80	13	90.13	90	13	2
71.74	71	74	81.74	81	74	1
93.53	93	53	103.53	103	53	4
68.65	68	65	78.65	78	65	2
78.27	78	27	88.27	88	27	4
91.89	91	89	101.89	101	89	1
71.43	71	43	81.43	81	43	3
52.78	52	78	62.78	62	78	2
81.3	81	30	91.3	91	30	2
94.93	94	93	104.93	104	93	5
74.85	74	85	84.85	84	85	2
81.26	81	26	91.26	91	26	5
70.05	70	5	80.05	80	5	1
82.54	82	54	92.54	92	54	2
97.64	97	64	107.64	107	64	1
75.54	75	54	85.54	85	54	1
63.43	63	43	73.43	73	43	5
80.06	80	6	90.06	90	6	3
81.41	81	41	91.41	91	41	4
61.01	61	1	71.01	71	1	4
72.77	72	77	82.77	82	77	3
72.56	72	56	82.56	82	56	2
74.9	74	90	84.9	84	90	3
85.07	85	7	95.07	95	7	2
96.17	96	17	106.17	106	17	5
65.22	65	22	75.22	75	22	2
69.63	69	63	79.63	79	63	1
96.38	96	38	106.38	106	38	4
70.51	70	51	80.51	80	51	2
61.1	61	10	71.1	71	10	5
66.82	66	82	76.82	76	82	3
100.16	100	16	110.16	110	16	5
57.84	57	84	67.84	67	84	5
83.88	83	88	93.88	93	88	3
67.82	67	82	77.82	77	82	1
85.64	85	64	95.64	95	64	5
99.29	99	29	109.29	109	29	5
62.77	62	77	72.77	72	77	3
62.42	62	42	72.42	72	42	3
53.59	53	59	63.59	63	59	2
55.22	55	22	65.22	65	22	2
86.28	86	28	96.28	96	28	5
84.37	84	37	94.37	94	37	1
75.27	75	27	85.27	85	27	5
68.82	68	82	78.82	78	82	1
80.01	80	1	90.01	90	1	4
74.33	74	33	84.33	84	33	5
55.78	55	78	65.78	65	78	2
84.08	84	8	94.08	94	8	1
54.74	54	74	64.74	64	74	3
66.31	66	31	76.31	76	31	1
56.37	56	37	66.37	66	37	5
50.3	50	30	60.3	60	30	2
65.21	65	21	75.21	75	21	3
65.96	65	96	75.96	75	96	3
71.99	71	99	81.99	81	99	3
80.95	80	95	90.95	90	95	2
84.6	84	60	94.6	94	60	4
66.9	66	90	76.9	76	90	1
100.99	100	99	110.99	110	99	5
96.7	96	70	106.7	106	70	3
56.72	56	72	66.72	66	72	1
73.67	73	67	83.67	83	67	4
52.06	52	6	62.06	62	6	4
64.12	64	12	74.12	74	12	3
90.01	90	1	100.01	100	1	1
87.22	87	22	97.22	97	22	5
62.41	62	41	72.41	72	41	3
77.78	77	78	87.78	87	78	5
99.65	99	65	109.65	109	65	2
65	65	0	75	75	0	1
82.01	82	1	92.01	92	1	4
85.45	85	45	95.45	95	45	1
99.9	99	90	109.9	109	90	1
82.8	82	80	92.8	92	80	3
77.79	77	79	87.79	87	79	2
52.91	52	91	62.91	62	91	1
55.14	55	14	65.14	65	14	2
82.09	82	9	92.09	92	9	3
86.51	86	51	96.51	96	51	1
85.88	85	88	95.88	95	88	2
72.92	72	92	82.92	82	92	5
66.88	66	88	76.88	76	88	2
59.71	59	71	69.71	69	71	5
87.65	87	65	97.65	97	65	5
81.37	81	37	91.37	91	37	5
80.7	80	70	90.7	90	70	4
66.61	66	61	76.61	76	61	3
65.97	65	97	75.97	75	97	5
70.12	70	12	80.12	80	12	5
90.12	90	12	100.12	100	12	2
85.19	85	19	95.19	95	19	4
51.85	51	85	61.85	61	85	5
62.79	62	79	72.79	72	79	2
87.25	87	25	97.25	97	25	4
65.97	65	97	75.97	75	97	4
77.81	77	81	87.81	87	81	4
98.48	98	48	108.48	108	48	3
77.91	77	91	87.91	87	91	3
53.59	53	59	63.59	63	59	5
71.65	71	65	81.65	81	65	1
66.91	66	91	76.91	76	91	3
59.12	59	12	69.12	69	12	3
80.62	80	62	90.62	90	62	2
89.33	89	33	99.33	99	33	1
65.45	65	45	75.45	75	45	2
56.93	56	93	66.93	66	93	5
65.25	65	25	75.25	75	25	1
71.59	71	59	81.59	81	59	1
88.03	88	3	98.03	98	3	4
75.28	75	28	85.28	85	28	4
80.47	80	47	90.47	90	47	4
59.95	59	95	69.95	69	95	4
92.69	92	69	102.69	102	69	2
89.7	89	70	99.7	99	70	5
97.61	97	61	107.61	107	61	5
72.06	72	6	82.06	82	6	3
94.93	94	93	104.93	104	93	3
87.74	87	74	97.74	97	74	2
61.03	61	3	71.03	71	3	2
63.05	63	5	73.05	73	5	2
77.86	77	86	87.86	87	86	5
96.22	96	22	106.22	106	22	2
89.42	89	42	99.42	99	42	3
89.65	89	65	99.65	99	65	1
56.47	56	47	66.47	66	47	2
53.92	53	92	63.92	63	92	4
90.98	90	98	100.98	100	98	1
54.47	54	47	64.47	64	47	1
54.83	54	83	64.83	64	83	1
93.1	93	10	103.1	103	10	5
75.64	75	64	85.64	85	64	2
95.26	95	26	105.26	105	26	4
52.22	52	22	62.22	62	22	5
54.78	54	78	64.78	64	78	3
83.6	83	60	93.6	93	60	1
67.67	67	67	77.67	77	67	1
60.72	60	72	70.72	70	72	2
98.85	98	85	108.85	108	85	1
62.78	62	78	72.78	72	78	3
72.75	72	75	82.75	82	75	5
98.65	98	65	108.65	108	65	4
66.78	66	78	76.78	76	78	1
55.22	55	22	65.22	65	22	5
89.34	89	34	99.34	99	34	1
80.48	80	48	90.48	90	48	5
76.35	76	35	86.35	86	35	4
85.4	85	40	95.4	95	40	3
98.41	98	41	108.41	108	41	5
63.09	63	9	73.09	73	9	2
97.43	97	43	107.43	107	43	2
85.99	85	99	95.99	95	99	3
64.47	64	47	74.47	74	47	1
66.65	66	65	76.65	76	65	5
74.41	74	41	84.41	84	41	3
52.13	52	13	62.13	62	13	3
73.65	73	65	83.65	83	65	2
77.33	77	33	87.33	87	33	1
67.11	67	11	77.11	77	11	5
77.64	77	64	87.64	87	64	4
56.16	56	16	66.16	66	16	1
59.21	59	21	69.21	69	21	5
51.81	51	81	61.81	61	81	5
50.95	50	95	60.95	60	95	1
86.96	86	96	96.96	96	96	1
80.59	80	59	90.59	90	59	4
58.55	58	55	68.55	68	55	1
78.15	78	15	88.15	88	15	1
64.31	64	31	74.31	74	31	2
80.92	80	92	90.92	90	92	4
64.94	64	94	74.94	74	94	1
86.58	86	58	96.58	96	58	4
77.57	77	57	87.57	87	57	2
55.72	55	72	65.72	65	72	3
91.81	91	81	101.81	101	81	3
65.92	65	92	75.92	75	92	4
85.72	85	72	95.72	95	72	3
67.68	67	68	77.68	77	68	4
75.32	75	32	85.32	85	32	4
82.66	82	66	92.66	92	66	4
54.78	54	78	64.78	64	78	5
71.76	71	76	81.76	81	76	5
66.65	66	65	76.65	76	65	1
68.25	68	25	78.25	78	25	3
87.93	87	93	97.93	97	93	1
90.58	90	58	100.58	100	58	3
95.9	95	90	105.9	105	90	2
59.1	59	10	69.1	69	10	4
92.92	92	92	102.92	102	92	3
61.54	61	54	71.54	71	54	2
60.27	60	27	70.27	70	27	3
98.6	98	60	108.6	108	60	1
71.75	71	75	81.75	81	75	1
86.08	86	8	96.08	96	8	4
72.55	72	55	82.55	82	55	3
81.23	81	23	91.23	91	23	1
65.67	65	67	75.67	75	67	3
80.1	80	10	90.1	90	10	1
58.91	58	91	68.91	68	91	3
79.99	79	99	89.99	89	99	4
60.02	60	2	70.02	70	2	4
98.85	98	85	108.85	108	85	5
89.57	89	57	99.57	99	57	2
87.12	87	12	97.12	97	12	2
52.09	52	9	62.09	62	9	3
54.9	54	90	64.9	64	90	2
77.04	77	4	87.04	87	4	3
87.33	87	33	97.33	97	33	5
71.59	71	59	81.59	81	59	5
51.36	51	36	61.36	61	36	1
93.99	93	99	103.99	103	99	5
75.89	75	89	85.89	85	89	1
97.64	97	64	107.64	107	64	2
stocks
274.39	274	39	1
