items_number
300
stocks_number
1
digit
2
items
6649.01	6649	1	6659.01	6659	1	2
5430.05	5430	5	5440.05	5440	5	4
6706.28	6706	28	6716.28	6716	28	1
8425.43	8425	43	8435.43	8435	43	5
6010.65	6010	65	6020.65	6020	65	3
7662.47	7662	47	7672.47	7672	47	4
8506.89	8506	89	8516.89	8516	89	3
5325.85	5325	85	5335.85	5335	85	5
7926.4	7926	40	7936.4	7936	40	5
7973.71	7973	71	7983.71	7983	71	3
5463.47	5463	47	5473.47	5473	47	3
7825.42	7825	42	7835.42	7835	42	2
5373.92	5373	92	5383.92	5383	92	4
6245.06	6245	6	6255.06	6255	6	4
6072.89	6072	89	6082.89	6082	89	1
5950.15	5950	15	5960.15	5960	15	2
7211.88	7211	88	7221.88	7221	88	2
7445.77	7445	77	7455.77	7455	77	4
6991.94	6991	94	7001.94	7001	94	5
9724.06	9724	6	9734.06	9734	6	2
7190.38	7190	38	7200.38	7200	38	1
6382.58	6382	58	6392.58	6392	58	5
7282.85	7282	85	7292.85	7292	85	2
7827.16	7827	16	7837.16	7837	16	4
9120.64	9120	64	9130.64	9130	64	4
9128.4	9128	40	9138.4	9138	40	2
8353.08	8353	8	8363.08	8363	8	2
7235.48	7235	48	7245.48	7245	48	5
9016.36	9016	36	9026.36	9026	36	1
8539.99	8539	99	8549.99	8549	99	4
9618.37	9618	37	9628.37	9628	37	1
6427.89	6427	89	6437.89	6437	89	2
9732.56	9732	56	9742.56	9742	56	4
6323.17	6323	17	6333.17	6333	17	4
9852.32	9852	32	9862.32	9862	32	1
5741.21	5741	21	5751.21	5751	21	1
9749.64	9749	64	9759.64	9759	64	4
9120.21	9120	21	9130.21	9130	21	4
6830.06	6830	6	6840.06	6840	6	5
7674.57	7674	57	7684.57	7684	57	3
7856.45	7856	45	7866.45	7866	45	3
7293.54	7293	54	7303.54	7303	54	4
6261.99	6261	99	6271.99	6271	99	2
8229.89	8229	89	8239.89	8239	89	1
9301.12	9301	12	9311.12	9311	12	3
7334.4	7334	40	7344.4	7344	40	4
9942.56	9942	56	9952.56	9952	56	4
6511	6511	0	6521	6521	0	1
5541.18	5541	18	5551.18	5551	18	4
6932.5	6932	50	6942.5	6942	50	3
6997.06	6997	6	7007.06	7007	6	5
8494.08	8494	8	8504.08	8504	8	5
9078.61	9078	61	9088.61	9088	61	3
5041.91	5041	91	5051.91	5051	91	3
7083.24	7083	24	7093.24	7093	24	5
8197.77	8197	77	8207.77	8207	77	3
9169.83	9169	83	9179.83	9179	83	4
5436.32	5436	32	5446.32	5446	32	2
6194.77	6194	77	6204.77	6204	77	4
8947.72	8947	72	8957.72	8957	72	1
9738.83	9738	83	9748.83	9748	83	2
5811.66	5811	66	5821.66	5821	66	2
5373.61	5373	61	5383.61	5383	61	4
5231.4	5231	40	5241.4	5241	40	2
7898.83	7898	83	7908.83	7908	83	5
5987.46	5987	46	5997.46	5997	46	2
5973.61	5973	61	5983.61	5983	61	2
7646.99	7646	99	7656.99	7656	99	5
5107.67	5107	67	5117.67	5117	67	2
8566.2	8566	20	8576.2	8576	20	4
6082.56	6082	56	6092.56	6092	56	2
8726.64	8726	64	8736.64	8736	64	4
6621.26	6621	26	6631.26	6631	26	4
7344.07	7344	7	7354.07	7354	7	5
6954.53	6954	53	6964.53	6964	53	4
5921.38	5921	38	5931.38	5931	38	3
5440.48	5440	48	5450.48	5450	48	4
7658.1	7658	10	7668.1	7668	10	2
7432.9	7432	90	7442.9	7442	90	4
6744.18	6744	18	6754.18	6754	18	2
5352.12	5352	12	5362.12	5362	12	1
5191.96	5191	96	5201.96	5201	96	5
5237.26	5237	26	5247.26	5247	26	3
9430.25	9430	25	9440.25	9440	25	5
5232.39	5232	39	5242.39	5242	39	2
8083.02	8083	2	8093.02	8093	2	3
8390.02	8390	2	8400.02	8400	2	3
9401.75	9401	75	9411.75	9411	75	2
8519.86	8519	86	8529.86	8529	86	1
9584.31	9584	31	9594.31	9594	31	1
9111.47	9111	47	9121.47	9121	47	2
9019.69	9019	69	9029.69	9029	69	4
5395.97	5395	97	5405.97	5405	97	4
5246.08	5246	8	5256.08	5256	8	5
9251.61	9251	61	9261.61	9261	61	5
9056.8	9056	80	9066.8	9066	80	3
6234.54	6234	54	6244.54	6244	54	1
5986.75	5986	75	5996.75	5996	75	3
7464.8	7464	80	7474.8	7474	80	4
7104.74	7104	74	7114.74	7114	74	2
9552.95	9552	95	9562.95	9562	95	3
8546.88	8546	88	8556.88	8556	88	3
5829.38	5829	38	5839.38	5839	38	5
6172.21	6172	21	6182.21	6182	21	2
6652.96	6652	96	6662.96	6662	96	2
8546.44	8546	44	8556.44	8556	44	5
7093.59	7093	59	7103.59	7103	59	1
7092.44	7092	44	7102.44	7102	44	2
6203.06	6203	6	6213.06	6213	6	3
5287.49	5287	49	5297.49	5297	49	1
8836.14	8836	14	8846.14	8846	14	1
6555.18	6555	18	6565.18	6565	18	4
5478.97	5478	97	5488.97	5488	97	5
9836.92	9836	92	9846.92	9846	92	5
5985.44	5985	44	5995.44	5995	44	3
5710.88	5710	88	5720.88	5720	88	1
7919.94	7919	94	7929.94	7929	94	4
9375.98	9375	98	9385.98	9385	98	2
5873.63	5873	63	5883.63	5883	63	2
7200.32	7200	32	7210.32	7210	32	4
8958.82	8958	82	8968.82	8968	82	5
9984.62	9984	62	9994.62	9994	62	5
6982.01	6982	1	6992.01	6992	1	4
5115.79	5115	79	5125.79	5125	79	3
5993.71	5993	71	6003.71	6003	71	5
6232.15	6232	15	6242.15	6242	15	5
9934.12	9934	12	9944.12	9944	12	3
7227.77	7227	77	7237.77	7237	77	2
7218.9	7218	90	7228.9	7228	90	3
7397.44	7397	44	7407.44	7407	44	1
5093.51	5093	51	5103.51	5103	51	1
6769.85	6769	85	6779.85	6779	85	2
5943.32	5943	32	5953.32	5953	32	5
6685.42	6685	42	6695.42	6695	42	2
8704.58	8704	58	8714.58	8714	58	5
7595.28	7595	28	7605.28	7605	28	2
5230.38	5230	38	5240.38	5240	38	2
5796.17	5796	17	5806.17	5806	17	1
5450.24	5450	24	5460.24	5460	24	5
7196.44	7196	44	7206.44	7206	44	4
6846.18	6846	18	6856.18	6856	18	3
9286.38	9286	38	9296.38	9296	38	2
8751.14	8751	14	8761.14	8761	14	4
7324.67	7324	67	7334.67	7334	67	3
9885.3	9885	30	9895.3	9895	30	2
5498.58	5498	58	5508.58	5508	58	4
8797.07	8797	7	8807.07	8807	7	3
8566.76	8566	76	8576.76	8576	76	5
5635.09	5635	9	5645.09	5645	9	5
5432.23	5432	23	5442.23	5442	23	2
6528.08	6528	8	6538.08	6538	8	1
5356.43	5356	43	5366.43	5366	43	1
6179.85	6179	85	6189.85	6189	85	1
8510.62	8510	62	8520.62	8520	62	4
5471.22	5471	22	5481.22	5481	22	4
7172.56	7172	56	7182.56	7182	56	2
9742.77	9742	77	9752.77	9752	77	4
5405.86	5405	86	5415.86	5415	86	3
5161.86	5161	86	5171.86	5171	86	1
7722.19	7722	19	7732.19	7732	19	3
8565.3	8565	30	8575.3	8575	30	3
5254.37	5254	37	5264.37	5264	37	1
9491.56	9491	56	9501.56	9501	56	1
9508.15	9508	15	9518.15	9518	15	3
6939.31	6939	31	6949.31	6949	31	2
8957.14	8957	14	8967.14	8967	14	1
7866.43	7866	43	7876.43	7876	43	1
7932.69	7932	69	7942.69	7942	69	5
9753.31	9753	31	9763.31	9763	31	3
8316.2	8316	20	8326.2	8326	20	2
5127.65	5127	65	5137.65	5137	65	1
7361.01	7361	1	7371.01	7371	1	5
8364.1	8364	10	8374.1	8374	10	4
8878.8	8878	80	8888.8	8888	80	4
9685.2	9685	20	9695.2	9695	20	4
9011.41	9011	41	9021.41	9021	41	2
5139.9	5139	90	5149.9	5149	90	2
9244.27	9244	27	9254.27	9254	27	4
7576.69	7576	69	7586.69	7586	69	1
5774.51	5774	51	5784.51	5784	51	4
5439.5	5439	50	5449.5	5449	50	5
9105.3	9105	30	9115.3	9115	30	1
6130.94	6130	94	6140.94	6140	94	4
6618.36	6618	36	6628.36	6628	36	2
7614.92	7614	92	7624.92	7624	92	2
7365.69	7365	69	7375.69	7375	69	4
9553.44	9553	44	9563.44	9563	44	1
8119.21	8119	21	8129.21	8129	21	2
8533.55	8533	55	8543.55	8543	55	1
9714.3	9714	30	9724.3	9724	30	1
5840.92	5840	92	5850.92	5850	92	4
7097.86	7097	86	7107.86	7107	86	1
9968.2	9968	20	9978.2	9978	20	3
6094.48	6094	48	6104.48	6104	48	1
7368.53	7368	53	7378.53	7378	53	5
7669.03	7669	3	7679.03	7679	3	4
5050.62	5050	62	5060.62	5060	62	1
5233.96	5233	96	5243.96	5243	96	2
5600.25	5600	25	5610.25	5610	25	1
5566.45	5566	45	5576.45	5576	45	5
9312.68	9312	68	9322.68	9322	68	3
6490.9	6490	90	6500.9	6500	90	1
7927.46	7927	46	7937.46	7937	46	2
8438.79	8438	79	8448.79	8448	79	3
6130.22	6130	22	6140.22	6140	22	1
8375.18	8375	18	8385.18	8385	18	5
7449.72	7449	72	7459.72	7459	72	4
6269.13	6269	13	6279.13	6279	13	5
8381.45	8381	45	8391.45	8391	45	3
5787.41	5787	41	5797.41	5797	41	5
7807.64	7807	64	7817.64	7817	64	3
8820.48	8820	48	8830.48	8830	48	4
5654.71	5654	71	5664.71	5664	71	2
8937.11	8937	11	8947.11	8947	11	3
5437.36	5437	36	5447.36	5447	36	1
9032.15	9032	15	9042.15	9042	15	3
7064.8	7064	80	7074.8	7074	80	4
9990.32	9990	32	10000.32	10000	32	1
7150.88	7150	88	7160.88	7160	88	4
5596.35	5596	35	5606.35	5606	35	4
5465.15	5465	15	5475.15	5475	15	3
8753.8	8753	80	8763.8	8763	80	4
8457.73	8457	73	8467.73	8467	73	1
5432.35	5432	35	5442.35	5442	35	5
9847.28	9847	28	9857.28	9857	28	5
5824.26	5824	26	5834.26	5834	26	5
8864.38	8864	38	8874.38	8874	38	3
5660.42	5660	42	5670.42	5670	42	2
6057.75	6057	75	6067.75	6067	75	3
5226.63	5226	63	5236.63	5236	63	3
6226.87	6226	87	6236.87	6236	87	4
6131.43	6131	43	6141.43	6141	43	1
6716.06	6716	6	6726.06	6726	6	5
9916.85	9916	85	9926.85	9926	85	5
5331.22	5331	22	5341.22	5341	22	3
7847.28	7847	28	7857.28	7857	28	1
8290.03	8290	3	8300.03	8300	3	1
7780.94	7780	94	7790.94	7790	94	4
9116.41	9116	41	9126.41	9126	41	5
6671.01	6671	1	6681.01	6681	1	4
9331.88	9331	88	9341.88	9341	88	3
7685.58	7685	58	7695.58	7695	58	2
5490.01	5490	1	5500.01	5500	1	2
9985.11	9985	11	9995.11	9995	11	1
6622.69	6622	69	6632.69	6632	69	1
6691.37	6691	37	6701.37	6701	37	4
9016.27	9016	27	9026.27	9026	27	1
9449.01	9449	1	9459.01	9459	1	4
7443.21	7443	21	7453.21	7453	21	4
6928.67	6928	67	6938.67	6938	67	1
5045.36	5045	36	5055.36	5055	36	5
7909.36	7909	36	7919.36	7919	36	1
5681.48	5681	48	5691.48	5691	48	5
8502.1	8502	10	8512.1	8512	10	2
9104.71	9104	71	9114.71	9114	71	5
6290.28	6290	28	6300.28	6300	28	1
5088.88	5088	88	5098.88	5098	88	4
8731.62	8731	62	8741.62	8741	62	5
7713.23	7713	23	7723.23	7723	23	4
6145.63	6145	63	6155.63	6155	63	1
8957.77	8957	77	8967.77	8967	77	4
9702.1	9702	10	9712.1	9712	10	2
8039.07	8039	7	8049.07	8049	7	3
5673.83	5673	83	5683.83	5683	83	4
9618.48	9618	48	9628.48	9628	48	1
8370.29	8370	29	8380.29	8380	29	1
9283.64	9283	64	9293.64	9293	64	4
8670.03	8670	3	8680.03	8680	3	2
6913.76	6913	76	6923.76	6923	76	1
9161.57	9161	57	9171.57	9171	57	5
5340.56	5340	56	5350.56	5350	56	2
6243.64	6243	64	6253.64	6253	64	5
6846.67	6846	67	6856.67	6856	67	1
6594.57	6594	57	6604.57	6604	57	5
6990.75	6990	75	7000.75	7000	75	5
9231.36	9231	36	9241.36	9241	36	3
9048.46	9048	46	9058.46	9058	46	4
6006.54	6006	54	6016.54	6016	54	5
8679.37	8679	37	8689.37	8689	37	4
6490.68	6490	68	6500.68	6500	68	4
8697.22	8697	22	8707.22	8707	22	1
9487.26	9487	26	9497.26	9497	26	5
5161.04	5161	4	5171.04	5171	4	5
9378.22	9378	22	9388.22	9388	22	2
8751.88	8751	88	8761.88	8761	88	1
9266.28	9266	28	9276.28	9276	28	1
6431.02	6431	2	6441.02	6441	2	4
8839.76	8839	76	8849.76	8849	76	4
7996.9	7996	90	8006.9	8006	90	2
9144.25	9144	25	9154.25	9154	25	2
5746.4	5746	40	5756.4	5756	40	2
7715.67	7715	67	7725.67	7725	67	3
9609.88	9609	88	9619.88	9619	88	4
8785.99	8785	99	8795.99	8795	99	4
9151.03	9151	3	9161.03	9161	3	1
9226.36	9226	36	9236.36	9236	36	1
7918.28	7918	28	7928.28	7928	28	1
8433.67	8433	67	8443.67	8443	67	1
7895.91	7895	91	7905.91	7905	91	4
9831.56	9831	56	9841.56	9841	56	1
stocks
15376.94	15376	94	1
