items_number
300
stocks_number
1
digit
2
items
9649.03	9649	3	9659.03	9659	3	1
8357.21	8357	21	8367.21	8367	21	3
9585.2	9585	20	9595.2	9595	20	4
8409.54	8409	54	8419.54	8419	54	4
5404.47	5404	47	5414.47	5414	47	2
5920.08	5920	8	5930.08	5930	8	3
5772.08	5772	8	5782.08	5782	8	3
9145.42	9145	42	9155.42	9155	42	3
5942.71	5942	71	5952.71	5952	71	1
9933.03	9933	3	9943.03	9943	3	5
6213.18	6213	18	6223.18	6223	18	4
9399.9	9399	90	9409.9	9409	90	4
5807.72	5807	72	5817.72	5817	72	4
9255.2	9255	20	9265.2	9265	20	4
9429.13	9429	13	9439.13	9439	13	3
9022.67	9022	67	9032.67	9032	67	1
9713.31	9713	31	9723.31	9723	31	4
5909.13	5909	13	5919.13	5919	13	4
9556.15	9556	15	9566.15	9566	15	3
5935.23	5935	23	5945.23	5945	23	2
7896.12	7896	12	7906.12	7906	12	5
7787.43	7787	43	7797.43	7797	43	3
8417.62	8417	62	8427.62	8427	62	5
6382.47	6382	47	6392.47	6392	47	2
7323.5	7323	50	7333.5	7333	50	5
9668.4	9668	40	9678.4	9678	40	5
7586.9	7586	90	7596.9	7596	90	1
6521.36	6521	36	6531.36	6531	36	4
9196.67	9196	67	9206.67	9206	67	2
6589.53	6589	53	6599.53	6599	53	4
8940.96	8940	96	8950.96	8950	96	3
9608.22	9608	22	9618.22	9618	22	4
5708.74	5708	74	5718.74	5718	74	3
9287.16	9287	16	9297.16	9297	16	1
8779.28	8779	28	8789.28	8789	28	4
6875.22	6875	22	6885.22	6885	22	4
5207.76	5207	76	5217.76	5217	76	5
9551.88	9551	88	9561.88	9561	88	1
6020.16	6020	16	6030.16	6030	16	3
6912.99	6912	99	6922.99	6922	99	2
5246.44	5246	44	5256.44	5256	44	1
7996.86	7996	86	8006.86	8006	86	3
7074.41	7074	41	7084.41	7084	41	5
6053.68	6053	68	6063.68	6063	68	4
7250.06	7250	6	7260.06	7260	6	1
6502.55	6502	55	6512.55	6512	55	4
5074.35	5074	35	5084.35	5084	35	1
7725.37	7725	37	7735.37	7735	37	5
8175.2	8175	20	8185.2	8185	20	4
5393.5	5393	50	5403.5	5403	50	4
9423.12	9423	12	9433.12	9433	12	3
6070.85	6070	85	6080.85	6080	85	5
8943.46	8943	46	8953.46	8953	46	3
7839.75	7839	75	7849.75	7849	75	2
7452.32	7452	32	7462.32	7462	32	1
6265.96	6265	96	6275.96	6275	96	4
8269.15	8269	15	8279.15	8279	15	2
5800.74	5800	74	5810.74	5810	74	3
8549.32	8549	32	8559.32	8559	32	3
7465.34	7465	34	7475.34	7475	34	5
8152.27	8152	27	8162.27	8162	27	4
8251.29	8251	29	8261.29	8261	29	5
7835.08	7835	8	7845.08	7845	8	3
9623.02	9623	2	9633.02	9633	2	1
7538.97	7538	97	7548.97	7548	97	2
7376.36	7376	36	7386.36	7386	36	1
7261.76	7261	76	7271.76	7271	76	5
8508.26	8508	26	8518.26	8518	26	3
6926.77	6926	77	6936.77	6936	77	3
9044.92	9044	92	9054.92	9054	92	4
5419.77	5419	77	5429.77	5429	77	4
7172.21	7172	21	7182.21	7182	21	3
7039.79	7039	79	7049.79	7049	79	2
7493.19	7493	19	7503.19	7503	19	3
8989.89	8989	89	8999.89	8999	89	3
5051.85	5051	85	5061.85	5061	85	2
9759.26	9759	26	9769.26	9769	26	3
9826.24	9826	24	9836.24	9836	24	4
7776.75	7776	75	7786.75	7786	75	1
8696.46	8696	46	8706.46	8706	46	3
5218.27	5218	27	5228.27	5228	27	4
7199.87	7199	87	7209.87	7209	87	3
9766.31	9766	31	9776.31	9776	31	2
9161.73	9161	73	9171.73	9171	73	3
5800.14	5800	14	5810.14	5810	14	2
7981.15	7981	15	7991.15	7991	15	5
6188.21	6188	21	6198.21	6198	21	2
9070.81	9070	81	9080.81	9080	81	5
9544.9	9544	90	9554.9	9554	90	4
9737.05	9737	5	9747.05	9747	5	4
7297.67	7297	67	7307.67	7307	67	4
7696.17	7696	17	7706.17	7706	17	2
7988.86	7988	86	7998.86	7998	86	5
5894.27	5894	27	5904.27	5904	27	3
8081.71	8081	71	8091.71	8091	71	3
6288.84	6288	84	6298.84	6298	84	3
8270.64	8270	64	8280.64	8280	64	5
5341.47	5341	47	5351.47	5351	47	4
9796.62	9796	62	9806.62	9806	62	5
5958.93	5958	93	5968.93	5968	93	2
5147.4	5147	40	5157.4	5157	40	4
5977.39	5977	39	5987.39	5987	39	3
8894.14	8894	14	8904.14	8904	14	2
7186.71	7186	71	7196.71	7196	71	5
9234.58	9234	58	9244.58	9244	58	2
7882.55	7882	55	7892.55	7892	55	4
8000.08	8000	8	8010.08	8010	8	2
8992.84	8992	84	9002.84	9002	84	4
7707.31	7707	31	7717.31	7717	31	4
5776.83	5776	83	5786.83	5786	83	4
7687.83	7687	83	7697.83	7697	83	1
8689.58	8689	58	8699.58	8699	58	2
8738.23	8738	23	8748.23	8748	23	4
8215.66	8215	66	8225.66	8225	66	4
7849.83	7849	83	7859.83	7859	83	2
5300.89	5300	89	5310.89	5310	89	2
6958.82	6958	82	6968.82	6968	82	3
9801.56	9801	56	9811.56	9811	56	3
9370.23	9370	23	9380.23	9380	23	1
6502.24	6502	24	6512.24	6512	24	4
9537.62	9537	62	9547.62	9547	62	3
7429.9	7429	90	7439.9	7439	90	4
9961.41	9961	41	9971.41	9971	41	5
8287.48	8287	48	8297.48	8297	48	4
8323.18	8323	18	8333.18	8333	18	3
8041.13	8041	13	8051.13	8051	13	4
9575.84	9575	84	9585.84	9585	84	1
6592.34	6592	34	6602.34	6602	34	2
9146.12	9146	12	9156.12	9156	12	4
9370.98	9370	98	9380.98	9380	98	5
8314.27	8314	27	8324.27	8324	27	5
9293.04	9293	4	9303.04	9303	4	3
6110.38	6110	38	6120.38	6120	38	2
7207.93	7207	93	7217.93	7217	93	1
7242.75	7242	75	7252.75	7252	75	2
5343.48	5343	48	5353.48	5353	48	3
5088.48	5088	48	5098.48	5098	48	5
5241.84	5241	84	5251.84	5251	84	5
9335.85	9335	85	9345.85	9345	85	3
8558.79	8558	79	8568.79	8568	79	5
6780.19	6780	19	6790.19	6790	19	1
7784.68	7784	68	7794.68	7794	68	5
7246.9	7246	90	7256.9	7256	90	4
6280.94	6280	94	6290.94	6290	94	1
6761.86	6761	86	6771.86	6771	86	5
5858.25	5858	25	5868.25	5868	25	5
6581.84	6581	84	6591.84	6591	84	2
8720.2	8720	20	8730.2	8730	20	3
5658.82	5658	82	5668.82	5668	82	4
5950.07	5950	7	5960.07	5960	7	2
5984.44	5984	44	5994.44	5994	44	3
5957.44	5957	44	5967.44	5967	44	3
8380.49	8380	49	8390.49	8390	49	2
5944.86	5944	86	5954.86	5954	86	2
9245.44	9245	44	9255.44	9255	44	1
7465.19	7465	19	7475.19	7475	19	4
9748.51	9748	51	9758.51	9758	51	3
8819.81	8819	81	8829.81	8829	81	3
9058.05	9058	5	9068.05	9068	5	2
9656.63	9656	63	9666.63	9666	63	1
8952.79	8952	79	8962.79	8962	79	2
7371.84	7371	84	7381.84	7381	84	1
9712.68	9712	68	9722.68	9722	68	5
5061.17	5061	17	5071.17	5071	17	5
5340.77	5340	77	5350.77	5350	77	4
6953.43	6953	43	6963.43	6963	43	4
6167.18	6167	18	6177.18	6177	18	4
5428.77	5428	77	5438.77	5438	77	3
7957.79	7957	79	7967.79	7967	79	3
5501.03	5501	3	5511.03	5511	3	3
9749.57	9749	57	9759.57	9759	57	4
5500.51	5500	51	5510.51	5510	51	5
9048.23	9048	23	9058.23	9058	23	2
6995.99	6995	99	7005.99	7005	99	2
6780.45	6780	45	6790.45	6790	45	2
6571.09	6571	9	6581.09	6581	9	3
8616.24	8616	24	8626.24	8626	24	1
9124.81	9124	81	9134.81	9134	81	3
5290.3	5290	30	5300.3	5300	30	2
9274.06	9274	6	9284.06	9284	6	4
5074.4	5074	40	5084.4	5084	40	1
7037.74	7037	74	7047.74	7047	74	4
5230.02	5230	2	5240.02	5240	2	3
9217.9	9217	90	9227.9	9227	90	4
7981.12	7981	12	7991.12	7991	12	1
9475.99	9475	99	9485.99	9485	99	3
7444.61	7444	61	7454.61	7454	61	4
8492.63	8492	63	8502.63	8502	63	3
9057.8	9057	80	9067.8	9067	80	5
7264.67	7264	67	7274.67	7274	67	5
8147.79	8147	79	8157.79	8157	79	5
8008.59	8008	59	8018.59	8018	59	3
9635.51	9635	51	9645.51	9645	51	3
7858.47	7858	47	7868.47	7868	47	5
8832.29	8832	29	8842.29	8842	29	4
5737.81	5737	81	5747.81	5747	81	1
5573.42	5573	42	5583.42	5583	42	3
9999.99	9999	99	10009.99	10009	99	2
6928.58	6928	58	6938.58	6938	58	5
9294.22	9294	22	9304.22	9304	22	2
6262.02	6262	2	6272.02	6272	2	4
6677.67	6677	67	6687.67	6687	67	3
5556.25	5556	25	5566.25	5566	25	4
6072.25	6072	25	6082.25	6082	25	2
9435.66	9435	66	9445.66	9445	66	5
7336.7	7336	70	7346.7	7346	70	5
7643.86	7643	86	7653.86	7653	86	5
8050.43	8050	43	8060.43	8060	43	2
6460.04	6460	4	6470.04	6470	4	5
8697.68	8697	68	8707.68	8707	68	3
7323.49	7323	49	7333.49	7333	49	3
7297.44	7297	44	7307.44	7307	44	5
5733.95	5733	95	5743.95	5743	95	2
8316.04	8316	4	8326.04	8326	4	5
7276.86	7276	86	7286.86	7286	86	1
9478.07	9478	7	9488.07	9488	7	2
8554.03	8554	3	8564.03	8564	3	5
9720.48	9720	48	9730.48	9730	48	4
8732.23	8732	23	8742.23	8742	23	1
7610.83	7610	83	7620.83	7620	83	4
6984.15	6984	15	6994.15	6994	15	1
6878.02	6878	2	6888.02	6888	2	2
6380.94	6380	94	6390.94	6390	94	4
7381.18	7381	18	7391.18	7391	18	3
5499.01	5499	1	5509.01	5509	1	1
5974.75	5974	75	5984.75	5984	75	2
8882.99	8882	99	8892.99	8892	99	5
6835.43	6835	43	6845.43	6845	43	5
5972.74	5972	74	5982.74	5982	74	1
5809.1	5809	10	5819.1	5819	10	4
6128.17	6128	17	6138.17	6138	17	2
7997.76	7997	76	8007.76	8007	76	1
7486.77	7486	77	7496.77	7496	77	3
6684.42	6684	42	6694.42	6694	42	5
9069.53	9069	53	9079.53	9079	53	3
6920.96	6920	96	6930.96	6930	96	4
9784.65	9784	65	9794.65	9794	65	1
6711.92	6711	92	6721.92	6721	92	4
9970.39	9970	39	9980.39	9980	39	1
7006.69	7006	69	7016.69	7016	69	5
6170.12	6170	12	6180.12	6180	12	3
8055.4	8055	40	8065.4	8065	40	3
5065.13	5065	13	5075.13	5075	13	2
6904.07	6904	7	6914.07	6914	7	4
6371.44	6371	44	6381.44	6381	44	4
7341	7341	0	7351	7351	0	2
7144.67	7144	67	7154.67	7154	67	2
5687.99	5687	99	5697.99	5697	99	3
7823	7823	0	7833	7833	0	5
5875.9	5875	90	5885.9	5885	90	2
8297.82	8297	82	8307.82	8307	82	2
5569.67	5569	67	5579.67	5579	67	5
8516.44	8516	44	8526.44	8526	44	4
5439.29	5439	29	5449.29	5449	29	2
8714.85	8714	85	8724.85	8724	85	4
9015.45	9015	45	9025.45	9025	45	1
6413.04	6413	4	6423.04	6423	4	3
7595.37	7595	37	7605.37	7605	37	3
6613.4	6613	40	6623.4	6623	40	1
8148.31	8148	31	8158.31	8158	31	5
8404.99	8404	99	8414.99	8414	99	3
8504.58	8504	58	8514.58	8514	58	4
6144.59	6144	59	6154.59	6154	59	1
6653.76	6653	76	6663.76	6663	76	1
5951.52	5951	52	5961.52	5961	52	5
5212.65	5212	65	5222.65	5222	65	5
8573.24	8573	24	8583.24	8583	24	1
5734.17	5734	17	5744.17	5744	17	5
7686.57	7686	57	7696.57	7696	57	5
8543.15	8543	15	8553.15	8553	15	1
8503.38	8503	38	8513.38	8513	38	2
8857.69	8857	69	8867.69	8867	69	2
7360.56	7360	56	7370.56	7370	56	5
8568.04	8568	4	8578.04	8578	4	3
6523.29	6523	29	6533.29	6533	29	1
8731.52	8731	52	8741.52	8741	52	4
6671.56	6671	56	6681.56	6681	56	1
8667.96	8667	96	8677.96	8677	96	2
5180.52	5180	52	5190.52	5190	52	1
5256.56	5256	56	5266.56	5266	56	2
5304.38	5304	38	5314.38	5314	38	1
9240.86	9240	86	9250.86	9250	86	4
6589.23	6589	23	6599.23	6599	23	2
9583.34	9583	34	9593.34	9593	34	4
9679.67	9679	67	9689.67	9689	67	5
5302.08	5302	8	5312.08	5312	8	2
8598.79	8598	79	8608.79	8608	79	1
6091.72	6091	72	6101.72	6101	72	5
8660.97	8660	97	8670.97	8670	97	5
5973.71	5973	71	5983.71	5983	71	1
5001.55	5001	55	5011.55	5011	55	4
7826.96	7826	96	7836.96	7836	96	4
9477.29	9477	29	9487.29	9487	29	1
6145.14	6145	14	6155.14	6155	14	1
9479.25	9479	25	9489.25	9489	25	1
5427.34	5427	34	5437.34	5437	34	5
6357.79	6357	79	6367.79	6367	79	5
8052.49	8052	49	8062.49	8062	49	2
6924.51	6924	51	6934.51	6934	51	5
9044.36	9044	36	9054.36	9054	36	4
stocks
9583.34	9583	34	1
