items_number
200
stocks_number
1
digit
2
items
96.23	96	23	96.23	96	23	1
63.1	63	10	63.1	63	10	1
76.8	76	80	76.8	76	80	2
57.8	57	80	57.8	57	80	5
87.56	87	56	87.56	87	56	2
79.69	79	69	79.69	79	69	5
61.42	61	42	61.42	61	42	3
61.62	61	62	61.62	61	62	5
94.13	94	13	94.13	94	13	1
51.37	51	37	51.37	51	37	2
61.51	61	51	61.51	61	51	1
61.73	61	73	61.73	61	73	5
63.76	63	76	63.76	63	76	2
74.07	74	7	74.07	74	7	1
86.97	86	97	86.97	86	97	3
60.3	60	30	60.3	60	30	4
92.62	92	62	92.62	92	62	1
62.89	62	89	62.89	62	89	5
80.29	80	29	80.29	80	29	1
80.04	80	4	80.04	80	4	4
67.43	67	43	67.43	67	43	5
93.75	93	75	93.75	93	75	5
58.22	58	22	58.22	58	22	1
66.36	66	36	66.36	66	36	2
51.36	51	36	51.36	51	36	5
61.59	61	59	61.59	61	59	3
90.71	90	71	90.71	90	71	1
86.63	86	63	86.63	86	63	4
61.42	61	42	61.42	61	42	4
92.67	92	67	92.67	92	67	1
67.88	67	88	67.88	67	88	3
81.17	81	17	81.17	81	17	1
54.29	54	29	54.29	54	29	1
67.2	67	20	67.2	67	20	5
62.5	62	50	62.5	62	50	1
65.86	65	86	65.86	65	86	2
96.41	96	41	96.41	96	41	1
98.92	98	92	98.92	98	92	5
51	51	0	51	51	0	4
90.54	90	54	90.54	90	54	4
99.29	99	29	99.29	99	29	2
62.51	62	51	62.51	62	51	1
75.79	75	79	75.79	75	79	3
86.58	86	58	86.58	86	58	5
61.58	61	58	61.58	61	58	2
85.29	85	29	85.29	85	29	3
97.4	97	40	97.4	97	40	3
77.72	77	72	77.72	77	72	2
97.18	97	18	97.18	97	18	2
76.22	76	22	76.22	76	22	5
56.28	56	28	56.28	56	28	5
63.61	63	61	63.61	63	61	4
93.97	93	97	93.97	93	97	5
89.51	89	51	89.51	89	51	2
53.49	53	49	53.49	53	49	5
69.33	69	33	69.33	69	33	1
74.62	74	62	74.62	74	62	1
67.2	67	20	67.2	67	20	2
54.96	54	96	54.96	54	96	2
59.04	59	4	59.04	59	4	5
83.39	83	39	83.39	83	39	3
96.36	96	36	96.36	96	36	4
90.22	90	22	90.22	90	22	2
87.68	87	68	87.68	87	68	5
63.56	63	56	63.56	63	56	5
77.72	77	72	77.72	77	72	4
77.06	77	6	77.06	77	6	4
83.97	83	97	83.97	83	97	1
74.64	74	64	74.64	74	64	4
78.06	78	6	78.06	78	6	2
97.03	97	3	97.03	97	3	4
98.45	98	45	98.45	98	45	2
64.09	64	9	64.09	64	9	2
72.35	72	35	72.35	72	35	3
83.55	83	55	83.55	83	55	3
100.19	100	19	100.19	100	19	3
81.64	81	64	81.64	81	64	5
79.96	79	96	79.96	79	96	5
76.44	76	44	76.44	76	44	1
78.34	78	34	78.34	78	34	4
79.18	79	18	79.18	79	18	2
83.72	83	72	83.72	83	72	2
65.95	65	95	65.95	65	95	2
72.15	72	15	72.15	72	15	3
71.75	71	75	71.75	71	75	4
94.96	94	96	94.96	94	96	1
91.48	91	48	91.48	91	48	3
96.37	96	37	96.37	96	37	4
60.16	60	16	60.16	60	16	5
69.44	69	44	69.44	69	44	4
54.42	54	42	54.42	54	42	5
94.07	94	7	94.07	94	7	4
65.33	65	33	65.33	65	33	3
69.16	69	16	69.16	69	16	2
54.75	54	75	54.75	54	75	3
52.89	52	89	52.89	52	89	4
96.88	96	88	96.88	96	88	5
81.34	81	34	81.34	81	34	1
59.39	59	39	59.39	59	39	4
94.04	94	4	94.04	94	4	5
83.92	83	92	83.92	83	92	4
56.42	56	42	56.42	56	42	4
91.01	91	1	91.01	91	1	3
72.02	72	2	72.02	72	2	1
52.77	52	77	52.77	52	77	2
99.57	99	57	99.57	99	57	5
71.73	71	73	71.73	71	73	5
83.41	83	41	83.41	83	41	3
51.53	51	53	51.53	51	53	2
98.17	98	17	98.17	98	17	1
85.75	85	75	85.75	85	75	3
81.23	81	23	81.23	81	23	5
54.42	54	42	54.42	54	42	2
50.22	50	22	50.22	50	22	4
52.38	52	38	52.38	52	38	2
75.17	75	17	75.17	75	17	2
68.18	68	18	68.18	68	18	2
93.38	93	38	93.38	93	38	4
95.55	95	55	95.55	95	55	3
78.86	78	86	78.86	78	86	1
86.34	86	34	86.34	86	34	3
74.49	74	49	74.49	74	49	2
96.93	96	93	96.93	96	93	1
75.67	75	67	75.67	75	67	2
93.65	93	65	93.65	93	65	5
50.21	50	21	50.21	50	21	3
77.57	77	57	77.57	77	57	5
62.05	62	5	62.05	62	5	2
55.55	55	55	55.55	55	55	1
61.96	61	96	61.96	61	96	1
80.61	80	61	80.61	80	61	3
63.99	63	99	63.99	63	99	4
92.9	92	90	92.9	92	90	4
96.62	96	62	96.62	96	62	1
85.01	85	1	85.01	85	1	1
94.68	94	68	94.68	94	68	2
94.71	94	71	94.71	94	71	2
55.27	55	27	55.27	55	27	1
50.61	50	61	50.61	50	61	2
95.24	95	24	95.24	95	24	5
77.96	77	96	77.96	77	96	3
60.89	60	89	60.89	60	89	4
75.99	75	99	75.99	75	99	4
81.38	81	38	81.38	81	38	1
85.63	85	63	85.63	85	63	5
51.37	51	37	51.37	51	37	5
81.56	81	56	81.56	81	56	3
52.34	52	34	52.34	52	34	1
94.75	94	75	94.75	94	75	1
75.63	75	63	75.63	75	63	5
80.2	80	20	80.2	80	20	3
54.62	54	62	54.62	54	62	5
73.12	73	12	73.12	73	12	3
76.66	76	66	76.66	76	66	3
79.29	79	29	79.29	79	29	1
65.29	65	29	65.29	65	29	5
50.39	50	39	50.39	50	39	2
81.38	81	38	81.38	81	38	2
51.86	51	86	51.86	51	86	1
55.46	55	46	55.46	55	46	4
92.34	92	34	92.34	92	34	2
56.47	56	47	56.47	56	47	5
68.45	68	45	68.45	68	45	3
57.25	57	25	57.25	57	25	3
51.61	51	61	51.61	51	61	2
77.99	77	99	77.99	77	99	3
75.45	75	45	75.45	75	45	1
95.33	95	33	95.33	95	33	4
83.26	83	26	83.26	83	26	5
75.58	75	58	75.58	75	58	2
63.09	63	9	63.09	63	9	5
59.74	59	74	59.74	59	74	2
59.47	59	47	59.47	59	47	3
89.09	89	9	89.09	89	9	1
65.13	65	13	65.13	65	13	3
94.63	94	63	94.63	94	63	2
90.98	90	98	90.98	90	98	5
96.69	96	69	96.69	96	69	2
96.97	96	97	96.97	96	97	4
58.26	58	26	58.26	58	26	2
70.84	70	84	70.84	70	84	3
50.69	50	69	50.69	50	69	3
62.88	62	88	62.88	62	88	1
94.96	94	96	94.96	94	96	2
76.35	76	35	76.35	76	35	2
65.17	65	17	65.17	65	17	3
83.77	83	77	83.77	83	77	1
50.26	50	26	50.26	50	26	3
96.56	96	56	96.56	96	56	5
59.63	59	63	59.63	59	63	3
80.72	80	72	80.72	80	72	2
61.42	61	42	61.42	61	42	3
65.62	65	62	65.62	65	62	3
99.7	99	70	99.7	99	70	1
68.19	68	19	68.19	68	19	2
66.23	66	23	66.23	66	23	4
100.69	100	69	100.69	100	69	5
93.16	93	16	93.16	93	16	3
85.08	85	8	85.08	85	8	4
82.47	82	47	82.47	82	47	5
stocks
163.32	163	32	1
