items_number
300
stocks_number
1
digit
2
items
975.21	975	21	975.21	975	21	4
572.52	572	52	572.52	572	52	1
739.32	739	32	739.32	739	32	2
874.27	874	27	874.27	874	27	1
786.21	786	21	786.21	786	21	3
595.31	595	31	595.31	595	31	2
786.15	786	15	786.15	786	15	2
762.42	762	42	762.42	762	42	5
821.69	821	69	821.69	821	69	3
513.1	513	10	513.1	513	10	3
737.74	737	74	737.74	737	74	5
916.86	916	86	916.86	916	86	3
962.06	962	6	962.06	962	6	4
726.83	726	83	726.83	726	83	4
849.9	849	90	849.9	849	90	4
1000.4	1000	40	1000.4	1000	40	1
619.24	619	24	619.24	619	24	2
705.87	705	87	705.87	705	87	5
940.41	940	41	940.41	940	41	2
605.54	605	54	605.54	605	54	1
991.54	991	54	991.54	991	54	3
760.56	760	56	760.56	760	56	2
812.4	812	40	812.4	812	40	5
561.16	561	16	561.16	561	16	3
769.45	769	45	769.45	769	45	2
625.15	625	15	625.15	625	15	4
927.97	927	97	927.97	927	97	2
652.85	652	85	652.85	652	85	5
899.15	899	15	899.15	899	15	3
551.13	551	13	551.13	551	13	4
571.25	571	25	571.25	571	25	3
873.88	873	88	873.88	873	88	3
623.66	623	66	623.66	623	66	4
810.1	810	10	810.1	810	10	1
993.16	993	16	993.16	993	16	3
909.39	909	39	909.39	909	39	2
652.41	652	41	652.41	652	41	5
524.83	524	83	524.83	524	83	1
918.81	918	81	918.81	918	81	1
973.11	973	11	973.11	973	11	2
537.93	537	93	537.93	537	93	3
654.55	654	55	654.55	654	55	2
888.97	888	97	888.97	888	97	2
999	999	0	999	999	0	1
627.91	627	91	627.91	627	91	3
984.87	984	87	984.87	984	87	5
745.92	745	92	745.92	745	92	3
993.67	993	67	993.67	993	67	4
935.26	935	26	935.26	935	26	1
684.33	684	33	684.33	684	33	1
597.73	597	73	597.73	597	73	1
925.8	925	80	925.8	925	80	5
690.41	690	41	690.41	690	41	4
655.14	655	14	655.14	655	14	2
733.96	733	96	733.96	733	96	4
959.38	959	38	959.38	959	38	5
780.81	780	81	780.81	780	81	5
659.93	659	93	659.93	659	93	5
857.76	857	76	857.76	857	76	1
678.96	678	96	678.96	678	96	4
957.59	957	59	957.59	957	59	4
928.53	928	53	928.53	928	53	5
798.37	798	37	798.37	798	37	1
579.25	579	25	579.25	579	25	4
985.63	985	63	985.63	985	63	1
790.53	790	53	790.53	790	53	5
735.64	735	64	735.64	735	64	5
636.05	636	5	636.05	636	5	2
815.88	815	88	815.88	815	88	5
652.97	652	97	652.97	652	97	2
855.68	855	68	855.68	855	68	5
852.81	852	81	852.81	852	81	4
552.53	552	53	552.53	552	53	4
989.65	989	65	989.65	989	65	1
597.33	597	33	597.33	597	33	4
679.96	679	96	679.96	679	96	1
972.04	972	4	972.04	972	4	2
588.78	588	78	588.78	588	78	4
671.15	671	15	671.15	671	15	1
653.82	653	82	653.82	653	82	5
518.63	518	63	518.63	518	63	1
515.89	515	89	515.89	515	89	3
824.14	824	14	824.14	824	14	4
708.05	708	5	708.05	708	5	5
670.55	670	55	670.55	670	55	5
556.1	556	10	556.1	556	10	5
666.95	666	95	666.95	666	95	4
697.36	697	36	697.36	697	36	4
963.56	963	56	963.56	963	56	1
522.71	522	71	522.71	522	71	5
621.85	621	85	621.85	621	85	5
919.15	919	15	919.15	919	15	4
697.77	697	77	697.77	697	77	4
919.22	919	22	919.22	919	22	5
999.92	999	92	999.92	999	92	3
681.4	681	40	681.4	681	40	1
709.27	709	27	709.27	709	27	5
980.56	980	56	980.56	980	56	4
563.97	563	97	563.97	563	97	4
523.15	523	15	523.15	523	15	4
631.53	631	53	631.53	631	53	1
918.65	918	65	918.65	918	65	4
621.96	621	96	621.96	621	96	3
683.58	683	58	683.58	683	58	4
906.82	906	82	906.82	906	82	4
718.82	718	82	718.82	718	82	3
609.06	609	6	609.06	609	6	1
624.86	624	86	624.86	624	86	3
552.6	552	60	552.6	552	60	3
780.22	780	22	780.22	780	22	1
777.2	777	20	777.2	777	20	2
570.23	570	23	570.23	570	23	4
541.63	541	63	541.63	541	63	3
847.34	847	34	847.34	847	34	2
778.8	778	80	778.8	778	80	3
959.18	959	18	959.18	959	18	2
904.97	904	97	904.97	904	97	3
690.76	690	76	690.76	690	76	3
655.06	655	6	655.06	655	6	3
612.53	612	53	612.53	612	53	4
713.99	713	99	713.99	713	99	4
522.91	522	91	522.91	522	91	4
530.2	530	20	530.2	530	20	4
656.76	656	76	656.76	656	76	5
942.13	942	13	942.13	942	13	3
775.64	775	64	775.64	775	64	3
837.69	837	69	837.69	837	69	2
897.4	897	40	897.4	897	40	2
754.72	754	72	754.72	754	72	2
900.66	900	66	900.66	900	66	1
666.55	666	55	666.55	666	55	3
631.77	631	77	631.77	631	77	4
563.32	563	32	563.32	563	32	4
787.04	787	4	787.04	787	4	2
561.88	561	88	561.88	561	88	2
969.14	969	14	969.14	969	14	4
752.86	752	86	752.86	752	86	1
670.94	670	94	670.94	670	94	4
592.53	592	53	592.53	592	53	1
804.98	804	98	804.98	804	98	4
696.68	696	68	696.68	696	68	1
615.73	615	73	615.73	615	73	4
875.21	875	21	875.21	875	21	2
738.83	738	83	738.83	738	83	3
709.6	709	60	709.6	709	60	3
899.54	899	54	899.54	899	54	1
696.01	696	1	696.01	696	1	2
859.57	859	57	859.57	859	57	5
589.82	589	82	589.82	589	82	5
597.08	597	8	597.08	597	8	1
971.62	971	62	971.62	971	62	5
548.81	548	81	548.81	548	81	4
619.51	619	51	619.51	619	51	4
500.34	500	34	500.34	500	34	4
704.1	704	10	704.1	704	10	5
560.65	560	65	560.65	560	65	3
522.98	522	98	522.98	522	98	1
787.79	787	79	787.79	787	79	1
703.05	703	5	703.05	703	5	5
776.7	776	70	776.7	776	70	4
933.45	933	45	933.45	933	45	1
869.13	869	13	869.13	869	13	4
654.47	654	47	654.47	654	47	2
996.29	996	29	996.29	996	29	4
656.17	656	17	656.17	656	17	5
715.35	715	35	715.35	715	35	5
710.96	710	96	710.96	710	96	3
654.55	654	55	654.55	654	55	5
885.82	885	82	885.82	885	82	3
549.01	549	1	549.01	549	1	5
958.53	958	53	958.53	958	53	5
580.02	580	2	580.02	580	2	3
664.26	664	26	664.26	664	26	1
578.26	578	26	578.26	578	26	3
564.86	564	86	564.86	564	86	3
619.86	619	86	619.86	619	86	3
978.32	978	32	978.32	978	32	5
760.39	760	39	760.39	760	39	1
978.43	978	43	978.43	978	43	4
813.14	813	14	813.14	813	14	5
603.99	603	99	603.99	603	99	3
948.05	948	5	948.05	948	5	1
861.48	861	48	861.48	861	48	5
723.51	723	51	723.51	723	51	3
695.91	695	91	695.91	695	91	4
811.58	811	58	811.58	811	58	4
529.16	529	16	529.16	529	16	5
717.89	717	89	717.89	717	89	1
844.89	844	89	844.89	844	89	4
733.73	733	73	733.73	733	73	1
993.59	993	59	993.59	993	59	5
776.34	776	34	776.34	776	34	5
601.86	601	86	601.86	601	86	4
893.59	893	59	893.59	893	59	3
517.16	517	16	517.16	517	16	3
503.55	503	55	503.55	503	55	5
607.46	607	46	607.46	607	46	3
727.64	727	64	727.64	727	64	2
657.62	657	62	657.62	657	62	2
992.28	992	28	992.28	992	28	2
776.65	776	65	776.65	776	65	4
862.67	862	67	862.67	862	67	3
819.31	819	31	819.31	819	31	5
687.91	687	91	687.91	687	91	4
940.46	940	46	940.46	940	46	1
883.17	883	17	883.17	883	17	4
806.78	806	78	806.78	806	78	3
663.78	663	78	663.78	663	78	5
890.56	890	56	890.56	890	56	4
784.73	784	73	784.73	784	73	3
722.93	722	93	722.93	722	93	1
993.08	993	8	993.08	993	8	3
978.31	978	31	978.31	978	31	3
582.41	582	41	582.41	582	41	5
962.59	962	59	962.59	962	59	5
672.22	672	22	672.22	672	22	3
639.51	639	51	639.51	639	51	3
992.75	992	75	992.75	992	75	4
889.12	889	12	889.12	889	12	4
983.4	983	40	983.4	983	40	2
724	724	0	724	724	0	2
628.23	628	23	628.23	628	23	5
504.26	504	26	504.26	504	26	1
571.87	571	87	571.87	571	87	2
520.34	520	34	520.34	520	34	2
521.42	521	42	521.42	521	42	5
575.94	575	94	575.94	575	94	2
628.81	628	81	628.81	628	81	1
749.06	749	6	749.06	749	6	4
732.57	732	57	732.57	732	57	5
866.61	866	61	866.61	866	61	3
771.23	771	23	771.23	771	23	2
593.76	593	76	593.76	593	76	2
684.44	684	44	684.44	684	44	4
958.15	958	15	958.15	958	15	5
780.22	780	22	780.22	780	22	2
814.61	814	61	814.61	814	61	2
510.45	510	45	510.45	510	45	4
689.01	689	1	689.01	689	1	4
703.7	703	70	703.7	703	70	2
794.18	794	18	794.18	794	18	1
912.46	912	46	912.46	912	46	4
942.78	942	78	942.78	942	78	1
771.49	771	49	771.49	771	49	4
740.87	740	87	740.87	740	87	4
904.89	904	89	904.89	904	89	5
944.72	944	72	944.72	944	72	1
880.38	880	38	880.38	880	38	1
895.64	895	64	895.64	895	64	5
578.36	578	36	578.36	578	36	4
608.3	608	30	608.3	608	30	4
865.64	865	64	865.64	865	64	1
706.11	706	11	706.11	706	11	5
613.56	613	56	613.56	613	56	4
936.03	936	3	936.03	936	3	3
727.46	727	46	727.46	727	46	4
634.51	634	51	634.51	634	51	1
510.5	510	50	510.5	510	50	1
601.79	601	79	601.79	601	79	4
629.09	629	9	629.09	629	9	4
990.59	990	59	990.59	990	59	5
967.4	967	40	967.4	967	40	1
901.33	901	33	901.33	901	33	5
829.35	829	35	829.35	829	35	3
898.37	898	37	898.37	898	37	1
604.48	604	48	604.48	604	48	1
608.58	608	58	608.58	608	58	5
711.5	711	50	711.5	711	50	4
614.45	614	45	614.45	614	45	4
798.59	798	59	798.59	798	59	5
914.2	914	20	914.2	914	20	5
654.63	654	63	654.63	654	63	4
956.57	956	57	956.57	956	57	3
601.5	601	50	601.5	601	50	5
672.65	672	65	672.65	672	65	4
695.44	695	44	695.44	695	44	3
504.91	504	91	504.91	504	91	1
615.89	615	89	615.89	615	89	5
821.34	821	34	821.34	821	34	1
645.55	645	55	645.55	645	55	1
693.25	693	25	693.25	693	25	5
930.16	930	16	930.16	930	16	4
756.72	756	72	756.72	756	72	3
646.88	646	88	646.88	646	88	5
542.72	542	72	542.72	542	72	5
939.27	939	27	939.27	939	27	5
619.86	619	86	619.86	619	86	3
923.23	923	23	923.23	923	23	5
949.77	949	77	949.77	949	77	2
720.17	720	17	720.17	720	17	3
552.85	552	85	552.85	552	85	5
684.36	684	36	684.36	684	36	3
686.1	686	10	686.1	686	10	1
699.18	699	18	699.18	699	18	1
513.24	513	24	513.24	513	24	1
583.47	583	47	583.47	583	47	1
549.18	549	18	549.18	549	18	3
621.82	621	82	621.82	621	82	2
540.97	540	97	540.97	540	97	5
664.63	664	63	664.63	664	63	1
stocks
2209.29	2209	29	1
