items_number
350
stocks_number
1
digit
2
items
8640.62	8640	62	8640.62	8640	62	1
5746.58	5746	58	5746.58	5746	58	2
6477.8	6477	80	6477.8	6477	80	3
7983.49	7983	49	7983.49	7983	49	2
6558.88	6558	88	6558.88	6558	88	4
9852.39	9852	39	9852.39	9852	39	2
5036.63	5036	63	5036.63	5036	63	4
7267.99	7267	99	7267.99	7267	99	2
7069.77	7069	77	7069.77	7069	77	3
8171.61	8171	61	8171.61	8171	61	2
6279.41	6279	41	6279.41	6279	41	4
5089.75	5089	75	5089.75	5089	75	4
5329.23	5329	23	5329.23	5329	23	1
7785.2	7785	20	7785.2	7785	20	4
8644.57	8644	57	8644.57	8644	57	5
9257.32	9257	32	9257.32	9257	32	1
7977.7	7977	70	7977.7	7977	70	1
8026.33	8026	33	8026.33	8026	33	1
8694.46	8694	46	8694.46	8694	46	3
8044.12	8044	12	8044.12	8044	12	4
9412.36	9412	36	9412.36	9412	36	1
6720.04	6720	4	6720.04	6720	4	3
9014.03	9014	3	9014.03	9014	3	5
7202.2	7202	20	7202.2	7202	20	2
9647.96	9647	96	9647.96	9647	96	4
5609.86	5609	86	5609.86	5609	86	1
8582.68	8582	68	8582.68	8582	68	3
7200.6	7200	60	7200.6	7200	60	5
6518.05	6518	5	6518.05	6518	5	5
5774.09	5774	9	5774.09	5774	9	2
5384.62	5384	62	5384.62	5384	62	4
5921.19	5921	19	5921.19	5921	19	5
7283.19	7283	19	7283.19	7283	19	3
7624.94	7624	94	7624.94	7624	94	1
9667.68	9667	68	9667.68	9667	68	3
8841.07	8841	7	8841.07	8841	7	3
7475.34	7475	34	7475.34	7475	34	4
9703.83	9703	83	9703.83	9703	83	1
6107.59	6107	59	6107.59	6107	59	4
9545.63	9545	63	9545.63	9545	63	2
8637.44	8637	44	8637.44	8637	44	4
8149	8149	0	8149	8149	0	4
9634.38	9634	38	9634.38	9634	38	2
8966.67	8966	67	8966.67	8966	67	5
6697.2	6697	20	6697.2	6697	20	2
9040.96	9040	96	9040.96	9040	96	3
8985.52	8985	52	8985.52	8985	52	5
9674.91	9674	91	9674.91	9674	91	5
7066.81	7066	81	7066.81	7066	81	1
8441.5	8441	50	8441.5	8441	50	2
7717.55	7717	55	7717.55	7717	55	3
7240.7	7240	70	7240.7	7240	70	1
5160.07	5160	7	5160.07	5160	7	1
7494.58	7494	58	7494.58	7494	58	4
9442.9	9442	90	9442.9	9442	90	2
5569.03	5569	3	5569.03	5569	3	1
8866.96	8866	96	8866.96	8866	96	4
8786.1	8786	10	8786.1	8786	10	1
8533.16	8533	16	8533.16	8533	16	5
5383.01	5383	1	5383.01	5383	1	5
9560.19	9560	19	9560.19	9560	19	2
8917.78	8917	78	8917.78	8917	78	5
7067.2	7067	20	7067.2	7067	20	1
6842.91	6842	91	6842.91	6842	91	1
6540.72	6540	72	6540.72	6540	72	3
6734.4	6734	40	6734.4	6734	40	4
6445.5	6445	50	6445.5	6445	50	4
9778.58	9778	58	9778.58	9778	58	1
6436.24	6436	24	6436.24	6436	24	1
8315.09	8315	9	8315.09	8315	9	4
9322.21	9322	21	9322.21	9322	21	4
5072.2	5072	20	5072.2	5072	20	5
6464.61	6464	61	6464.61	6464	61	3
9718.6	9718	60	9718.6	9718	60	3
9801.4	9801	40	9801.4	9801	40	4
8161.34	8161	34	8161.34	8161	34	1
8758.08	8758	8	8758.08	8758	8	5
9548.92	9548	92	9548.92	9548	92	5
8597.77	8597	77	8597.77	8597	77	2
6586.41	6586	41	6586.41	6586	41	2
7988.42	7988	42	7988.42	7988	42	3
7076.32	7076	32	7076.32	7076	32	1
8826.11	8826	11	8826.11	8826	11	2
8911.49	8911	49	8911.49	8911	49	5
9570.42	9570	42	9570.42	9570	42	4
9030.53	9030	53	9030.53	9030	53	5
9481.05	9481	5	9481.05	9481	5	2
9198.38	9198	38	9198.38	9198	38	4
7815.63	7815	63	7815.63	7815	63	1
8013.21	8013	21	8013.21	8013	21	3
5344.39	5344	39	5344.39	5344	39	5
8137.35	8137	35	8137.35	8137	35	4
7692.51	7692	51	7692.51	7692	51	3
7411.11	7411	11	7411.11	7411	11	1
5741.26	5741	26	5741.26	5741	26	5
9995.23	9995	23	9995.23	9995	23	5
9908.03	9908	3	9908.03	9908	3	1
7186.28	7186	28	7186.28	7186	28	5
9772.82	9772	82	9772.82	9772	82	5
7107.79	7107	79	7107.79	7107	79	3
6263.9	6263	90	6263.9	6263	90	5
9857.55	9857	55	9857.55	9857	55	1
7179.52	7179	52	7179.52	7179	52	2
7727.51	7727	51	7727.51	7727	51	4
5336.67	5336	67	5336.67	5336	67	3
7743.92	7743	92	7743.92	7743	92	2
6650.37	6650	37	6650.37	6650	37	5
9857.27	9857	27	9857.27	9857	27	4
8053.84	8053	84	8053.84	8053	84	3
5246.14	5246	14	5246.14	5246	14	3
7205.69	7205	69	7205.69	7205	69	1
6041.78	6041	78	6041.78	6041	78	5
7323.98	7323	98	7323.98	7323	98	4
6793.8	6793	80	6793.8	6793	80	2
5714.8	5714	80	5714.8	5714	80	1
7655.4	7655	40	7655.4	7655	40	2
5822.34	5822	34	5822.34	5822	34	4
5957.85	5957	85	5957.85	5957	85	2
6853.78	6853	78	6853.78	6853	78	3
9400.49	9400	49	9400.49	9400	49	4
9733.58	9733	58	9733.58	9733	58	5
7197.69	7197	69	7197.69	7197	69	2
7536.84	7536	84	7536.84	7536	84	2
7424.09	7424	9	7424.09	7424	9	2
5370.32	5370	32	5370.32	5370	32	2
8277.62	8277	62	8277.62	8277	62	3
8181.84	8181	84	8181.84	8181	84	1
5278.88	5278	88	5278.88	5278	88	4
6225.91	6225	91	6225.91	6225	91	4
7953.66	7953	66	7953.66	7953	66	2
7385.67	7385	67	7385.67	7385	67	2
7489.81	7489	81	7489.81	7489	81	4
8572.74	8572	74	8572.74	8572	74	2
5326.19	5326	19	5326.19	5326	19	5
5978.84	5978	84	5978.84	5978	84	2
8908.93	8908	93	8908.93	8908	93	1
8832.63	8832	63	8832.63	8832	63	2
7629.22	7629	22	7629.22	7629	22	3
9528.21	9528	21	9528.21	9528	21	5
6885.47	6885	47	6885.47	6885	47	1
8638.88	8638	88	8638.88	8638	88	3
6732.9	6732	90	6732.9	6732	90	5
8689.78	8689	78	8689.78	8689	78	1
6723.87	6723	87	6723.87	6723	87	1
8526.7	8526	70	8526.7	8526	70	3
9403.58	9403	58	9403.58	9403	58	1
5141.79	5141	79	5141.79	5141	79	4
9348.56	9348	56	9348.56	9348	56	1
6123.43	6123	43	6123.43	6123	43	5
7757.58	7757	58	7757.58	7757	58	1
9511.58	9511	58	9511.58	9511	58	1
5855.53	5855	53	5855.53	5855	53	4
5716.79	5716	79	5716.79	5716	79	5
7046.42	7046	42	7046.42	7046	42	5
9043.62	9043	62	9043.62	9043	62	5
6086.64	6086	64	6086.64	6086	64	1
6086.57	6086	57	6086.57	6086	57	2
7223.46	7223	46	7223.46	7223	46	2
7127.52	7127	52	7127.52	7127	52	2
7311	7311	0	7311	7311	0	3
5938.65	5938	65	5938.65	5938	65	3
5274.19	5274	19	5274.19	5274	19	3
9800.33	9800	33	9800.33	9800	33	1
5272.91	5272	91	5272.91	5272	91	2
6364.91	6364	91	6364.91	6364	91	2
6541.69	6541	69	6541.69	6541	69	4
9181.84	9181	84	9181.84	9181	84	2
5195.54	5195	54	5195.54	5195	54	5
9170.91	9170	91	9170.91	9170	91	4
9471.05	9471	5	9471.05	9471	5	1
7080.54	7080	54	7080.54	7080	54	1
8570.8	8570	80	8570.8	8570	80	3
6202.47	6202	47	6202.47	6202	47	2
6531.32	6531	32	6531.32	6531	32	3
6056.19	6056	19	6056.19	6056	19	3
5490.7	5490	70	5490.7	5490	70	5
6697.9	6697	90	6697.9	6697	90	5
6197.98	6197	98	6197.98	6197	98	3
5601.26	5601	26	5601.26	5601	26	2
7820.85	7820	85	7820.85	7820	85	4
8954.08	8954	8	8954.08	8954	8	1
5111.84	5111	84	5111.84	5111	84	3
9438.38	9438	38	9438.38	9438	38	2
9670.4	9670	40	9670.4	9670	40	5
7157.79	7157	79	7157.79	7157	79	4
8480.52	8480	52	8480.52	8480	52	3
6518.04	6518	4	6518.04	6518	4	2
8243.88	8243	88	8243.88	8243	88	2
6466.5	6466	50	6466.5	6466	50	4
9409.56	9409	56	9409.56	9409	56	3
6317.88	6317	88	6317.88	6317	88	4
7404.67	7404	67	7404.67	7404	67	4
9683.27	9683	27	9683.27	9683	27	2
6879.73	6879	73	6879.73	6879	73	1
7677.58	7677	58	7677.58	7677	58	5
6046.18	6046	18	6046.18	6046	18	1
8420.42	8420	42	8420.42	8420	42	2
7620.95	7620	95	7620.95	7620	95	1
6242.25	6242	25	6242.25	6242	25	2
8352.86	8352	86	8352.86	8352	86	5
7853	7853	0	7853	7853	0	4
9085.79	9085	79	9085.79	9085	79	4
6922.66	6922	66	6922.66	6922	66	2
9055	9055	0	9055	9055	0	5
6379.11	6379	11	6379.11	6379	11	1
7978.37	7978	37	7978.37	7978	37	1
5308.7	5308	70	5308.7	5308	70	1
8076.53	8076	53	8076.53	8076	53	1
9938.87	9938	87	9938.87	9938	87	5
5909.48	5909	48	5909.48	5909	48	3
6658.38	6658	38	6658.38	6658	38	1
8891.96	8891	96	8891.96	8891	96	5
6020.33	6020	33	6020.33	6020	33	2
6095.28	6095	28	6095.28	6095	28	5
9323.36	9323	36	9323.36	9323	36	1
8940.64	8940	64	8940.64	8940	64	5
5338.8	5338	80	5338.8	5338	80	4
6603.4	6603	40	6603.4	6603	40	3
7946.04	7946	4	7946.04	7946	4	1
6804.82	6804	82	6804.82	6804	82	5
6011.48	6011	48	6011.48	6011	48	2
9263.92	9263	92	9263.92	9263	92	2
9971.5	9971	50	9971.5	9971	50	3
5694.75	5694	75	5694.75	5694	75	1
6904.17	6904	17	6904.17	6904	17	2
8410.08	8410	8	8410.08	8410	8	4
7503.46	7503	46	7503.46	7503	46	1
5324.59	5324	59	5324.59	5324	59	3
6792.03	6792	3	6792.03	6792	3	1
9508.71	9508	71	9508.71	9508	71	2
8676.45	8676	45	8676.45	8676	45	4
9645.56	9645	56	9645.56	9645	56	4
8593.02	8593	2	8593.02	8593	2	1
6360.63	6360	63	6360.63	6360	63	2
9463.56	9463	56	9463.56	9463	56	4
5734.65	5734	65	5734.65	5734	65	3
5100.52	5100	52	5100.52	5100	52	2
9771.26	9771	26	9771.26	9771	26	4
8810.18	8810	18	8810.18	8810	18	5
5037.4	5037	40	5037.4	5037	40	4
5679.26	5679	26	5679.26	5679	26	3
5467.08	5467	8	5467.08	5467	8	1
9691.36	9691	36	9691.36	9691	36	5
7462.11	7462	11	7462.11	7462	11	1
7325.36	7325	36	7325.36	7325	36	2
9776.24	9776	24	9776.24	9776	24	1
6401.75	6401	75	6401.75	6401	75	5
7663.68	7663	68	7663.68	7663	68	5
6379.16	6379	16	6379.16	6379	16	5
9347.79	9347	79	9347.79	9347	79	3
9467.5	9467	50	9467.5	9467	50	4
8153.64	8153	64	8153.64	8153	64	3
9372.23	9372	23	9372.23	9372	23	4
5200	5200	0	5200	5200	0	3
8847.39	8847	39	8847.39	8847	39	3
6276.92	6276	92	6276.92	6276	92	2
8610.09	8610	9	8610.09	8610	9	1
6350.37	6350	37	6350.37	6350	37	5
7363.52	7363	52	7363.52	7363	52	5
6165.64	6165	64	6165.64	6165	64	2
6620.08	6620	8	6620.08	6620	8	2
6038.49	6038	49	6038.49	6038	49	3
6572.2	6572	20	6572.2	6572	20	5
5975.1	5975	10	5975.1	5975	10	4
8162.65	8162	65	8162.65	8162	65	5
6034.28	6034	28	6034.28	6034	28	5
6709.27	6709	27	6709.27	6709	27	3
9025.17	9025	17	9025.17	9025	17	3
6567.06	6567	6	6567.06	6567	6	1
5518.45	5518	45	5518.45	5518	45	3
9826.57	9826	57	9826.57	9826	57	3
7246.33	7246	33	7246.33	7246	33	3
6748.53	6748	53	6748.53	6748	53	5
9516.93	9516	93	9516.93	9516	93	3
5470.44	5470	44	5470.44	5470	44	4
9074.41	9074	41	9074.41	9074	41	3
5054.17	5054	17	5054.17	5054	17	5
6872.72	6872	72	6872.72	6872	72	5
7499.61	7499	61	7499.61	7499	61	2
7196.85	7196	85	7196.85	7196	85	1
6981.03	6981	3	6981.03	6981	3	4
6966.12	6966	12	6966.12	6966	12	3
5348.49	5348	49	5348.49	5348	49	3
7116.27	7116	27	7116.27	7116	27	4
7929.12	7929	12	7929.12	7929	12	5
9959.41	9959	41	9959.41	9959	41	3
9155.71	9155	71	9155.71	9155	71	1
7301.73	7301	73	7301.73	7301	73	1
7071.78	7071	78	7071.78	7071	78	2
6517.23	6517	23	6517.23	6517	23	2
8466.9	8466	90	8466.9	8466	90	2
8691.39	8691	39	8691.39	8691	39	5
8318.25	8318	25	8318.25	8318	25	1
5038.62	5038	62	5038.62	5038	62	3
9667.01	9667	1	9667.01	9667	1	5
6479.9	6479	90	6479.9	6479	90	2
6835.91	6835	91	6835.91	6835	91	3
6375.29	6375	29	6375.29	6375	29	3
5504.07	5504	7	5504.07	5504	7	2
8403.49	8403	49	8403.49	8403	49	3
7657.26	7657	26	7657.26	7657	26	2
5329.65	5329	65	5329.65	5329	65	4
6411.82	6411	82	6411.82	6411	82	2
9405.8	9405	80	9405.8	9405	80	3
5607.58	5607	58	5607.58	5607	58	3
6882.79	6882	79	6882.79	6882	79	2
9241.73	9241	73	9241.73	9241	73	5
6424.28	6424	28	6424.28	6424	28	2
9517.51	9517	51	9517.51	9517	51	4
6740.35	6740	35	6740.35	6740	35	1
8620.13	8620	13	8620.13	8620	13	4
6497.06	6497	6	6497.06	6497	6	4
9469.99	9469	99	9469.99	9469	99	3
8969.15	8969	15	8969.15	8969	15	2
9376.85	9376	85	9376.85	9376	85	5
7397.63	7397	63	7397.63	7397	63	5
9690.56	9690	56	9690.56	9690	56	1
8530.57	8530	57	8530.57	8530	57	2
5460.89	5460	89	5460.89	5460	89	5
6760.86	6760	86	6760.86	6760	86	2
5046.8	5046	80	5046.8	5046	80	3
9690.79	9690	79	9690.79	9690	79	3
5450.25	5450	25	5450.25	5450	25	4
8365.57	8365	57	8365.57	8365	57	3
9728.41	9728	41	9728.41	9728	41	5
5116.27	5116	27	5116.27	5116	27	3
5606.47	5606	47	5606.47	5606	47	2
7325.84	7325	84	7325.84	7325	84	4
7255.56	7255	56	7255.56	7255	56	5
6873.55	6873	55	6873.55	6873	55	3
5727.86	5727	86	5727.86	5727	86	3
9912.82	9912	82	9912.82	9912	82	3
7965.2	7965	20	7965.2	7965	20	1
7902.2	7902	20	7902.2	7902	20	2
5078.14	5078	14	5078.14	5078	14	5
8573.3	8573	30	8573.3	8573	30	4
9784.99	9784	99	9784.99	9784	99	3
5082.4	5082	40	5082.4	5082	40	4
5759.1	5759	10	5759.1	5759	10	2
9300.02	9300	2	9300.02	9300	2	3
7585.75	7585	75	7585.75	7585	75	2
9380.76	9380	76	9380.76	9380	76	1
6559.09	6559	9	6559.09	6559	9	4
7053.26	7053	26	7053.26	7053	26	1
9111.91	9111	91	9111.91	9111	91	4
5935.46	5935	46	5935.46	5935	46	3
5212.89	5212	89	5212.89	5212	89	5
8800.99	8800	99	8800.99	8800	99	4
5227.03	5227	3	5227.03	5227	3	4
5672.78	5672	78	5672.78	5672	78	1
stocks
18521.51	18521	51	1
