items_number
400
stocks_number
1
digit
2
items
9777.63	9777	63	9777.63	9777	63	1
9426.86	9426	86	9426.86	9426	86	1
9677.71	9677	71	9677.71	9677	71	4
9050.1	9050	10	9050.1	9050	10	4
8008.34	8008	34	8008.34	8008	34	5
7431.04	7431	4	7431.04	7431	4	3
5492.88	5492	88	5492.88	5492	88	5
5442.42	5442	42	5442.42	5442	42	5
9114.1	9114	10	9114.1	9114	10	2
8171.9	8171	90	8171.9	8171	90	3
5521.43	5521	43	5521.43	5521	43	3
6107.18	6107	18	6107.18	6107	18	3
9606.26	9606	26	9606.26	9606	26	1
6685.4	6685	40	6685.4	6685	40	4
7246.81	7246	81	7246.81	7246	81	5
8301.27	8301	27	8301.27	8301	27	2
7078.57	7078	57	7078.57	7078	57	5
6347.85	6347	85	6347.85	6347	85	1
8663.5	8663	50	8663.5	8663	50	5
6399.89	6399	89	6399.89	6399	89	2
5303.38	5303	38	5303.38	5303	38	3
5858.4	5858	40	5858.4	5858	40	1
8904.14	8904	14	8904.14	8904	14	4
5887.97	5887	97	5887.97	5887	97	4
9513.76	9513	76	9513.76	9513	76	3
5853.44	5853	44	5853.44	5853	44	5
7468.34	7468	34	7468.34	7468	34	5
9548.55	9548	55	9548.55	9548	55	5
7961.44	7961	44	7961.44	7961	44	2
7393.17	7393	17	7393.17	7393	17	5
5346.81	5346	81	5346.81	5346	81	2
8501.08	8501	8	8501.08	8501	8	2
6818.55	6818	55	6818.55	6818	55	5
5785.52	5785	52	5785.52	5785	52	2
7550.7	7550	70	7550.7	7550	70	2
9827.89	9827	89	9827.89	9827	89	1
8979.57	8979	57	8979.57	8979	57	5
8805.1	8805	10	8805.1	8805	10	1
6031.83	6031	83	6031.83	6031	83	5
8092.19	8092	19	8092.19	8092	19	3
6975	6975	0	6975	6975	0	3
6552.26	6552	26	6552.26	6552	26	3
9962.37	9962	37	9962.37	9962	37	1
7343.27	7343	27	7343.27	7343	27	5
8237.66	8237	66	8237.66	8237	66	3
7970.18	7970	18	7970.18	7970	18	5
5644.06	5644	6	5644.06	5644	6	2
6078.23	6078	23	6078.23	6078	23	2
9317.56	9317	56	9317.56	9317	56	1
9307.08	9307	8	9307.08	9307	8	3
8240.12	8240	12	8240.12	8240	12	3
5383.46	5383	46	5383.46	5383	46	5
5927.49	5927	49	5927.49	5927	49	3
7906.78	7906	78	7906.78	7906	78	3
6270.43	6270	43	6270.43	6270	43	3
5439.77	5439	77	5439.77	5439	77	5
8760.74	8760	74	8760.74	8760	74	4
9501.78	9501	78	9501.78	9501	78	3
5749.33	5749	33	5749.33	5749	33	1
7483.19	7483	19	7483.19	7483	19	5
7656.47	7656	47	7656.47	7656	47	2
6858.14	6858	14	6858.14	6858	14	4
5983.79	5983	79	5983.79	5983	79	4
9474.54	9474	54	9474.54	9474	54	4
7643.19	7643	19	7643.19	7643	19	1
9296.49	9296	49	9296.49	9296	49	5
5062.95	5062	95	5062.95	5062	95	4
7384.28	7384	28	7384.28	7384	28	5
8101.59	8101	59	8101.59	8101	59	3
6093.78	6093	78	6093.78	6093	78	1
5475.47	5475	47	5475.47	5475	47	4
5838.12	5838	12	5838.12	5838	12	2
8408.05	8408	5	8408.05	8408	5	3
6199.84	6199	84	6199.84	6199	84	4
8182.91	8182	91	8182.91	8182	91	2
7408.71	7408	71	7408.71	7408	71	5
9170.54	9170	54	9170.54	9170	54	1
8826.97	8826	97	8826.97	8826	97	5
9249.47	9249	47	9249.47	9249	47	2
9249.62	9249	62	9249.62	9249	62	3
8895.05	8895	5	8895.05	8895	5	2
7488.11	7488	11	7488.11	7488	11	1
9632.08	9632	8	9632.08	9632	8	4
9822.06	9822	6	9822.06	9822	6	1
6157.9	6157	90	6157.9	6157	90	1
6664.52	6664	52	6664.52	6664	52	2
6024.84	6024	84	6024.84	6024	84	2
9917.64	9917	64	9917.64	9917	64	4
6927.82	6927	82	6927.82	6927	82	1
6773.69	6773	69	6773.69	6773	69	5
8162.83	8162	83	8162.83	8162	83	1
9583.29	9583	29	9583.29	9583	29	4
8632.35	8632	35	8632.35	8632	35	3
9146.62	9146	62	9146.62	9146	62	1
9820.35	9820	35	9820.35	9820	35	2
7037.54	7037	54	7037.54	7037	54	3
9204.63	9204	63	9204.63	9204	63	2
9882.3	9882	30	9882.3	9882	30	1
9422.82	9422	82	9422.82	9422	82	4
7304.75	7304	75	7304.75	7304	75	4
6738.08	6738	8	6738.08	6738	8	1
5659.29	5659	29	5659.29	5659	29	5
8143.87	8143	87	8143.87	8143	87	1
5908.65	5908	65	5908.65	5908	65	5
6859.65	6859	65	6859.65	6859	65	5
6324.3	6324	30	6324.3	6324	30	4
8316.89	8316	89	8316.89	8316	89	1
6791.2	6791	20	6791.2	6791	20	5
5912.27	5912	27	5912.27	5912	27	3
7564.36	7564	36	7564.36	7564	36	4
6039.82	6039	82	6039.82	6039	82	4
5569.84	5569	84	5569.84	5569	84	4
5815.99	5815	99	5815.99	5815	99	2
5671.91	5671	91	5671.91	5671	91	3
5390.91	5390	91	5390.91	5390	91	1
6972.89	6972	89	6972.89	6972	89	2
8098.95	8098	95	8098.95	8098	95	1
6414.75	6414	75	6414.75	6414	75	2
7651.06	7651	6	7651.06	7651	6	2
5025.77	5025	77	5025.77	5025	77	1
8951.44	8951	44	8951.44	8951	44	1
5812.89	5812	89	5812.89	5812	89	4
9608.58	9608	58	9608.58	9608	58	4
7582.79	7582	79	7582.79	7582	79	1
5720.04	5720	4	5720.04	5720	4	4
9427.93	9427	93	9427.93	9427	93	3
9619.34	9619	34	9619.34	9619	34	5
9925.19	9925	19	9925.19	9925	19	1
5071.23	5071	23	5071.23	5071	23	5
9803.68	9803	68	9803.68	9803	68	4
7991.94	7991	94	7991.94	7991	94	1
7572.83	7572	83	7572.83	7572	83	5
5462.5	5462	50	5462.5	5462	50	5
6133.33	6133	33	6133.33	6133	33	1
8480.49	8480	49	8480.49	8480	49	1
8084.15	8084	15	8084.15	8084	15	4
8220.63	8220	63	8220.63	8220	63	1
6796.38	6796	38	6796.38	6796	38	3
9875.87	9875	87	9875.87	9875	87	1
9895.42	9895	42	9895.42	9895	42	3
5122.26	5122	26	5122.26	5122	26	2
6676.7	6676	70	6676.7	6676	70	4
5463.27	5463	27	5463.27	5463	27	1
6700.25	6700	25	6700.25	6700	25	3
7347.13	7347	13	7347.13	7347	13	3
5854.18	5854	18	5854.18	5854	18	3
8672.15	8672	15	8672.15	8672	15	1
5445.6	5445	60	5445.6	5445	60	3
8031.93	8031	93	8031.93	8031	93	5
7085.21	7085	21	7085.21	7085	21	4
6233.37	6233	37	6233.37	6233	37	5
6981.89	6981	89	6981.89	6981	89	2
8661.62	8661	62	8661.62	8661	62	5
5840.95	5840	95	5840.95	5840	95	4
5325.68	5325	68	5325.68	5325	68	2
9381.18	9381	18	9381.18	9381	18	3
6030.88	6030	88	6030.88	6030	88	3
9945.54	9945	54	9945.54	9945	54	2
5067.38	5067	38	5067.38	5067	38	5
6864.63	6864	63	6864.63	6864	63	2
5509.75	5509	75	5509.75	5509	75	2
8059.84	8059	84	8059.84	8059	84	1
9436.98	9436	98	9436.98	9436	98	3
5971.25	5971	25	5971.25	5971	25	1
9955.18	9955	18	9955.18	9955	18	3
7915.47	7915	47	7915.47	7915	47	3
9055.4	9055	40	9055.4	9055	40	1
8938.33	8938	33	8938.33	8938	33	4
5473.85	5473	85	5473.85	5473	85	2
9692.28	9692	28	9692.28	9692	28	1
8832.76	8832	76	8832.76	8832	76	3
6359.63	6359	63	6359.63	6359	63	3
6368.5	6368	50	6368.5	6368	50	2
9296.03	9296	3	9296.03	9296	3	1
8059.89	8059	89	8059.89	8059	89	2
9478.15	9478	15	9478.15	9478	15	1
5912.21	5912	21	5912.21	5912	21	3
7494.04	7494	4	7494.04	7494	4	4
5685.75	5685	75	5685.75	5685	75	4
9706.66	9706	66	9706.66	9706	66	4
9579.77	9579	77	9579.77	9579	77	5
6918.64	6918	64	6918.64	6918	64	5
6687.55	6687	55	6687.55	6687	55	1
8239.91	8239	91	8239.91	8239	91	4
7759.59	7759	59	7759.59	7759	59	5
7775.75	7775	75	7775.75	7775	75	4
8383.1	8383	10	8383.1	8383	10	3
9552.99	9552	99	9552.99	9552	99	2
7719.82	7719	82	7719.82	7719	82	5
9213.48	9213	48	9213.48	9213	48	5
6415.14	6415	14	6415.14	6415	14	3
8992.09	8992	9	8992.09	8992	9	3
8034.32	8034	32	8034.32	8034	32	5
5850.12	5850	12	5850.12	5850	12	5
9963.34	9963	34	9963.34	9963	34	5
7989.02	7989	2	7989.02	7989	2	4
9528.6	9528	60	9528.6	9528	60	4
9781.26	9781	26	9781.26	9781	26	1
7689.36	7689	36	7689.36	7689	36	4
5001.97	5001	97	5001.97	5001	97	1
9472.06	9472	6	9472.06	9472	6	3
6520.12	6520	12	6520.12	6520	12	2
6360.61	6360	61	6360.61	6360	61	5
5839.56	5839	56	5839.56	5839	56	1
6578.15	6578	15	6578.15	6578	15	2
5181.02	5181	2	5181.02	5181	2	2
5317.23	5317	23	5317.23	5317	23	2
8253.88	8253	88	8253.88	8253	88	4
7675.58	7675	58	7675.58	7675	58	2
6002.5	6002	50	6002.5	6002	50	2
7959.06	7959	6	7959.06	7959	6	3
8017.35	8017	35	8017.35	8017	35	1
7921.14	7921	14	7921.14	7921	14	1
5408.61	5408	61	5408.61	5408	61	5
7018.26	7018	26	7018.26	7018	26	1
6442.73	6442	73	6442.73	6442	73	1
8183.88	8183	88	8183.88	8183	88	3
5400.88	5400	88	5400.88	5400	88	4
5993.24	5993	24	5993.24	5993	24	4
6665.22	6665	22	6665.22	6665	22	5
9614.88	9614	88	9614.88	9614	88	3
7408.38	7408	38	7408.38	7408	38	2
5656.31	5656	31	5656.31	5656	31	2
8410.21	8410	21	8410.21	8410	21	4
9021.51	9021	51	9021.51	9021	51	3
6381.65	6381	65	6381.65	6381	65	2
7161.75	7161	75	7161.75	7161	75	4
8548.63	8548	63	8548.63	8548	63	2
6161.44	6161	44	6161.44	6161	44	4
9850.11	9850	11	9850.11	9850	11	3
8549.12	8549	12	8549.12	8549	12	4
5633.5	5633	50	5633.5	5633	50	1
7133.75	7133	75	7133.75	7133	75	1
5671.25	5671	25	5671.25	5671	25	3
6472.07	6472	7	6472.07	6472	7	4
8711.42	8711	42	8711.42	8711	42	2
6616.27	6616	27	6616.27	6616	27	4
7552.82	7552	82	7552.82	7552	82	5
6964.3	6964	30	6964.3	6964	30	2
9291.85	9291	85	9291.85	9291	85	3
8555.33	8555	33	8555.33	8555	33	3
5685.36	5685	36	5685.36	5685	36	1
8070.72	8070	72	8070.72	8070	72	3
7238.47	7238	47	7238.47	7238	47	5
6093.49	6093	49	6093.49	6093	49	5
5088.51	5088	51	5088.51	5088	51	4
8680.73	8680	73	8680.73	8680	73	5
5038.9	5038	90	5038.9	5038	90	3
6251.39	6251	39	6251.39	6251	39	4
5435.49	5435	49	5435.49	5435	49	4
7466.64	7466	64	7466.64	7466	64	2
6627.28	6627	28	6627.28	6627	28	1
8606.88	8606	88	8606.88	8606	88	2
8122.96	8122	96	8122.96	8122	96	5
5037.01	5037	1	5037.01	5037	1	1
7626.91	7626	91	7626.91	7626	91	4
9504.13	9504	13	9504.13	9504	13	3
7198.76	7198	76	7198.76	7198	76	4
6173.06	6173	6	6173.06	6173	6	2
6427.57	6427	57	6427.57	6427	57	1
7811.4	7811	40	7811.4	7811	40	1
5485.18	5485	18	5485.18	5485	18	5
7060.6	7060	60	7060.6	7060	60	4
9944.15	9944	15	9944.15	9944	15	1
6919.44	6919	44	6919.44	6919	44	3
9296.67	9296	67	9296.67	9296	67	2
8654.58	8654	58	8654.58	8654	58	4
9298.71	9298	71	9298.71	9298	71	3
6847.01	6847	1	6847.01	6847	1	3
6380.4	6380	40	6380.4	6380	40	1
9352.09	9352	9	9352.09	9352	9	5
6164.86	6164	86	6164.86	6164	86	2
7828.29	7828	29	7828.29	7828	29	1
7421.81	7421	81	7421.81	7421	81	5
8402.34	8402	34	8402.34	8402	34	1
8921.3	8921	30	8921.3	8921	30	3
7509.32	7509	32	7509.32	7509	32	5
7844.59	7844	59	7844.59	7844	59	1
9723.2	9723	20	9723.2	9723	20	2
8761.72	8761	72	8761.72	8761	72	5
9042.08	9042	8	9042.08	9042	8	1
7188.37	7188	37	7188.37	7188	37	5
5387.52	5387	52	5387.52	5387	52	2
7647.48	7647	48	7647.48	7647	48	4
6073.85	6073	85	6073.85	6073	85	4
6187.53	6187	53	6187.53	6187	53	2
5272.91	5272	91	5272.91	5272	91	4
6339.98	6339	98	6339.98	6339	98	2
8386.81	8386	81	8386.81	8386	81	5
7209.97	7209	97	7209.97	7209	97	1
7766.08	7766	8	7766.08	7766	8	4
6196.73	6196	73	6196.73	6196	73	3
8457.16	8457	16	8457.16	8457	16	5
5589.68	5589	68	5589.68	5589	68	2
6139.89	6139	89	6139.89	6139	89	5
6138.12	6138	12	6138.12	6138	12	4
9885.87	9885	87	9885.87	9885	87	5
5555.99	5555	99	5555.99	5555	99	1
5436.35	5436	35	5436.35	5436	35	4
6731.4	6731	40	6731.4	6731	40	4
7699.91	7699	91	7699.91	7699	91	3
9788.44	9788	44	9788.44	9788	44	5
8659.27	8659	27	8659.27	8659	27	5
5526.2	5526	20	5526.2	5526	20	3
7208.26	7208	26	7208.26	7208	26	4
7823.13	7823	13	7823.13	7823	13	1
5210.03	5210	3	5210.03	5210	3	2
5480.1	5480	10	5480.1	5480	10	5
5667.72	5667	72	5667.72	5667	72	3
9933.75	9933	75	9933.75	9933	75	3
5003.82	5003	82	5003.82	5003	82	4
9709.32	9709	32	9709.32	9709	32	5
7883.12	7883	12	7883.12	7883	12	2
5390.86	5390	86	5390.86	5390	86	5
8119.33	8119	33	8119.33	8119	33	3
9719.97	9719	97	9719.97	9719	97	3
6578.91	6578	91	6578.91	6578	91	3
8391.24	8391	24	8391.24	8391	24	1
6057.48	6057	48	6057.48	6057	48	1
5726.73	5726	73	5726.73	5726	73	3
6362.22	6362	22	6362.22	6362	22	3
9587.08	9587	8	9587.08	9587	8	4
7685.46	7685	46	7685.46	7685	46	2
9819.9	9819	90	9819.9	9819	90	5
5175.76	5175	76	5175.76	5175	76	3
9587.87	9587	87	9587.87	9587	87	3
6720.54	6720	54	6720.54	6720	54	3
5059.15	5059	15	5059.15	5059	15	2
5904.38	5904	38	5904.38	5904	38	3
7156.89	7156	89	7156.89	7156	89	1
7553.55	7553	55	7553.55	7553	55	3
8603.3	8603	30	8603.3	8603	30	5
6943.34	6943	34	6943.34	6943	34	1
6211.82	6211	82	6211.82	6211	82	2
9130.02	9130	2	9130.02	9130	2	5
9914.12	9914	12	9914.12	9914	12	1
9035.95	9035	95	9035.95	9035	95	2
5102.05	5102	5	5102.05	5102	5	3
5393.22	5393	22	5393.22	5393	22	3
5464.19	5464	19	5464.19	5464	19	1
5034.33	5034	33	5034.33	5034	33	1
5396.57	5396	57	5396.57	5396	57	1
5172.04	5172	4	5172.04	5172	4	5
8680.45	8680	45	8680.45	8680	45	4
6550.43	6550	43	6550.43	6550	43	3
8291.37	8291	37	8291.37	8291	37	4
8399.95	8399	95	8399.95	8399	95	1
8891.35	8891	35	8891.35	8891	35	5
7445.13	7445	13	7445.13	7445	13	5
9456.43	9456	43	9456.43	9456	43	1
5379.6	5379	60	5379.6	5379	60	4
8807.87	8807	87	8807.87	8807	87	2
9042.51	9042	51	9042.51	9042	51	2
8064.06	8064	6	8064.06	8064	6	2
9389.77	9389	77	9389.77	9389	77	3
9980.79	9980	79	9980.79	9980	79	4
7650.46	7650	46	7650.46	7650	46	5
6108.31	6108	31	6108.31	6108	31	1
5038.94	5038	94	5038.94	5038	94	5
8554.84	8554	84	8554.84	8554	84	4
9027.73	9027	73	9027.73	9027	73	3
7592.01	7592	1	7592.01	7592	1	2
7920.66	7920	66	7920.66	7920	66	4
6732.07	6732	7	6732.07	6732	7	5
8803.36	8803	36	8803.36	8803	36	1
7049.21	7049	21	7049.21	7049	21	5
6645.71	6645	71	6645.71	6645	71	3
8600.83	8600	83	8600.83	8600	83	4
7914.78	7914	78	7914.78	7914	78	2
7802.93	7802	93	7802.93	7802	93	5
9064.55	9064	55	9064.55	9064	55	5
7948.11	7948	11	7948.11	7948	11	4
8961.5	8961	50	8961.5	8961	50	2
9237.59	9237	59	9237.59	9237	59	4
7390.09	7390	9	7390.09	7390	9	3
5510.46	5510	46	5510.46	5510	46	4
8290.48	8290	48	8290.48	8290	48	5
5788.04	5788	4	5788.04	5788	4	5
5163.81	5163	81	5163.81	5163	81	1
6497.61	6497	61	6497.61	6497	61	4
6007.99	6007	99	6007.99	6007	99	3
5542.93	5542	93	5542.93	5542	93	4
6067.01	6067	1	6067.01	6067	1	2
5811.5	5811	50	5811.5	5811	50	4
8606.51	8606	51	8606.51	8606	51	1
5455.78	5455	78	5455.78	5455	78	5
5791.81	5791	81	5791.81	5791	81	2
7018.97	7018	97	7018.97	7018	97	2
7326.62	7326	62	7326.62	7326	62	2
6592.27	6592	27	6592.27	6592	27	3
6335.34	6335	34	6335.34	6335	34	5
7115.35	7115	35	7115.35	7115	35	1
9184.28	9184	28	9184.28	9184	28	2
9255	9255	0	9255	9255	0	5
8847.94	8847	94	8847.94	8847	94	1
8750.64	8750	64	8750.64	8750	64	2
7066.21	7066	21	7066.21	7066	21	1
6254.65	6254	65	6254.65	6254	65	3
7349	7349	0	7349	7349	0	5
9980	9980	0	9980	9980	0	3
stocks
0	0	0	1
