items_number
200
stocks_number
1
digit
2
items
587.27	587	27	587.27	587	27	3
906.77	906	77	906.77	906	77	5
587.22	587	22	587.22	587	22	5
843.37	843	37	843.37	843	37	3
952.52	952	52	952.52	952	52	2
819.45	819	45	819.45	819	45	5
807.59	807	59	807.59	807	59	2
540.73	540	73	540.73	540	73	3
909.48	909	48	909.48	909	48	1
976.63	976	63	976.63	976	63	4
503.01	503	1	503.01	503	1	5
527.47	527	47	527.47	527	47	2
967.61	967	61	967.61	967	61	5
757.58	757	58	757.58	757	58	2
740.95	740	95	740.95	740	95	3
884.65	884	65	884.65	884	65	4
836.43	836	43	836.43	836	43	4
520.29	520	29	520.29	520	29	2
606.52	606	52	606.52	606	52	4
673.13	673	13	673.13	673	13	1
984.54	984	54	984.54	984	54	4
792.51	792	51	792.51	792	51	1
686.26	686	26	686.26	686	26	4
538.38	538	38	538.38	538	38	3
712.83	712	83	712.83	712	83	3
999.72	999	72	999.72	999	72	2
847.12	847	12	847.12	847	12	3
822.84	822	84	822.84	822	84	4
772.18	772	18	772.18	772	18	5
988.28	988	28	988.28	988	28	4
662.59	662	59	662.59	662	59	5
605.45	605	45	605.45	605	45	2
639.57	639	57	639.57	639	57	5
750.81	750	81	750.81	750	81	1
948.35	948	35	948.35	948	35	5
837.1	837	10	837.1	837	10	1
815.79	815	79	815.79	815	79	5
755.94	755	94	755.94	755	94	3
878.35	878	35	878.35	878	35	3
724.79	724	79	724.79	724	79	3
977.09	977	9	977.09	977	9	3
627.36	627	36	627.36	627	36	5
998.26	998	26	998.26	998	26	4
689.23	689	23	689.23	689	23	4
630.46	630	46	630.46	630	46	1
737.73	737	73	737.73	737	73	3
572.88	572	88	572.88	572	88	3
967.41	967	41	967.41	967	41	2
503.02	503	2	503.02	503	2	4
679.4	679	40	679.4	679	40	3
886.54	886	54	886.54	886	54	4
988.57	988	57	988.57	988	57	5
717.43	717	43	717.43	717	43	1
571.33	571	33	571.33	571	33	2
772.47	772	47	772.47	772	47	2
675.27	675	27	675.27	675	27	3
816.57	816	57	816.57	816	57	1
619.59	619	59	619.59	619	59	5
997.63	997	63	997.63	997	63	4
834.75	834	75	834.75	834	75	5
853.4	853	40	853.4	853	40	5
906.22	906	22	906.22	906	22	5
939.73	939	73	939.73	939	73	4
738.49	738	49	738.49	738	49	4
655.56	655	56	655.56	655	56	5
633.6	633	60	633.6	633	60	5
575.11	575	11	575.11	575	11	1
970.35	970	35	970.35	970	35	4
634.54	634	54	634.54	634	54	4
699.46	699	46	699.46	699	46	1
940.66	940	66	940.66	940	66	3
610.16	610	16	610.16	610	16	1
826.34	826	34	826.34	826	34	5
684.92	684	92	684.92	684	92	3
799.39	799	39	799.39	799	39	2
703.32	703	32	703.32	703	32	2
667.17	667	17	667.17	667	17	5
871.27	871	27	871.27	871	27	1
669.74	669	74	669.74	669	74	3
671.72	671	72	671.72	671	72	4
796.19	796	19	796.19	796	19	3
554.8	554	80	554.8	554	80	1
905.81	905	81	905.81	905	81	3
512.63	512	63	512.63	512	63	3
872.13	872	13	872.13	872	13	5
676.28	676	28	676.28	676	28	4
934.9	934	90	934.9	934	90	3
934.7	934	70	934.7	934	70	5
541.4	541	40	541.4	541	40	5
677.05	677	5	677.05	677	5	1
768.98	768	98	768.98	768	98	1
894.32	894	32	894.32	894	32	1
582.28	582	28	582.28	582	28	5
953.23	953	23	953.23	953	23	1
879.81	879	81	879.81	879	81	1
737.84	737	84	737.84	737	84	1
585.83	585	83	585.83	585	83	2
700.93	700	93	700.93	700	93	2
953.71	953	71	953.71	953	71	4
966.89	966	89	966.89	966	89	5
899.91	899	91	899.91	899	91	2
639.37	639	37	639.37	639	37	4
575.05	575	5	575.05	575	5	3
971.26	971	26	971.26	971	26	3
569.81	569	81	569.81	569	81	1
874.96	874	96	874.96	874	96	4
673.1	673	10	673.1	673	10	4
736.98	736	98	736.98	736	98	1
745.75	745	75	745.75	745	75	4
588.84	588	84	588.84	588	84	4
907.7	907	70	907.7	907	70	4
787.95	787	95	787.95	787	95	3
642.17	642	17	642.17	642	17	1
557.51	557	51	557.51	557	51	3
546.58	546	58	546.58	546	58	3
760.3	760	30	760.3	760	30	2
734.32	734	32	734.32	734	32	1
980	980	0	980	980	0	5
694.53	694	53	694.53	694	53	3
521.24	521	24	521.24	521	24	3
656.05	656	5	656.05	656	5	2
962.03	962	3	962.03	962	3	1
662.56	662	56	662.56	662	56	3
738.85	738	85	738.85	738	85	3
660.26	660	26	660.26	660	26	1
540.89	540	89	540.89	540	89	4
721.69	721	69	721.69	721	69	3
993.09	993	9	993.09	993	9	3
740.34	740	34	740.34	740	34	2
674.4	674	40	674.4	674	40	3
958.98	958	98	958.98	958	98	2
638.78	638	78	638.78	638	78	5
559.77	559	77	559.77	559	77	1
533.56	533	56	533.56	533	56	1
855.56	855	56	855.56	855	56	2
628.58	628	58	628.58	628	58	4
907.52	907	52	907.52	907	52	4
528.66	528	66	528.66	528	66	2
864.09	864	9	864.09	864	9	4
898.28	898	28	898.28	898	28	4
616.51	616	51	616.51	616	51	5
517.79	517	79	517.79	517	79	4
932.75	932	75	932.75	932	75	2
505.68	505	68	505.68	505	68	3
574.83	574	83	574.83	574	83	1
978.85	978	85	978.85	978	85	4
765.5	765	50	765.5	765	50	4
554.67	554	67	554.67	554	67	3
957.85	957	85	957.85	957	85	5
959.55	959	55	959.55	959	55	2
576.91	576	91	576.91	576	91	5
613.42	613	42	613.42	613	42	3
666.1	666	10	666.1	666	10	2
738.99	738	99	738.99	738	99	5
597.28	597	28	597.28	597	28	2
573.88	573	88	573.88	573	88	4
524.4	524	40	524.4	524	40	5
819.49	819	49	819.49	819	49	4
565.97	565	97	565.97	565	97	3
764.75	764	75	764.75	764	75	1
739.9	739	90	739.9	739	90	3
522.48	522	48	522.48	522	48	2
648.53	648	53	648.53	648	53	2
798.19	798	19	798.19	798	19	1
802.56	802	56	802.56	802	56	2
502.09	502	9	502.09	502	9	3
672.78	672	78	672.78	672	78	4
956.6	956	60	956.6	956	60	1
777.27	777	27	777.27	777	27	4
782.39	782	39	782.39	782	39	4
853.88	853	88	853.88	853	88	1
894.78	894	78	894.78	894	78	1
545.7	545	70	545.7	545	70	2
784.15	784	15	784.15	784	15	2
899.98	899	98	899.98	899	98	3
620.53	620	53	620.53	620	53	2
507	507	0	507	507	0	2
910.01	910	1	910.01	910	1	1
921.72	921	72	921.72	921	72	4
965.37	965	37	965.37	965	37	3
869.08	869	8	869.08	869	8	4
997.63	997	63	997.63	997	63	1
824.32	824	32	824.32	824	32	5
781.19	781	19	781.19	781	19	2
981.14	981	14	981.14	981	14	2
921.6	921	60	921.6	921	60	1
854.07	854	7	854.07	854	7	1
504.55	504	55	504.55	504	55	1
986.61	986	61	986.61	986	61	1
919.57	919	57	919.57	919	57	5
514.3	514	30	514.3	514	30	3
724.51	724	51	724.51	724	51	1
688.57	688	57	688.57	688	57	1
662.35	662	35	662.35	662	35	4
768.23	768	23	768.23	768	23	1
736.13	736	13	736.13	736	13	3
912.96	912	96	912.96	912	96	3
686.01	686	1	686.01	686	1	1
691.25	691	25	691.25	691	25	5
688.23	688	23	688.23	688	23	1
stocks
2139.41	2139	41	1
