items_number
400
stocks_number
1
digit
2
items
689.53	689	53	809.46	809	46	5
984.92	984	92	761.86	761	86	4
891.31	891	31	674.46	674	46	1
610.19	610	19	697.89	697	89	1
907.94	907	94	927.32	927	32	4
867.53	867	53	859.45	859	45	2
755.57	755	57	620.01	620	1	3
664.61	664	61	735.19	735	19	3
994.39	994	39	680.83	680	83	5
667.91	667	91	552.58	552	58	2
507.34	507	34	605.21	605	21	5
790.06	790	6	570.78	570	78	2
999.93	999	93	878.59	878	59	4
812.4	812	40	858.69	858	69	5
930.09	930	9	924.16	924	16	2
530.08	530	8	804.79	804	79	4
646.06	646	6	539.48	539	48	3
882.4	882	40	617.23	617	23	1
577.1	577	10	646.35	646	35	5
565.34	565	34	783.43	783	43	1
990.08	990	8	727.29	727	29	3
586.99	586	99	535.43	535	43	1
987.86	987	86	669.79	669	79	2
635.59	635	59	648.53	648	53	1
726.86	726	86	567.14	567	14	1
721.41	721	41	874.14	874	14	5
510.4	510	40	633.99	633	99	3
556.41	556	41	745.72	745	72	2
557.5	557	50	621.05	621	5	4
905.85	905	85	646.13	646	13	5
920.14	920	14	680.03	680	3	2
746.56	746	56	931.03	931	3	3
888.29	888	29	653.51	653	51	3
811.97	811	97	600.49	600	49	2
856.27	856	27	874.92	874	92	3
540.23	540	23	579.84	579	84	3
677.02	677	2	959.46	959	46	4
611.85	611	85	994.46	994	46	2
952.36	952	36	560.03	560	3	5
917.41	917	41	638.3	638	30	5
524.76	524	76	792.04	792	4	1
959.71	959	71	666.76	666	76	2
707.48	707	48	708.08	708	8	1
522.7	522	70	669.16	669	16	1
770.63	770	63	523.97	523	97	3
883.09	883	9	632.77	632	77	4
800.78	800	78	719.95	719	95	4
916.69	916	69	809.46	809	46	5
764.49	764	49	996.52	996	52	5
877.88	877	88	865.3	865	30	4
727.55	727	55	592.41	592	41	5
500.58	500	58	970.34	970	34	4
963.88	963	88	647.73	647	73	1
714.93	714	93	507.2	507	20	3
635.69	635	69	864.39	864	39	4
688.26	688	26	714.4	714	40	1
681.34	681	34	882.34	882	34	4
892.1	892	10	997.39	997	39	1
991.2	991	20	706.12	706	12	4
739.37	739	37	749.91	749	91	2
796.47	796	47	642.04	642	4	2
911.34	911	34	886.67	886	67	5
985.45	985	45	926.94	926	94	1
931.76	931	76	795.56	795	56	4
721.83	721	83	986.69	986	69	1
841.72	841	72	799.39	799	39	5
971.51	971	51	620.92	620	92	4
644.86	644	86	691.15	691	15	1
698.57	698	57	538.85	538	85	2
922.88	922	88	681.47	681	47	5
560.79	560	79	575.45	575	45	5
722.34	722	34	830.89	830	89	4
880.11	880	11	593.23	593	23	1
513.79	513	79	784.06	784	6	3
991.56	991	56	999.57	999	57	1
897.74	897	74	863.2	863	20	5
897.88	897	88	662.35	662	35	1
790.34	790	34	965.52	965	52	2
558.95	558	95	671.66	671	66	4
907.9	907	90	904.87	904	87	2
666.75	666	75	829.35	829	35	2
786.51	786	51	509.08	509	8	1
907	907	0	619.73	619	73	5
875.15	875	15	976.6	976	60	2
746.96	746	96	517.8	517	80	5
789.69	789	69	983.13	983	13	5
810.41	810	41	937	937	0	2
927.31	927	31	645.67	645	67	4
680.79	680	79	980.04	980	4	3
800.61	800	61	642.65	642	65	5
665.2	665	20	894.58	894	58	5
723.78	723	78	868.6	868	60	4
957.47	957	47	774.84	774	84	1
650.65	650	65	820.05	820	5	3
653.06	653	6	663.16	663	16	5
924.83	924	83	505.53	505	53	1
737.89	737	89	618.44	618	44	2
623.1	623	10	529.6	529	60	3
567.21	567	21	696.69	696	69	4
681.47	681	47	657.29	657	29	5
792.98	792	98	710.07	710	7	2
875	875	0	518.66	518	66	5
903.33	903	33	733.7	733	70	3
918.61	918	61	803.3	803	30	5
888.8	888	80	802.72	802	72	2
893.89	893	89	979.28	979	28	1
814.35	814	35	665.51	665	51	4
530.2	530	20	710.59	710	59	3
930.75	930	75	943.32	943	32	2
873.3	873	30	583.69	583	69	5
938.1	938	10	860.47	860	47	4
595.02	595	2	771.67	771	67	3
905.33	905	33	592.29	592	29	5
590.1	590	10	980.72	980	72	1
971.17	971	17	747.28	747	28	1
650.3	650	30	609.1	609	10	4
625.8	625	80	962.37	962	37	5
780.11	780	11	930.8	930	80	4
823.13	823	13	754.77	754	77	4
552.11	552	11	687.93	687	93	4
826.72	826	72	571.45	571	45	5
989.85	989	85	648.87	648	87	1
775.42	775	42	555.54	555	54	3
529.72	529	72	591.82	591	82	5
885.02	885	2	714.92	714	92	3
674.48	674	48	965.22	965	22	2
953.55	953	55	843.35	843	35	2
868.91	868	91	578.36	578	36	4
543.58	543	58	994.83	994	83	1
520.76	520	76	786.56	786	56	5
548.9	548	90	982.17	982	17	4
835.08	835	8	951.9	951	90	2
641.28	641	28	804.23	804	23	2
697.23	697	23	715.88	715	88	3
1000.69	1000	69	753.73	753	73	3
528.6	528	60	852.95	852	95	3
836.64	836	64	693.68	693	68	3
559.56	559	56	665.76	665	76	4
559.81	559	81	561.07	561	7	2
765.92	765	92	882	882	0	1
678.39	678	39	748.45	748	45	3
743.43	743	43	667.54	667	54	1
607.94	607	94	652.68	652	68	5
582.72	582	72	586.75	586	75	2
579.54	579	54	893.78	893	78	3
577.64	577	64	645.48	645	48	2
979.54	979	54	696.37	696	37	2
952.86	952	86	601.16	601	16	2
603.75	603	75	574.28	574	28	5
802.19	802	19	950.14	950	14	3
503.49	503	49	788.61	788	61	1
675.99	675	99	892.26	892	26	4
536.56	536	56	844.01	844	1	3
524.91	524	91	843.15	843	15	5
704.71	704	71	729.08	729	8	3
667.58	667	58	557.46	557	46	2
945.92	945	92	553.38	553	38	3
657.78	657	78	572.95	572	95	2
534.5	534	50	636.82	636	82	5
988.02	988	2	547.73	547	73	3
924.54	924	54	858.52	858	52	3
829.4	829	40	864.52	864	52	5
569.11	569	11	998.15	998	15	1
564.35	564	35	661.75	661	75	4
525.16	525	16	578.4	578	40	5
568.32	568	32	997.88	997	88	4
839.95	839	95	512.22	512	22	2
607.8	607	80	517.6	517	60	2
627.89	627	89	908.64	908	64	2
898.28	898	28	820.29	820	29	5
873.24	873	24	899.12	899	12	5
806.28	806	28	902.1	902	10	1
887.72	887	72	987.35	987	35	2
980.19	980	19	798.32	798	32	4
634.52	634	52	989.37	989	37	2
713.78	713	78	626.14	626	14	4
803.83	803	83	689.8	689	80	3
860.59	860	59	684.74	684	74	5
664.16	664	16	727.82	727	82	3
652.58	652	58	510.61	510	61	2
661.3	661	30	880.4	880	40	2
667.65	667	65	514.43	514	43	5
573.09	573	9	902.87	902	87	3
944.87	944	87	724.93	724	93	1
938.09	938	9	604.11	604	11	4
778.81	778	81	631.47	631	47	2
610.45	610	45	527.39	527	39	2
882.01	882	1	657.01	657	1	1
681.59	681	59	703.42	703	42	3
891.47	891	47	910.74	910	74	4
615.03	615	3	704.74	704	74	3
851.66	851	66	807.94	807	94	1
719.4	719	40	774.26	774	26	5
684.66	684	66	948.89	948	89	3
661.01	661	1	968.21	968	21	4
991.08	991	8	598.18	598	18	4
999.51	999	51	691.3	691	30	3
1000.48	1000	48	726.44	726	44	2
597.4	597	40	616.78	616	78	3
873.4	873	40	598.94	598	94	1
644.77	644	77	545.73	545	73	2
970.65	970	65	761.9	761	90	2
925.2	925	20	747.56	747	56	1
530.49	530	49	778.09	778	9	3
695.84	695	84	805.23	805	23	2
558.24	558	24	735.93	735	93	4
990.79	990	79	904.75	904	75	2
744.19	744	19	741.55	741	55	4
918.83	918	83	665.19	665	19	1
653.95	653	95	630.09	630	9	1
896.29	896	29	751.16	751	16	3
825.14	825	14	544.59	544	59	2
566.6	566	60	645.52	645	52	5
970.38	970	38	899.55	899	55	5
768.53	768	53	514.53	514	53	5
503.21	503	21	996.15	996	15	3
994.71	994	71	529.02	529	2	1
624.98	624	98	542.44	542	44	3
631.22	631	22	652.16	652	16	5
674.31	674	31	979.97	979	97	4
514.98	514	98	952.18	952	18	1
747.78	747	78	857.9	857	90	4
771.49	771	49	531.91	531	91	4
980.38	980	38	725.44	725	44	1
677.96	677	96	550.32	550	32	3
932.5	932	50	999.13	999	13	4
970.46	970	46	824.62	824	62	4
923.47	923	47	741.62	741	62	1
931.98	931	98	724.09	724	9	1
567.38	567	38	686.92	686	92	3
795.39	795	39	586.08	586	8	3
574.75	574	75	515.82	515	82	4
783.03	783	3	693.35	693	35	4
719.11	719	11	833.65	833	65	4
852.76	852	76	794.43	794	43	3
979.39	979	39	999.1	999	10	3
523.36	523	36	814.58	814	58	4
841.55	841	55	944.7	944	70	4
969.58	969	58	739.65	739	65	3
688.71	688	71	979.3	979	30	4
995.5	995	50	574.79	574	79	1
865.39	865	39	736.82	736	82	5
759.37	759	37	769.41	769	41	3
560.63	560	63	966.84	966	84	5
580.78	580	78	634.89	634	89	4
774.9	774	90	784.46	784	46	2
811.84	811	84	961.99	961	99	4
820.49	820	49	911.92	911	92	5
898.41	898	41	572.91	572	91	4
688.59	688	59	612.68	612	68	3
740.32	740	32	889.41	889	41	3
659.39	659	39	523.09	523	9	2
681.89	681	89	715.1	715	10	1
510.81	510	81	667.84	667	84	3
638.29	638	29	996.06	996	6	4
859.85	859	85	512.42	512	42	4
942.83	942	83	665.97	665	97	1
608.27	608	27	565.68	565	68	4
781.85	781	85	1000.56	1000	56	1
872.82	872	82	636.58	636	58	3
675.65	675	65	998.13	998	13	2
822.76	822	76	585.65	585	65	3
693.09	693	9	651.93	651	93	1
704.69	704	69	690.48	690	48	5
787.88	787	88	664.3	664	30	3
544.38	544	38	691.88	691	88	1
929.08	929	8	935.58	935	58	4
810.76	810	76	724.4	724	40	2
885.93	885	93	635.59	635	59	4
898.19	898	19	920.75	920	75	2
744.47	744	47	949.7	949	70	2
625.96	625	96	956.9	956	90	5
508.58	508	58	655.57	655	57	1
503.85	503	85	718.64	718	64	4
933.11	933	11	667.74	667	74	1
835.36	835	36	536.99	536	99	5
777.27	777	27	748.1	748	10	2
990.95	990	95	627.26	627	26	5
654.38	654	38	947.91	947	91	4
921.68	921	68	820.01	820	1	3
677.06	677	6	986.94	986	94	2
894.22	894	22	581.84	581	84	3
579.07	579	7	589.63	589	63	1
859.95	859	95	948.04	948	4	5
904.04	904	4	748.68	748	68	5
718.36	718	36	831.69	831	69	4
964.33	964	33	960.99	960	99	3
845.87	845	87	914.18	914	18	2
572.63	572	63	642.89	642	89	2
991.7	991	70	959.55	959	55	5
716.21	716	21	796.76	796	76	2
994.81	994	81	639.02	639	2	3
812.46	812	46	544.72	544	72	2
655.83	655	83	693.69	693	69	4
697.5	697	50	576.02	576	2	5
845.86	845	86	955.02	955	2	2
699.21	699	21	631.58	631	58	4
626.1	626	10	757.6	757	60	3
654.62	654	62	679.95	679	95	3
831.14	831	14	766.69	766	69	5
770.29	770	29	677.36	677	36	1
645.62	645	62	627.17	627	17	1
702.62	702	62	968.59	968	59	1
778.4	778	40	578.45	578	45	2
895.99	895	99	591.81	591	81	5
634.73	634	73	634.86	634	86	1
612.28	612	28	614.44	614	44	3
918.26	918	26	585.92	585	92	3
870.21	870	21	507.12	507	12	5
512.66	512	66	560.87	560	87	3
838.95	838	95	651.93	651	93	5
794.79	794	79	993.58	993	58	4
906.89	906	89	889.71	889	71	5
664.02	664	2	988.08	988	8	2
899.27	899	27	940.62	940	62	3
809.45	809	45	636.4	636	40	1
628.91	628	91	818.77	818	77	5
862.6	862	60	899.13	899	13	2
900.32	900	32	796.58	796	58	2
700.06	700	6	707.67	707	67	4
598.82	598	82	858.69	858	69	1
862.06	862	6	591.86	591	86	3
940.87	940	87	592.21	592	21	1
656.28	656	28	648.93	648	93	4
517.89	517	89	531.56	531	56	2
636.89	636	89	668.24	668	24	2
500.67	500	67	849.96	849	96	5
716.1	716	10	662.66	662	66	5
508.52	508	52	926.84	926	84	2
901.29	901	29	774.43	774	43	4
793.76	793	76	674.35	674	35	4
524.33	524	33	849.72	849	72	2
545.91	545	91	648.6	648	60	5
996.39	996	39	641.46	641	46	4
802.73	802	73	927.7	927	70	5
686.9	686	90	739.94	739	94	1
876.64	876	64	521.32	521	32	5
660.02	660	2	788.14	788	14	2
603.17	603	17	571.86	571	86	3
993.37	993	37	528.96	528	96	1
672.2	672	20	594.54	594	54	4
942.64	942	64	722.31	722	31	5
786.17	786	17	520.54	520	54	4
577.61	577	61	983.77	983	77	3
605.66	605	66	709.4	709	40	3
684.44	684	44	707.69	707	69	1
632.06	632	6	619.69	619	69	3
733.09	733	9	774.69	774	69	3
792.56	792	56	605.82	605	82	2
531.91	531	91	661.27	661	27	2
679.16	679	16	981.88	981	88	1
890.38	890	38	709.03	709	3	4
640.49	640	49	1000.66	1000	66	1
618.55	618	55	572.1	572	10	3
792.18	792	18	603.97	603	97	3
657.38	657	38	530.22	530	22	2
500.97	500	97	988.34	988	34	5
792.85	792	85	699.45	699	45	2
619	619	0	939.4	939	40	4
509.49	509	49	913.7	913	70	1
939.67	939	67	973.88	973	88	3
913.76	913	76	612.75	612	75	4
533.82	533	82	507.95	507	95	4
985.58	985	58	620	620	0	4
654.67	654	67	1000.21	1000	21	3
582.56	582	56	934.65	934	65	4
917.01	917	1	606.94	606	94	4
529.84	529	84	520.06	520	6	4
989.1	989	10	968.31	968	31	5
520.7	520	70	677.32	677	32	3
521.21	521	21	795.02	795	2	1
661.82	661	82	562.85	562	85	1
962.34	962	34	899.16	899	16	4
553.9	553	90	815.57	815	57	5
985.44	985	44	791.15	791	15	5
813.52	813	52	855.08	855	8	2
737.86	737	86	521.78	521	78	2
864.02	864	2	910.84	910	84	5
792.14	792	14	628.29	628	29	1
775.42	775	42	874.6	874	60	1
641.45	641	45	818.64	818	64	1
971.3	971	30	855.18	855	18	1
911.32	911	32	829.16	829	16	4
781.94	781	94	817.3	817	30	1
835.37	835	37	927.28	927	28	5
702.51	702	51	679.13	679	13	3
684.84	684	84	847.04	847	4	5
835.34	835	34	914.14	914	14	4
740.88	740	88	878.58	878	58	2
804.84	804	84	531.44	531	44	5
590.35	590	35	572.84	572	84	1
679.55	679	55	596.98	596	98	4
963.13	963	13	643.19	643	19	3
871.18	871	18	579.79	579	79	2
910.66	910	66	717.5	717	50	2
616.8	616	80	889.92	889	92	2
953.26	953	26	760.96	760	96	5
826.67	826	67	823.97	823	97	2
892.64	892	64	655.98	655	98	2
941.88	941	88	727.28	727	28	1
stocks
888.29	888	29	1
