items_number
400
stocks_number
1
digit
2
items
8286.15	8286	15	7427.34	7427	34	1
8834.91	8834	91	8815.2	8815	20	5
7698.62	7698	62	6154.59	6154	59	4
9602.73	9602	73	6633.41	6633	41	3
8778.94	8778	94	6744.18	6744	18	1
7330.87	7330	87	8241.82	8241	82	3
5001.4	5001	40	7235.43	7235	43	4
8984.94	8984	94	9641.74	9641	74	3
9206.72	9206	72	6787.69	6787	69	3
9112.41	9112	41	6244.25	6244	25	1
9969.49	9969	49	6194.64	6194	64	3
7984.65	7984	65	5560.49	5560	49	3
5142.54	5142	54	7214.42	7214	42	3
9979.38	9979	38	5051.79	5051	79	2
6154.35	6154	35	7345.64	7345	64	4
9375.65	9375	65	5246.36	5246	36	1
7120.12	7120	12	8599.37	8599	37	5
7787.6	7787	60	7615.55	7615	55	3
6071.19	6071	19	6998.36	6998	36	1
8829.72	8829	72	6965.6	6965	60	3
5837.59	5837	59	5051.83	5051	83	4
6560.78	6560	78	7587.34	7587	34	4
7454.96	7454	96	9332.32	9332	32	4
5993.06	5993	6	6963.27	6963	27	2
5441.72	5441	72	9505.78	9505	78	2
6525.04	6525	4	6147.2	6147	20	1
8466.64	8466	64	5395.28	5395	28	5
9446.05	9446	5	6424.31	6424	31	3
7986.21	7986	21	5396.47	5396	47	3
5437.94	5437	94	6985.66	6985	66	5
5232.99	5232	99	8948.56	8948	56	1
7034.88	7034	88	7823.34	7823	34	1
5033.86	5033	86	6562.86	6562	86	1
7930.13	7930	13	5864.15	5864	15	4
7398.62	7398	62	9457.75	9457	75	3
8811.8	8811	80	8306.56	8306	56	3
5259.01	5259	1	9106.5	9106	50	3
8162.54	8162	54	6691.7	6691	70	2
7795.27	7795	27	8709.82	8709	82	3
5227.25	5227	25	5892.19	5892	19	2
7273.95	7273	95	7936.95	7936	95	4
8526.28	8526	28	9904.46	9904	46	5
8974.9	8974	90	7216.2	7216	20	5
8178.5	8178	50	5912.37	5912	37	1
9267.67	9267	67	5717.25	5717	25	1
5127.25	5127	25	9561.36	9561	36	3
7552.15	7552	15	6158.25	6158	25	3
6386.31	6386	31	9317.14	9317	14	2
8677.37	8677	37	7938.92	7938	92	2
9386.86	9386	86	8919.61	8919	61	5
5977.04	5977	4	7044.74	7044	74	5
5276.48	5276	48	7990.27	7990	27	1
6709.64	6709	64	6505.47	6505	47	3
8431.52	8431	52	6375.07	6375	7	3
6269.06	6269	6	5715.54	5715	54	4
7150.89	7150	89	6010.25	6010	25	4
9956.57	9956	57	7523.79	7523	79	4
5498.7	5498	70	6874.35	6874	35	5
6595.94	6595	94	8197.56	8197	56	4
8704.3	8704	30	7919.26	7919	26	1
5935.65	5935	65	8859.01	8859	1	1
6827.94	6827	94	7145.64	7145	64	4
6500.19	6500	19	5742.12	5742	12	1
5968.03	5968	3	6183.39	6183	39	3
9757.07	9757	7	8009.32	8009	32	4
8898.33	8898	33	5961.39	5961	39	1
5542.83	5542	83	9490.47	9490	47	1
5778.6	5778	60	7877.82	7877	82	1
7823.39	7823	39	7652.09	7652	9	4
9100.62	9100	62	8198.29	8198	29	3
6768.85	6768	85	8770.53	8770	53	5
5858.86	5858	86	6350.04	6350	4	2
7625.91	7625	91	8864.76	8864	76	2
5741.75	5741	75	6748.25	6748	25	4
9037.88	9037	88	7263.93	7263	93	2
6891.1	6891	10	9582.53	9582	53	4
6631.52	6631	52	7071.61	7071	61	1
6588.03	6588	3	9184.19	9184	19	5
9040.41	9040	41	9661.2	9661	20	1
5308.9	5308	90	5008.05	5008	5	3
6737.42	6737	42	8103.8	8103	80	1
5016.45	5016	45	6704.94	6704	94	5
5584.9	5584	90	8761.32	8761	32	5
8446.06	8446	6	9608.8	9608	80	4
9210.98	9210	98	8842.53	8842	53	4
7617.97	7617	97	9477.39	9477	39	5
5595.47	5595	47	6380.05	6380	5	4
9928.07	9928	7	6364.32	6364	32	4
8115.19	8115	19	7113.74	7113	74	5
7190.42	7190	42	9578.14	9578	14	2
8632.89	8632	89	5046.11	5046	11	2
9813.36	9813	36	6734.75	6734	75	5
9017.88	9017	88	7485.78	7485	78	5
5894.6	5894	60	6551.23	6551	23	4
6543.39	6543	39	7917.14	7917	14	3
9536.47	9536	47	5493.1	5493	10	5
5555.93	5555	93	7512.15	7512	15	4
7085.75	7085	75	8169.61	8169	61	3
5313.08	5313	8	9134.44	9134	44	3
8378.84	8378	84	5926.24	5926	24	2
6184.37	6184	37	7130.42	7130	42	2
7844.93	7844	93	7903.97	7903	97	2
9236.71	9236	71	7277.29	7277	29	3
9572.8	9572	80	5993.7	5993	70	3
8585.21	8585	21	5413.74	5413	74	5
8272.59	8272	59	9540.22	9540	22	2
6462.9	6462	90	6337.76	6337	76	1
5215.73	5215	73	7484.36	7484	36	2
5623.15	5623	15	9486.93	9486	93	3
6264.32	6264	32	5997.96	5997	96	1
6286.15	6286	15	8255.93	8255	93	1
7360.57	7360	57	7588.26	7588	26	3
6280.29	6280	29	8464.9	8464	90	2
6871.58	6871	58	7016.26	7016	26	5
5805.15	5805	15	7959.06	7959	6	1
5489.79	5489	79	7306.96	7306	96	3
5250.55	5250	55	7255.65	7255	65	5
6400.63	6400	63	5101.11	5101	11	2
6180.38	6180	38	9433.28	9433	28	1
9128.26	9128	26	9368.39	9368	39	4
9353.57	9353	57	9679.25	9679	25	3
5574.28	5574	28	9479.91	9479	91	2
8940.63	8940	63	6864.66	6864	66	5
8369.45	8369	45	7926.56	7926	56	5
6468.88	6468	88	6029.67	6029	67	1
5482.02	5482	2	9781.32	9781	32	2
7904.92	7904	92	8420.66	8420	66	1
7023.34	7023	34	9304.82	9304	82	4
8331.29	8331	29	8713.45	8713	45	1
8980.52	8980	52	7553.11	7553	11	3
6163.18	6163	18	5230.06	5230	6	3
5277.67	5277	67	5842.87	5842	87	2
6823.46	6823	46	6218.6	6218	60	1
5399.41	5399	41	7507.87	7507	87	2
9850.99	9850	99	6835.58	6835	58	1
6170.19	6170	19	7394.35	7394	35	2
9434.01	9434	1	7809.62	7809	62	3
6311.9	6311	90	8173.86	8173	86	2
6385.92	6385	92	9878.23	9878	23	4
5819.68	5819	68	7294.55	7294	55	5
8339.74	8339	74	9933.82	9933	82	4
7672.6	7672	60	8895.16	8895	16	4
8179.77	8179	77	5645.81	5645	81	3
9619.55	9619	55	9160.24	9160	24	3
5305.18	5305	18	5910.94	5910	94	1
9747.92	9747	92	9367.39	9367	39	5
5871.35	5871	35	7228.2	7228	20	5
5555.25	5555	25	8165.59	8165	59	2
6909.07	6909	7	9468.51	9468	51	1
7814.73	7814	73	6660.01	6660	1	5
9683.51	9683	51	8295.5	8295	50	2
6261.64	6261	64	9910.28	9910	28	4
8388.53	8388	53	6902.44	6902	44	4
9385.14	9385	14	5158.16	5158	16	1
9630.61	9630	61	7835.84	7835	84	5
9856.94	9856	94	8694.11	8694	11	4
5629.69	5629	69	5702	5702	0	3
8296.54	8296	54	7017.03	7017	3	5
7642.8	7642	80	7998.45	7998	45	4
8960.98	8960	98	9415.45	9415	45	5
8038.58	8038	58	5332.66	5332	66	3
8805.98	8805	98	8228.04	8228	4	1
9238.17	9238	17	5256.33	5256	33	4
5623.04	5623	4	7313.26	7313	26	5
9967.92	9967	92	6497.91	6497	91	3
9850.17	9850	17	7854.43	7854	43	4
6793.75	6793	75	9707.13	9707	13	2
5163.45	5163	45	9306.05	9306	5	2
6923.59	6923	59	6026.29	6026	29	2
8179.2	8179	20	5346.36	5346	36	2
5982.13	5982	13	7362.13	7362	13	2
5261.33	5261	33	6722.63	6722	63	1
6613.8	6613	80	9242.05	9242	5	2
9162.9	9162	90	8007.46	8007	46	1
5643.88	5643	88	5881.87	5881	87	5
7681.5	7681	50	5151.99	5151	99	2
9671.34	9671	34	8136.86	8136	86	2
6514.75	6514	75	8109.6	8109	60	4
8236.75	8236	75	9080.11	9080	11	5
6580.42	6580	42	7604.89	7604	89	3
5090.01	5090	1	5531.13	5531	13	5
8681.78	8681	78	7374.61	7374	61	1
8604.58	8604	58	8276.69	8276	69	3
8478.06	8478	6	7433.57	7433	57	3
8065.45	8065	45	8296.3	8296	30	2
8997.2	8997	20	6110.06	6110	6	4
8333	8333	0	6890.21	6890	21	1
8694.66	8694	66	9761.82	9761	82	1
7292.26	7292	26	8128.09	8128	9	3
6737.8	6737	80	9888.66	9888	66	2
8417.16	8417	16	9175.28	9175	28	5
6093.84	6093	84	9223.75	9223	75	2
5542.31	5542	31	8878.7	8878	70	4
8417.34	8417	34	5193.13	5193	13	3
6716.41	6716	41	6536.53	6536	53	2
6271.23	6271	23	6137.14	6137	14	3
8266.03	8266	3	8047.56	8047	56	4
9273.16	9273	16	6242.67	6242	67	5
6434.68	6434	68	5442.71	5442	71	5
5188.62	5188	62	9837.37	9837	37	5
8214.36	8214	36	7352.55	7352	55	1
7417.33	7417	33	8567.84	8567	84	3
6213.47	6213	47	6558.52	6558	52	2
9827.68	9827	68	6593.6	6593	60	4
7341.23	7341	23	7337.31	7337	31	5
6856.87	6856	87	7439.91	7439	91	1
7507.18	7507	18	7507.6	7507	60	1
7774.57	7774	57	5472.17	5472	17	1
9133.63	9133	63	6310.51	6310	51	4
6505.45	6505	45	7349.71	7349	71	2
9354.51	9354	51	8839.58	8839	58	5
9223.16	9223	16	6841.64	6841	64	1
5185.76	5185	76	9724.84	9724	84	3
7958.1	7958	10	7114.27	7114	27	4
7700.22	7700	22	9275.74	9275	74	3
9013.21	9013	21	8782.66	8782	66	4
6954.82	6954	82	8225.33	8225	33	2
6795.23	6795	23	6164.95	6164	95	1
8469.87	8469	87	8542.49	8542	49	1
5008.08	5008	8	7115.42	7115	42	5
8533.55	8533	55	6814.61	6814	61	2
6885.03	6885	3	8479.29	8479	29	5
6864.44	6864	44	6337.69	6337	69	3
9838.86	9838	86	6454.84	6454	84	2
6064.89	6064	89	8672.42	8672	42	5
8581.85	8581	85	8636.75	8636	75	4
6108.61	6108	61	7591.5	7591	50	5
5092.92	5092	92	6718.5	6718	50	3
7853.54	7853	54	9879.42	9879	42	3
8306.29	8306	29	8796.21	8796	21	4
5281.06	5281	6	7317.39	7317	39	4
6066.42	6066	42	7993.49	7993	49	5
5722.14	5722	14	7362.06	7362	6	3
7257.53	7257	53	8875.91	8875	91	1
6655.11	6655	11	9586.1	9586	10	4
8826.37	8826	37	9699.89	9699	89	2
9113.93	9113	93	7076.82	7076	82	1
9925.81	9925	81	7855.22	7855	22	1
6599.47	6599	47	5934.06	5934	6	4
8245.56	8245	56	8386.86	8386	86	2
6429.79	6429	79	5204.45	5204	45	2
6716.98	6716	98	9773.16	9773	16	4
7467.24	7467	24	5227.02	5227	2	2
7377.55	7377	55	5690.81	5690	81	1
5436.6	5436	60	6887.43	6887	43	4
5929.46	5929	46	5264.76	5264	76	1
6389.28	6389	28	9472.48	9472	48	4
8153.42	8153	42	5874.77	5874	77	1
7724.21	7724	21	7191.23	7191	23	1
9858.67	9858	67	8776.49	8776	49	4
8924.02	8924	2	7989.71	7989	71	2
7019.77	7019	77	9768.85	9768	85	4
7506.22	7506	22	7254.78	7254	78	1
5788.47	5788	47	5088.93	5088	93	4
7619.63	7619	63	6221.21	6221	21	1
8570.12	8570	12	5925.72	5925	72	2
5131.84	5131	84	8725.68	8725	68	5
8728.25	8728	25	9575.71	9575	71	5
8663.56	8663	56	8406.22	8406	22	1
8747.38	8747	38	9366.62	9366	62	4
7796.06	7796	6	9133.92	9133	92	5
9707.15	9707	15	6486.61	6486	61	4
5575.33	5575	33	7358.11	7358	11	4
8518.21	8518	21	6494.5	6494	50	4
6963.68	6963	68	5360.04	5360	4	4
7230.96	7230	96	7706.21	7706	21	4
8106.1	8106	10	6956.39	6956	39	5
6838.61	6838	61	8200.38	8200	38	2
7917.77	7917	77	6323.95	6323	95	1
9705.09	9705	9	7890.97	7890	97	5
5082.69	5082	69	6585.76	6585	76	3
9346.08	9346	8	6527.4	6527	40	4
7183.08	7183	8	7662.13	7662	13	3
8312.93	8312	93	7575.31	7575	31	1
7485.15	7485	15	7980.22	7980	22	5
7619.2	7619	20	9549.09	9549	9	2
5003.92	5003	92	8602.07	8602	7	1
8874.43	8874	43	8214.22	8214	22	3
5771.63	5771	63	6185.38	6185	38	4
8490.13	8490	13	6555.31	6555	31	2
8731.62	8731	62	6989.23	6989	23	4
9696.17	9696	17	9937.61	9937	61	5
5509.9	5509	90	6322.68	6322	68	2
6236.85	6236	85	5005.53	5005	53	1
5483.64	5483	64	5025.54	5025	54	5
8128.06	8128	6	8306.89	8306	89	2
5569.97	5569	97	6693.25	6693	25	2
5614.01	5614	1	9513.74	9513	74	4
7618.83	7618	83	8643.12	8643	12	3
9995.05	9995	5	5862.99	5862	99	2
9361.91	9361	91	9641.36	9641	36	3
5413.41	5413	41	7775.56	7775	56	4
9701.2	9701	20	7348.6	7348	60	2
5698.24	5698	24	7761.48	7761	48	3
9694.14	9694	14	9270.59	9270	59	2
7426.41	7426	41	8471.16	8471	16	3
7928.2	7928	20	6229.21	6229	21	1
7799.25	7799	25	6988.5	6988	50	3
9264.54	9264	54	6670.54	6670	54	1
6607.5	6607	50	7552.69	7552	69	1
8267.34	8267	34	9878.48	9878	48	3
9346.24	9346	24	9019.83	9019	83	3
6715.58	6715	58	9843.09	9843	9	4
5449.94	5449	94	8302.13	8302	13	2
8420.69	8420	69	7356.14	7356	14	5
9200.74	9200	74	8585.83	8585	83	3
8069.67	8069	67	7851.74	7851	74	5
8423.13	8423	13	5958.73	5958	73	5
8073.69	8073	69	6799.05	6799	5	3
9603.82	9603	82	9799.12	9799	12	5
6912.27	6912	27	7513.56	7513	56	3
7566.32	7566	32	9551.28	9551	28	3
5060.99	5060	99	9736.26	9736	26	1
8184.69	8184	69	9599.24	9599	24	5
9566.17	9566	17	9557.81	9557	81	3
5543.16	5543	16	5523.8	5523	80	1
6312.27	6312	27	7904.65	7904	65	3
5134.66	5134	66	6249.58	6249	58	4
6920.17	6920	17	5035.07	5035	7	1
9693.1	9693	10	6547.29	6547	29	3
5128.71	5128	71	7874.57	7874	57	2
7043.08	7043	8	5438.43	5438	43	3
5869.04	5869	4	9322.86	9322	86	3
5591.92	5591	92	5221.17	5221	17	5
7741.33	7741	33	8199.43	8199	43	5
5562.18	5562	18	9354.97	9354	97	2
8017.85	8017	85	8693.85	8693	85	4
6431.53	6431	53	5190.17	5190	17	2
9125.95	9125	95	6341.47	6341	47	1
8043.39	8043	39	5362.92	5362	92	4
8038.55	8038	55	7742.86	7742	86	4
7391.82	7391	82	6981.95	6981	95	3
8151.15	8151	15	5143.75	5143	75	3
9753.14	9753	14	8347.47	8347	47	5
8603.28	8603	28	5283.61	5283	61	2
6570.37	6570	37	7500.89	7500	89	2
8952.4	8952	40	6932.31	6932	31	4
7434.95	7434	95	8897.87	8897	87	3
5755.5	5755	50	8458.62	8458	62	2
7787.61	7787	61	9494.88	9494	88	3
7800.77	7800	77	8695	8695	0	3
7667.29	7667	29	6733.19	6733	19	4
6116.93	6116	93	9044.17	9044	17	5
7860.29	7860	29	8430.26	8430	26	3
6614.51	6614	51	6331.95	6331	95	5
5681.62	5681	62	9363.5	9363	50	2
8404.45	8404	45	8953.58	8953	58	3
8689.78	8689	78	9999.13	9999	13	5
6578.28	6578	28	6375.09	6375	9	2
6086.62	6086	62	9751.17	9751	17	1
8381.41	8381	41	6545.42	6545	42	2
7469.52	7469	52	9249.66	9249	66	5
8893.22	8893	22	5951.61	5951	61	3
9250.45	9250	45	6629.8	6629	80	4
8823.96	8823	96	9471.36	9471	36	2
6633.55	6633	55	9150.56	9150	56	5
5575.15	5575	15	6746.77	6746	77	2
6839.81	6839	81	8163.21	8163	21	5
8828.61	8828	61	9340.25	9340	25	3
9700.11	9700	11	8850.25	8850	25	3
5644.2	5644	20	9288.13	9288	13	4
6865.16	6865	16	7845.63	7845	63	2
7853.45	7853	45	5831.72	5831	72	2
8795.36	8795	36	5194.4	5194	40	1
7381.82	7381	82	6954.11	6954	11	3
7218.73	7218	73	6877.85	6877	85	3
5364.73	5364	73	7694.29	7694	29	3
7095.22	7095	22	8886.42	8886	42	1
5415.21	5415	21	6536.73	6536	73	1
6882.75	6882	75	6914.44	6914	44	1
9883.84	9883	84	8379.3	8379	30	4
8215.98	8215	98	5230.25	5230	25	5
9549.05	9549	5	8647.63	8647	63	1
5998.29	5998	29	8186.99	8186	99	3
6074.79	6074	79	9424.03	9424	3	2
6925.56	6925	56	9979.1	9979	10	1
7442.92	7442	92	7548.02	7548	2	2
9478.24	9478	24	9139.13	9139	13	2
5613.34	5613	34	5739.23	5739	23	2
9783.72	9783	72	8923.11	8923	11	3
6327.38	6327	38	9653.31	9653	31	2
9758.27	9758	27	8047.66	8047	66	3
7251.24	7251	24	8172.29	8172	29	5
5219.61	5219	61	5603.44	5603	44	1
9007.72	9007	72	9676.98	9676	98	3
6073.2	6073	20	7642.65	7642	65	1
7615.68	7615	68	5516	5516	0	2
5344.88	5344	88	7184.76	7184	76	5
8675.53	8675	53	6567.39	6567	39	5
6442.29	6442	29	5618.78	5618	78	5
5806.51	5806	51	6034.01	6034	1	2
9319.74	9319	74	6617.04	6617	4	5
9071.98	9071	98	9226.41	9226	41	3
9422.96	9422	96	7628.25	7628	25	3
8113.62	8113	62	6811.45	6811	45	3
6451.8	6451	80	6180.52	6180	52	5
6640.21	6640	21	5267.11	5267	11	3
9240.35	9240	35	9505.26	9505	26	5
8546.55	8546	55	5065.46	5065	46	5
7055.42	7055	42	6803.84	6803	84	5
stocks
22423.97	22423	97	1
