items_number
300
stocks_number
1
digit
2
items
8721.59	8721	59	8124.18	8124	18	3
5035.14	5035	14	9249.25	9249	25	2
7442.78	7442	78	9729.19	9729	19	4
9685.61	9685	61	8174.07	8174	7	4
5081.33	5081	33	7798.1	7798	10	5
5044.86	5044	86	6370.11	6370	11	5
9474.45	9474	45	9618.07	9618	7	3
7947.21	7947	21	6355.29	6355	29	1
8683.74	8683	74	8641.82	8641	82	3
9513.44	9513	44	6228.61	6228	61	3
9247.68	9247	68	6403.28	6403	28	2
5605.51	5605	51	5976.87	5976	87	1
7088.38	7088	38	6130.05	6130	5	5
5977.32	5977	32	8255.29	8255	29	3
8566.27	8566	27	6380.89	6380	89	2
9350.21	9350	21	8238.34	8238	34	2
7774.73	7774	73	5910.66	5910	66	2
7693.86	7693	86	6334.8	6334	80	2
7036.4	7036	40	9512.79	9512	79	5
5296.89	5296	89	5624.48	5624	48	3
8203.28	8203	28	6306.86	6306	86	1
6724.78	6724	78	6138.21	6138	21	3
6425.92	6425	92	8646.74	8646	74	2
9903.86	9903	86	6714.61	6714	61	3
8203.4	8203	40	5210.09	5210	9	3
9593.27	9593	27	6617.46	6617	46	4
6276.7	6276	70	8024.86	8024	86	2
5303.36	5303	36	8643.13	8643	13	2
6130.8	6130	80	8933.73	8933	73	2
8623.24	8623	24	6152.8	6152	80	5
7489.61	7489	61	7558.73	7558	73	3
9851.91	9851	91	7819.44	7819	44	4
9421.38	9421	38	6163.57	6163	57	1
9931.91	9931	91	8049.44	8049	44	1
9535.52	9535	52	5993.51	5993	51	5
9503.24	9503	24	8962.67	8962	67	5
9975.78	9975	78	9419.56	9419	56	2
9771.97	9771	97	5610.58	5610	58	2
8212.45	8212	45	6079.49	6079	49	2
9421.52	9421	52	8822.38	8822	38	4
9283.42	9283	42	7601.71	7601	71	2
8221.13	8221	13	7482.77	7482	77	3
5788.55	5788	55	9798.78	9798	78	4
6370.8	6370	80	8731.28	8731	28	3
9199.97	9199	97	6500.58	6500	58	3
9354.83	9354	83	6178.67	6178	67	2
5719.53	5719	53	6969.62	6969	62	4
6972.22	6972	22	7410.77	7410	77	1
7809.21	7809	21	8275.99	8275	99	1
7755.93	7755	93	7243.94	7243	94	5
8032.64	8032	64	8798.77	8798	77	3
6775.01	6775	1	5343.86	5343	86	1
5241.24	5241	24	8381.15	8381	15	2
9457.08	9457	8	7443.51	7443	51	1
6677.87	6677	87	7057.99	7057	99	5
9208.64	9208	64	9354.25	9354	25	5
9050.35	9050	35	9824.49	9824	49	4
8717.1	8717	10	5080.86	5080	86	3
5273	5273	0	8760.9	8760	90	3
5942.67	5942	67	9519.22	9519	22	3
8102.34	8102	34	6995.18	6995	18	2
7762.13	7762	13	7080.15	7080	15	5
6555.58	6555	58	7337.66	7337	66	1
7523.25	7523	25	8159.27	8159	27	2
7692.05	7692	5	5128.6	5128	60	1
6089.1	6089	10	9093.69	9093	69	5
7788.01	7788	1	7883.47	7883	47	3
8430.83	8430	83	9548.16	9548	16	2
6622.59	6622	59	9703.28	9703	28	4
5999.98	5999	98	8962.96	8962	96	4
8613.87	8613	87	9132.06	9132	6	3
5904.01	5904	1	8067.51	8067	51	5
9983.11	9983	11	7207.25	7207	25	4
9401.42	9401	42	8930.84	8930	84	1
7274.33	7274	33	6797.8	6797	80	4
9181.6	9181	60	8707.35	8707	35	1
9518.77	9518	77	5870.03	5870	3	5
8756.39	8756	39	9529.94	9529	94	3
6153.35	6153	35	6879.12	6879	12	1
7326.51	7326	51	9145.03	9145	3	2
7273.32	7273	32	6771.88	6771	88	2
9948.99	9948	99	5676.89	5676	89	1
9101.52	9101	52	9488.41	9488	41	2
8278.08	8278	8	5914.04	5914	4	1
9404.59	9404	59	8883.92	8883	92	3
6541.92	6541	92	7307.4	7307	40	3
7485.72	7485	72	5268.81	5268	81	2
8453.46	8453	46	9469.41	9469	41	4
6020.02	6020	2	7388.78	7388	78	5
7758.25	7758	25	9028.71	9028	71	4
9395.13	9395	13	8987.16	8987	16	1
9122.88	9122	88	5145.96	5145	96	2
6282.38	6282	38	6107.86	6107	86	4
6712.71	6712	71	6323.34	6323	34	3
7407.13	7407	13	9067.24	9067	24	5
8974.95	8974	95	6235.46	6235	46	1
8564.33	8564	33	5416.04	5416	4	5
5194.14	5194	14	6949.71	6949	71	5
8166.78	8166	78	6545.14	6545	14	4
5185.92	5185	92	5881.84	5881	84	3
6956.12	6956	12	6674.19	6674	19	3
6778.17	6778	17	6440.21	6440	21	1
6089.46	6089	46	8948.35	8948	35	4
6939.75	6939	75	8881.44	8881	44	3
6942.12	6942	12	5369.57	5369	57	4
9126.31	9126	31	6508.67	6508	67	2
6882.88	6882	88	7587.31	7587	31	3
6459.41	6459	41	7002.61	7002	61	5
8644.7	8644	70	6036.62	6036	62	1
8798.23	8798	23	9466.44	9466	44	1
9548.92	9548	92	6146.16	6146	16	1
5917.55	5917	55	8571.5	8571	50	5
8745.74	8745	74	5905.85	5905	85	3
8649.45	8649	45	6396.09	6396	9	4
9195.63	9195	63	9485.06	9485	6	5
8149.33	8149	33	9788.78	9788	78	5
5952.37	5952	37	8703.49	8703	49	1
7442.88	7442	88	9753.87	9753	87	3
7364.79	7364	79	9256.19	9256	19	5
6972.91	6972	91	6853.28	6853	28	5
5962.65	5962	65	9543.1	9543	10	3
7522.44	7522	44	8242.35	8242	35	5
6093.79	6093	79	7762.76	7762	76	3
7244.55	7244	55	6412.97	6412	97	3
9234.15	9234	15	5327.22	5327	22	5
8501.93	8501	93	6828	6828	0	5
6980.51	6980	51	8411.95	8411	95	3
7798	7798	0	6506.26	6506	26	4
9458.59	9458	59	9541.23	9541	23	4
5909.81	5909	81	5718.62	5718	62	4
7983.92	7983	92	8151.62	8151	62	3
7177.24	7177	24	6214.94	6214	94	3
7687.99	7687	99	7158.35	7158	35	1
9836.9	9836	90	7861.97	7861	97	3
9879.99	9879	99	5857.9	5857	90	3
5391.63	5391	63	7527.92	7527	92	4
8961.22	8961	22	9369.65	9369	65	4
6760.39	6760	39	9207.22	9207	22	2
6850.04	6850	4	9529.05	9529	5	5
7605.44	7605	44	6168.27	6168	27	2
5558.14	5558	14	9435.66	9435	66	2
7161.97	7161	97	6437.73	6437	73	5
9285.99	9285	99	9739.29	9739	29	1
9303.88	9303	88	5339.51	5339	51	1
5809.94	5809	94	8596.82	8596	82	3
9242.15	9242	15	9223.36	9223	36	2
8214.73	8214	73	5126.81	5126	81	1
6761.31	6761	31	7299.32	7299	32	3
6683.55	6683	55	9739.75	9739	75	1
6341.04	6341	4	5144.53	5144	53	2
9496.74	9496	74	9915.12	9915	12	5
7645.2	7645	20	9281.86	9281	86	3
8863.48	8863	48	9149.4	9149	40	2
6351.53	6351	53	7676.88	7676	88	4
5651.75	5651	75	6456.35	6456	35	1
8096.15	8096	15	5239.62	5239	62	1
5614.46	5614	46	5267.41	5267	41	3
7631.26	7631	26	9867.82	9867	82	5
6656.15	6656	15	6745.88	6745	88	1
5072.58	5072	58	9808.16	9808	16	3
8540.6	8540	60	5584.44	5584	44	3
5402.6	5402	60	5658.5	5658	50	3
8012.82	8012	82	6784.11	6784	11	3
6990.59	6990	59	7743.79	7743	79	1
5237.5	5237	50	8520	8520	0	5
7890.33	7890	33	7641.01	7641	1	5
7381.22	7381	22	6032.24	6032	24	1
9961.72	9961	72	8651.17	8651	17	5
5412.73	5412	73	7610.23	7610	23	1
9995.78	9995	78	6324.81	6324	81	1
8328.17	8328	17	5581.96	5581	96	1
5970.87	5970	87	7044.41	7044	41	5
7155.75	7155	75	7761.55	7761	55	5
7612.68	7612	68	5319.25	5319	25	3
6036.28	6036	28	7384.45	7384	45	5
8727.69	8727	69	6357.37	6357	37	5
7616.35	7616	35	5305.13	5305	13	4
5012.01	5012	1	8273.26	8273	26	2
6250.52	6250	52	9419.69	9419	69	4
9299.9	9299	90	5806.41	5806	41	4
6353.58	6353	58	9181.79	9181	79	4
5745.26	5745	26	9333.33	9333	33	3
7706.62	7706	62	5849.79	5849	79	4
5215.06	5215	6	8329.2	8329	20	2
7096.8	7096	80	7772.74	7772	74	2
8357.38	8357	38	7305.14	7305	14	4
9075.74	9075	74	8568.82	8568	82	4
7711.78	7711	78	8039.15	8039	15	1
6751.16	6751	16	7171.48	7171	48	5
6493.89	6493	89	6076.23	6076	23	4
8546.36	8546	36	8609.83	8609	83	4
5290.76	5290	76	7756.93	7756	93	5
6895.01	6895	1	7497.25	7497	25	3
6557.18	6557	18	5392.94	5392	94	3
7280.87	7280	87	6261.24	6261	24	5
7132.52	7132	52	6016.25	6016	25	2
5209.52	5209	52	8796.48	8796	48	4
5424.61	5424	61	7293.48	7293	48	5
7856.76	7856	76	5430.94	5430	94	3
5621.77	5621	77	7168.23	7168	23	1
6181.4	6181	40	8617.3	8617	30	2
6183.45	6183	45	6774.9	6774	90	4
7355.64	7355	64	9212.65	9212	65	5
8336.67	8336	67	7141.37	7141	37	2
9559.66	9559	66	7857.16	7857	16	1
8391.44	8391	44	6595.1	6595	10	2
7825.89	7825	89	9261.74	9261	74	3
7174.01	7174	1	8162.81	8162	81	2
9166.46	9166	46	9869.88	9869	88	5
9075.93	9075	93	8679.96	8679	96	1
6473.92	6473	92	9731.22	9731	22	2
5519.04	5519	4	9049.68	9049	68	5
5582.2	5582	20	8774.29	8774	29	4
9942.06	9942	6	5579.53	5579	53	5
6497.62	6497	62	8140.88	8140	88	1
7678.52	7678	52	6545.03	6545	3	2
9062.44	9062	44	7885.67	7885	67	5
6334.36	6334	36	7471.22	7471	22	1
6151.82	6151	82	5346.7	5346	70	2
5812.13	5812	13	5055.68	5055	68	2
7828.78	7828	78	8547.97	8547	97	1
9697.19	9697	19	8955.06	8955	6	2
6865.41	6865	41	8574.61	8574	61	1
5485.79	5485	79	6806.23	6806	23	5
7016.89	7016	89	5109	5109	0	1
9146.81	9146	81	9835.37	9835	37	2
7618.83	7618	83	8586	8586	0	1
7988.93	7988	93	9668	9668	0	4
5332.42	5332	42	7891.38	7891	38	1
5473.6	5473	60	9016.95	9016	95	1
8610.7	8610	70	6835.24	6835	24	5
6513.34	6513	34	6507.2	6507	20	3
7419.57	7419	57	6552.37	6552	37	1
5964.87	5964	87	6047.41	6047	41	1
5611.54	5611	54	8648.57	8648	57	1
6977.23	6977	23	9409.05	9409	5	3
5117.31	5117	31	8405.51	8405	51	4
8436.43	8436	43	8671.31	8671	31	5
9152.77	9152	77	7570.87	7570	87	4
5045.29	5045	29	9036.91	9036	91	4
8273.36	8273	36	8112.27	8112	27	5
6387.21	6387	21	7300.61	7300	61	3
5564.85	5564	85	8084.59	8084	59	3
8855.08	8855	8	6886.09	6886	9	5
7091.27	7091	27	8643.15	8643	15	2
7825	7825	0	6987.99	6987	99	1
7295.12	7295	12	9194.64	9194	64	1
6152.24	6152	24	6527.34	6527	34	4
9159.36	9159	36	9458.74	9458	74	3
9210.95	9210	95	9541.87	9541	87	5
6964.89	6964	89	7345.02	7345	2	5
7749.66	7749	66	8767.71	8767	71	4
9669.66	9669	66	9258.93	9258	93	3
8830.3	8830	30	6682.15	6682	15	2
8235.46	8235	46	5572.94	5572	94	3
6685.07	6685	7	9368.45	9368	45	4
8738.63	8738	63	6516.05	6516	5	3
6615.29	6615	29	9158.47	9158	47	1
9673.01	9673	1	9798.46	9798	46	2
9833.06	9833	6	9407.43	9407	43	3
7851.41	7851	41	8936.94	8936	94	1
9045.23	9045	23	6633.22	6633	22	3
6345.92	6345	92	6677.15	6677	15	2
5269.51	5269	51	5488.31	5488	31	1
5771.62	5771	62	8443.63	8443	63	1
7719.46	7719	46	6087.72	6087	72	4
8010.26	8010	26	9897.37	9897	37	3
5888.94	5888	94	6847.66	6847	66	4
6917.41	6917	41	9759.55	9759	55	5
7161.03	7161	3	8230.24	8230	24	4
5934.75	5934	75	5883.57	5883	57	2
5189.78	5189	78	7870.35	7870	35	5
9311.24	9311	24	6292.37	6292	37	1
7261.61	7261	61	9730.69	9730	69	2
9807.38	9807	38	5518.44	5518	44	1
6401.04	6401	4	9935.52	9935	52	4
5848.61	5848	61	6716.68	6716	68	2
7864.51	7864	51	5475.6	5475	60	4
7554.28	7554	28	7224.39	7224	39	4
5770.49	5770	49	6936.42	6936	42	4
7073.98	7073	98	5015.47	5015	47	3
5280.17	5280	17	5332.41	5332	41	3
8519.16	8519	16	6465.66	6465	66	4
6742.16	6742	16	9273.4	9273	40	5
9873.99	9873	99	7014.09	7014	9	1
7516.14	7516	14	7801.6	7801	60	2
9190.23	9190	23	9403.86	9403	86	3
9373.63	9373	63	9293.14	9293	14	3
9894.95	9894	95	7721.59	7721	59	4
8862.76	8862	76	9201.84	9201	84	2
9205.21	9205	21	9463.09	9463	9	3
7744.37	7744	37	6657.53	6657	53	1
8670.52	8670	52	6596.06	6596	6	1
6312.65	6312	65	6139.24	6139	24	1
8777.4	8777	40	7908.85	7908	85	1
9441.14	9441	14	5038.21	5038	21	1
9031.12	9031	12	7989.96	7989	96	2
6786.66	6786	66	8567.74	8567	74	5
6092.6	6092	60	6885.39	6885	39	5
6710.53	6710	53	8510.03	8510	3	1
stocks
26593.37	26593	37	1
