items_number
350
stocks_number
1
digit
2
items
92.99	92	99	72.45	72	45	2
54.48	54	48	81.36	81	36	1
87.29	87	29	85.9	85	90	1
84.57	84	57	76.83	76	83	4
85.63	85	63	68.74	68	74	4
77.71	77	71	64.46	64	46	4
73.94	73	94	96.71	96	71	1
51.78	51	78	94.94	94	94	5
94.96	94	96	85.13	85	13	3
97.73	97	73	57.51	57	51	2
80.89	80	89	90.68	90	68	1
92.52	92	52	69.54	69	54	2
67.33	67	33	94.68	94	68	2
70.93	70	93	57.93	57	93	2
57.74	57	74	67.55	67	55	1
53.96	53	96	87.23	87	23	3
97.87	97	87	96.57	96	57	4
89.97	89	97	88.62	88	62	3
87.44	87	44	77.83	77	83	3
50.37	50	37	92.78	92	78	1
80.8	80	80	50.77	50	77	1
50.71	50	71	99.41	99	41	5
58.94	58	94	79.12	79	12	3
87.34	87	34	57.66	57	66	4
91.79	91	79	59	59	0	4
85.32	85	32	72.2	72	20	1
93.14	93	14	57.8	57	80	2
89.77	89	77	93.39	93	39	1
51.28	51	28	95.83	95	83	2
77.23	77	23	51.16	51	16	2
77.23	77	23	60.94	60	94	4
67.8	67	80	92.81	92	81	3
81.24	81	24	82.05	82	5	3
63.04	63	4	70.84	70	84	5
75.89	75	89	67.16	67	16	2
90.87	90	87	100.79	100	79	3
64.76	64	76	84.31	84	31	5
98.84	98	84	87.87	87	87	4
91.17	91	17	94.25	94	25	4
57.24	57	24	93.96	93	96	4
69.57	69	57	95.91	95	91	5
96.07	96	7	83.45	83	45	1
73.76	73	76	61.5	61	50	5
86.42	86	42	62.59	62	59	3
65.52	65	52	90.38	90	38	3
81.03	81	3	78.58	78	58	1
63.9	63	90	73.82	73	82	5
86.4	86	40	60.95	60	95	3
69	69	0	91.72	91	72	5
100.35	100	35	100.66	100	66	2
86.77	86	77	76.74	76	74	3
73.8	73	80	65.5	65	50	1
74.06	74	6	72.07	72	7	3
69.71	69	71	54.86	54	86	2
84.66	84	66	72.68	72	68	4
64.38	64	38	55.59	55	59	3
78.56	78	56	76.58	76	58	3
76.8	76	80	53	53	0	2
52.67	52	67	73.5	73	50	5
53.36	53	36	96.94	96	94	1
52.56	52	56	54.16	54	16	5
54.9	54	90	83.44	83	44	4
70.68	70	68	87.27	87	27	4
84.8	84	80	87.73	87	73	2
67.94	67	94	77.81	77	81	5
69.58	69	58	78.43	78	43	2
73.19	73	19	60.52	60	52	1
56.22	56	22	60.64	60	64	4
66.94	66	94	65.31	65	31	2
89.88	89	88	53.29	53	29	5
88.47	88	47	53.12	53	12	3
59.03	59	3	84.22	84	22	4
84.95	84	95	61.74	61	74	2
61.75	61	75	64.62	64	62	4
95.97	95	97	70.81	70	81	1
73	73	0	75.13	75	13	4
92.78	92	78	67.72	67	72	4
83.88	83	88	93.16	93	16	1
58.92	58	92	59.08	59	8	2
85.3	85	30	82.45	82	45	4
82.23	82	23	92.34	92	34	2
69.69	69	69	86.34	86	34	1
57.63	57	63	97.47	97	47	4
56.81	56	81	89.93	89	93	5
88.92	88	92	90.72	90	72	5
66.29	66	29	94.15	94	15	4
95.19	95	19	94.52	94	52	4
65	65	0	91.31	91	31	2
92.1	92	10	97.15	97	15	5
72.86	72	86	66.54	66	54	4
93.89	93	89	60.77	60	77	2
69.66	69	66	76.83	76	83	1
76.28	76	28	74.98	74	98	2
62.57	62	57	97.04	97	4	2
77.98	77	98	87.57	87	57	5
67.23	67	23	50.31	50	31	1
55.15	55	15	99.47	99	47	5
74.17	74	17	97.61	97	61	5
73.97	73	97	61.95	61	95	1
71.61	71	61	88.3	88	30	4
62.05	62	5	50.91	50	91	1
61.96	61	96	89.59	89	59	5
55.64	55	64	96.04	96	4	2
70.53	70	53	86.17	86	17	3
72.72	72	72	77.22	77	22	4
74.62	74	62	65.38	65	38	4
93.05	93	5	60.3	60	30	3
88.02	88	2	94.46	94	46	4
56.5	56	50	57.54	57	54	4
76.97	76	97	95.91	95	91	1
72.85	72	85	75.43	75	43	2
89.25	89	25	74.4	74	40	3
95.18	95	18	80.77	80	77	2
53.48	53	48	97.9	97	90	2
69.06	69	6	62.33	62	33	4
56.62	56	62	94.5	94	50	1
69.77	69	77	90.05	90	5	5
63.78	63	78	80.37	80	37	2
96.63	96	63	58.33	58	33	4
86.39	86	39	86.72	86	72	1
59.16	59	16	97.91	97	91	5
88.52	88	52	68.1	68	10	2
54.57	54	57	86.08	86	8	4
85.45	85	45	95.41	95	41	1
74.61	74	61	89.66	89	66	1
81.55	81	55	72.17	72	17	3
52.2	52	20	95.25	95	25	3
79.77	79	77	62.65	62	65	2
54.24	54	24	69.3	69	30	2
100.17	100	17	80.72	80	72	1
74.9	74	90	100.96	100	96	5
92.82	92	82	94.73	94	73	5
60.14	60	14	93.32	93	32	2
79.55	79	55	96	96	0	3
61.87	61	87	79.91	79	91	4
56.38	56	38	70.06	70	6	5
78.17	78	17	60.9	60	90	2
79.92	79	92	63.73	63	73	1
94.92	94	92	63.52	63	52	1
84.19	84	19	93.96	93	96	5
54.41	54	41	57.64	57	64	2
90.77	90	77	63.96	63	96	2
97.96	97	96	91.36	91	36	4
73.59	73	59	61.94	61	94	5
94.25	94	25	59.86	59	86	1
90.02	90	2	52.69	52	69	2
53.73	53	73	80.44	80	44	2
87.55	87	55	99.44	99	44	2
78.32	78	32	56.06	56	6	4
99.36	99	36	62.29	62	29	2
72.94	72	94	58.68	58	68	5
87.49	87	49	77.49	77	49	5
60.4	60	40	81.39	81	39	5
50.04	50	4	95.28	95	28	3
72.94	72	94	71.43	71	43	3
84.02	84	2	94.05	94	5	5
55.59	55	59	91.45	91	45	5
99.14	99	14	66.68	66	68	2
87.31	87	31	55.7	55	70	4
60.36	60	36	59.28	59	28	3
98.83	98	83	70.92	70	92	2
60.21	60	21	80.18	80	18	5
76.7	76	70	52.01	52	1	4
58.97	58	97	63.24	63	24	4
64.28	64	28	75.71	75	71	3
61.57	61	57	55.92	55	92	2
64.87	64	87	83.3	83	30	5
92.97	92	97	59.61	59	61	4
64.01	64	1	69.18	69	18	3
83.8	83	80	70.83	70	83	5
100.68	100	68	76.58	76	58	5
93.94	93	94	50.34	50	34	1
72.57	72	57	83.31	83	31	4
97.64	97	64	66.94	66	94	1
65.53	65	53	87.28	87	28	2
90.35	90	35	66.17	66	17	1
60.19	60	19	93.16	93	16	2
68.26	68	26	91.72	91	72	5
77.9	77	90	64.13	64	13	2
88.51	88	51	100.74	100	74	2
91.15	91	15	52.53	52	53	3
73.36	73	36	98.34	98	34	3
75.52	75	52	76.76	76	76	2
50.07	50	7	57.92	57	92	2
74.4	74	40	66.62	66	62	2
71.46	71	46	98.71	98	71	1
58.61	58	61	51.49	51	49	4
79.52	79	52	56.6	56	60	3
69.12	69	12	88.91	88	91	2
95.44	95	44	81.72	81	72	2
63.88	63	88	66.88	66	88	1
66.96	66	96	82.83	82	83	1
55.18	55	18	60.42	60	42	3
63.1	63	10	93.89	93	89	1
99.45	99	45	95.08	95	8	1
94.46	94	46	59.13	59	13	5
75.19	75	19	99.34	99	34	3
88.33	88	33	51.38	51	38	5
85.96	85	96	94.27	94	27	5
63.2	63	20	92.04	92	4	2
70.65	70	65	72.73	72	73	2
84.64	84	64	69.37	69	37	2
56.66	56	66	66.38	66	38	2
92.22	92	22	79.04	79	4	2
54.29	54	29	86.83	86	83	2
96.19	96	19	52.67	52	67	5
82.09	82	9	96.74	96	74	2
65.48	65	48	52.51	52	51	5
64.97	64	97	67.91	67	91	4
58.51	58	51	59.39	59	39	5
77.51	77	51	51.26	51	26	2
79.64	79	64	70.45	70	45	1
55.88	55	88	81.73	81	73	3
51.04	51	4	52.54	52	54	5
80.72	80	72	77.89	77	89	4
53.28	53	28	97.36	97	36	4
97.02	97	2	74.25	74	25	5
62.85	62	85	52.91	52	91	2
57.32	57	32	53.96	53	96	2
65.15	65	15	61.16	61	16	3
57.3	57	30	84.63	84	63	5
70.72	70	72	94.36	94	36	4
56.63	56	63	93.99	93	99	3
87.48	87	48	68.57	68	57	3
58.82	58	82	86.77	86	77	4
79.6	79	60	62.07	62	7	3
80.46	80	46	78.23	78	23	4
57.01	57	1	84.11	84	11	3
66.45	66	45	63.98	63	98	3
89.42	89	42	96.5	96	50	4
70.73	70	73	75.15	75	15	4
86.1	86	10	85.71	85	71	1
72.07	72	7	64.39	64	39	2
76.39	76	39	92.06	92	6	5
78.85	78	85	64.28	64	28	2
51.36	51	36	74.22	74	22	3
72.1	72	10	68.73	68	73	1
59.94	59	94	84.54	84	54	5
91.36	91	36	51.26	51	26	2
60.6	60	60	86.16	86	16	4
92.46	92	46	93.93	93	93	4
67.39	67	39	52.52	52	52	5
89.24	89	24	80.61	80	61	1
71.86	71	86	99.67	99	67	3
94.43	94	43	79.06	79	6	1
93.48	93	48	56.03	56	3	5
75.66	75	66	95.03	95	3	2
90.98	90	98	52.31	52	31	2
80.34	80	34	84.94	84	94	3
82.99	82	99	72.51	72	51	5
80.13	80	13	63.47	63	47	5
87.16	87	16	92.09	92	9	3
76.71	76	71	65.39	65	39	5
60.28	60	28	81.98	81	98	2
73.64	73	64	84.66	84	66	2
84.06	84	6	51.16	51	16	3
89.88	89	88	67.06	67	6	2
77.1	77	10	86.89	86	89	5
91.07	91	7	59.8	59	80	3
55.34	55	34	80.56	80	56	1
65.05	65	5	81.91	81	91	3
86.33	86	33	59.47	59	47	1
91.44	91	44	90.79	90	79	1
87.12	87	12	70.82	70	82	4
61.72	61	72	50.53	50	53	3
93.81	93	81	78.07	78	7	4
62	62	0	94.57	94	57	3
57.35	57	35	93.78	93	78	3
76.76	76	76	61.61	61	61	3
52.88	52	88	69.83	69	83	2
92.95	92	95	52.95	52	95	4
92.74	92	74	78.55	78	55	3
95.27	95	27	72.87	72	87	3
55.71	55	71	82.08	82	8	4
63.6	63	60	76.74	76	74	1
88.23	88	23	50.93	50	93	4
98.2	98	20	63.11	63	11	5
88.26	88	26	96.29	96	29	4
51.73	51	73	78.76	78	76	2
77.06	77	6	97.05	97	5	5
69.25	69	25	67.8	67	80	3
55.86	55	86	91.75	91	75	1
88.22	88	22	62.66	62	66	2
69.49	69	49	83.71	83	71	2
65.66	65	66	96.73	96	73	5
85.38	85	38	96.33	96	33	5
53.55	53	55	58.87	58	87	1
54.06	54	6	62.31	62	31	1
61	61	0	82.74	82	74	4
68.14	68	14	67.19	67	19	3
84.92	84	92	67.87	67	87	1
76.05	76	5	62.18	62	18	4
53.47	53	47	76.67	76	67	4
74.89	74	89	56.67	56	67	3
88.69	88	69	82.52	82	52	4
90.72	90	72	50.72	50	72	3
92.7	92	70	58.74	58	74	1
74.21	74	21	50.09	50	9	2
71.07	71	7	68.51	68	51	5
67.46	67	46	69.88	69	88	5
77.09	77	9	69.92	69	92	5
63.54	63	54	70.98	70	98	5
59.2	59	20	71.95	71	95	2
96.89	96	89	65.79	65	79	2
68.25	68	25	52.06	52	6	1
72.32	72	32	98.69	98	69	2
83.64	83	64	91.24	91	24	5
90.97	90	97	90.18	90	18	5
84.59	84	59	67.98	67	98	5
58.37	58	37	68.52	68	52	2
92.55	92	55	60.75	60	75	4
77.84	77	84	84.3	84	30	2
64.75	64	75	83.27	83	27	4
79.29	79	29	72.42	72	42	2
96.33	96	33	91.01	91	1	5
53.93	53	93	53.01	53	1	5
64.67	64	67	92.27	92	27	1
73.4	73	40	99.4	99	40	3
57.99	57	99	90.84	90	84	5
100.2	100	20	73.53	73	53	2
92.55	92	55	66.6	66	60	2
65.92	65	92	56.72	56	72	2
50.25	50	25	60.23	60	23	5
69.02	69	2	66.79	66	79	2
90.33	90	33	87.39	87	39	4
88.47	88	47	66.76	66	76	3
83.26	83	26	67.51	67	51	4
55.03	55	3	95.65	95	65	1
61.68	61	68	91.85	91	85	1
54.33	54	33	85.54	85	54	4
72.02	72	2	88.05	88	5	5
62.3	62	30	85.3	85	30	5
67.39	67	39	79.52	79	52	3
55.74	55	74	59	59	0	2
57.19	57	19	74.61	74	61	2
85.17	85	17	55.59	55	59	3
77.07	77	7	81.69	81	69	3
64.35	64	35	64.38	64	38	3
74.14	74	14	95.29	95	29	5
85.66	85	66	98.67	98	67	5
98.72	98	72	56.9	56	90	1
65.22	65	22	54.56	54	56	5
61.02	61	2	55.49	55	49	3
61.99	61	99	64.18	64	18	2
69.51	69	51	50.5	50	50	4
57.88	57	88	97.5	97	50	3
64.92	64	92	92.71	92	71	1
57.71	57	71	67.77	67	77	1
54.28	54	28	95.91	95	91	2
97.91	97	91	81.55	81	55	1
stocks
0	0	0	1
