items_number
300
stocks_number
1
digit
2
items
904.69	904	69	886.36	886	36	4
755.85	755	85	749.53	749	53	4
742.15	742	15	776.63	776	63	2
551.31	551	31	641.15	641	15	4
546.69	546	69	590.93	590	93	3
537.47	537	47	573.1	573	10	4
701.1	701	10	658.35	658	35	2
532.93	532	93	471.19	471	19	2
584.38	584	38	581.01	581	1	1
634.08	634	8	623.9	623	90	5
849.69	849	69	775.67	775	67	5
799.41	799	41	710.24	710	24	5
517.19	517	19	503.84	503	84	5
643.6	643	60	631.8	631	80	5
835.58	835	58	882.83	882	83	1
673.15	673	15	641.39	641	39	1
543.71	543	71	491.06	491	6	2
917.39	917	39	870.07	870	7	1
634.58	634	58	680.67	680	67	1
917.59	917	59	946.28	946	28	5
603.87	603	87	642.46	642	46	4
827.53	827	53	749.06	749	6	3
934.39	934	39	888.84	888	84	1
783.96	783	96	847.18	847	18	1
594.16	594	16	585.93	585	93	2
690.84	690	84	744.5	744	50	2
721.33	721	33	727.06	727	6	1
590.81	590	81	636.94	636	94	1
611.67	611	67	573.48	573	48	2
821.97	821	97	803.91	803	91	2
676.88	676	88	601.04	601	4	3
514.36	514	36	508.81	508	81	2
823.82	823	82	849.44	849	44	5
664.03	664	3	673.67	673	67	1
813.19	813	19	747.96	747	96	1
615.03	615	3	534.37	534	37	2
701.02	701	2	645.74	645	74	1
513.3	513	30	504.29	504	29	4
647.97	647	97	605.53	605	53	5
531.92	531	92	572.73	572	73	2
894.38	894	38	925.18	925	18	1
997.18	997	18	931.2	931	20	4
831.33	831	33	884.96	884	96	3
911.1	911	10	827.99	827	99	5
639.78	639	78	661.97	661	97	5
665.91	665	91	614.77	614	77	3
830.25	830	25	764.39	764	39	5
683.5	683	50	703.03	703	3	1
829.83	829	83	781.83	781	83	1
710.83	710	83	791.04	791	4	3
846.61	846	61	946.29	946	29	3
678.22	678	22	769.27	769	27	4
783.88	783	88	836.09	836	9	2
779	779	0	682.11	682	11	3
962.18	962	18	966.45	966	45	2
877.57	877	57	971.01	971	1	3
970.36	970	36	1027.6	1027	60	1
929.52	929	52	838.48	838	48	4
968.38	968	38	1007.94	1007	94	4
580.03	580	3	650.09	650	9	4
749.01	749	1	690.39	690	39	5
890.26	890	26	955.95	955	95	3
842.91	842	91	755.87	755	87	1
818.83	818	83	885.82	885	82	1
553.82	553	82	526.62	526	62	3
654.11	654	11	601.81	601	81	3
933.39	933	39	1019.17	1019	17	4
754.36	754	36	722.35	722	35	1
667.93	667	93	706.11	706	11	1
580.88	580	88	523.69	523	69	3
532.81	532	81	440.08	440	8	2
807.31	807	31	776.26	776	26	3
823.06	823	6	800.86	800	86	2
863.14	863	14	874.02	874	2	4
965.93	965	93	900.25	900	25	3
708.85	708	85	758.81	758	81	3
774.58	774	58	784.78	784	78	3
794.18	794	18	763.61	763	61	4
637.87	637	87	556.83	556	83	4
849.41	849	41	911.61	911	61	3
504.54	504	54	604.64	604	64	3
984.48	984	48	902.1	902	10	3
527.15	527	15	530.88	530	88	4
787.42	787	42	839.71	839	71	1
762	762	0	683.2	683	20	5
735.34	735	34	641.31	641	31	2
911.99	911	99	957.71	957	71	4
978.37	978	37	1007.8	1007	80	2
663.38	663	38	730.78	730	78	5
624.37	624	37	608.63	608	63	4
558.92	558	92	556.86	556	86	1
912.39	912	39	819.17	819	17	5
513.16	513	16	612.58	612	58	3
900.84	900	84	911.73	911	73	3
977.74	977	74	1052.96	1052	96	2
566.5	566	50	488.19	488	19	5
800.95	800	95	809.55	809	55	5
909.13	909	13	969.11	969	11	1
566.86	566	86	556.53	556	53	2
713.4	713	40	811.63	811	63	2
735.01	735	1	789.77	789	77	3
845.67	845	67	843.6	843	60	3
519.71	519	71	435.86	435	86	5
557.6	557	60	638.61	638	61	1
954.34	954	34	1014.61	1014	61	3
984.65	984	65	935.11	935	11	4
512.97	512	97	492.42	492	42	4
728.92	728	92	647.39	647	39	1
778.35	778	35	748.7	748	70	4
649.84	649	84	649.23	649	23	4
823.85	823	85	905.97	905	97	5
528.89	528	89	498.34	498	34	2
632.84	632	84	600.33	600	33	1
596	596	0	530.85	530	85	5
815.32	815	32	736.03	736	3	2
895.36	895	36	835.52	835	52	2
831.86	831	86	771.14	771	14	1
972.83	972	83	989.73	989	73	2
872.73	872	73	941.3	941	30	3
994.24	994	24	900.91	900	91	1
595.21	595	21	496.36	496	36	2
676.66	676	66	592.16	592	16	5
652.63	652	63	566.06	566	6	2
855.89	855	89	905.94	905	94	4
822.02	822	2	799.87	799	87	2
628.9	628	90	667.99	667	99	3
667.39	667	39	739.13	739	13	1
621.49	621	49	707.4	707	40	3
536.55	536	55	484.08	484	8	5
981.77	981	77	942.65	942	65	2
580.89	580	89	663.01	663	1	5
518.57	518	57	419.84	419	84	3
825.97	825	97	835.23	835	23	5
600.6	600	60	649.86	649	86	1
822.69	822	69	855.45	855	45	5
779.31	779	31	748.81	748	81	4
830.77	830	77	930.94	930	94	1
834.66	834	66	746.84	746	84	3
753.75	753	75	741.18	741	18	4
854.65	854	65	774.64	774	64	4
984.02	984	2	946.08	946	8	1
575.12	575	12	494.15	494	15	1
882.54	882	54	872.96	872	96	2
615.86	615	86	646.4	646	40	1
672.64	672	64	625.01	625	1	2
944.38	944	38	905.98	905	98	1
756.22	756	22	777.91	777	91	2
502.51	502	51	446.12	446	12	3
915.74	915	74	994.72	994	72	2
875.48	875	48	864.2	864	20	2
743.27	743	27	693.04	693	4	5
757.47	757	47	787.06	787	6	1
550.66	550	66	505.35	505	35	1
895.43	895	43	809.07	809	7	1
611.36	611	36	590.99	590	99	4
873.68	873	68	905.2	905	20	3
769.33	769	33	772.05	772	5	5
525.75	525	75	476.1	476	10	4
740.17	740	17	708.59	708	59	2
551.88	551	88	603.12	603	12	2
505.04	505	4	517.72	517	72	1
821.06	821	6	771.59	771	59	1
569.97	569	97	572.94	572	94	4
830.01	830	1	751.92	751	92	2
667.18	667	18	767.45	767	45	3
892.66	892	66	827.37	827	37	3
608.84	608	84	548.73	548	73	2
997.48	997	48	1046.4	1046	40	3
972.32	972	32	1071.22	1071	22	3
861.11	861	11	840.9	840	90	1
851.13	851	13	870.02	870	2	4
955.34	955	34	915.29	915	29	3
683.23	683	23	681.06	681	6	3
732.19	732	19	640.97	640	97	5
570.72	570	72	611.68	611	68	1
855.4	855	40	857.04	857	4	4
922.1	922	10	842.96	842	96	5
572.47	572	47	533.57	533	57	2
603.91	603	91	599.15	599	15	3
837.84	837	84	936.66	936	66	4
947.95	947	95	997.76	997	76	5
846.7	846	70	842.16	842	16	2
593.31	593	31	621.69	621	69	4
998.61	998	61	1053.1	1053	10	1
987.13	987	13	998.21	998	21	4
951.19	951	19	1008.69	1008	69	4
616.81	616	81	603.29	603	29	5
755.46	755	46	668.25	668	25	4
976.46	976	46	883.76	883	76	3
856.5	856	50	911.88	911	88	1
553.87	553	87	568.34	568	34	5
981.5	981	50	951.49	951	49	5
923.08	923	8	978.47	978	47	4
622.84	622	84	540.28	540	28	5
557.52	557	52	548.41	548	41	3
589.78	589	78	593.9	593	90	1
760.03	760	3	713.65	713	65	4
665.36	665	36	647.13	647	13	4
833.26	833	26	736.28	736	28	1
732.87	732	87	683.86	683	86	1
773.48	773	48	834.03	834	3	1
683.91	683	91	705.29	705	29	4
933.22	933	22	895.15	895	15	1
956.23	956	23	864.06	864	6	5
661.63	661	63	692.27	692	27	3
749.46	749	46	651.82	651	82	1
810.63	810	63	820.09	820	9	4
583.25	583	25	634.21	634	21	5
822.93	822	93	786.39	786	39	4
659.06	659	6	564.22	564	22	3
666.61	666	61	665.86	665	86	5
768.4	768	40	832.14	832	14	4
505.77	505	77	507.35	507	35	5
505.44	505	44	582.55	582	55	5
511.53	511	53	530.23	530	23	4
738.9	738	90	801.55	801	55	3
702.63	702	63	735.22	735	22	3
627.34	627	34	683.51	683	51	5
740.89	740	89	766.77	766	77	3
678.09	678	9	669.96	669	96	2
730.84	730	84	690.37	690	37	2
793.76	793	76	734.12	734	12	4
905.59	905	59	966.43	966	43	3
899.92	899	92	813.82	813	82	5
661.12	661	12	620.39	620	39	3
708.63	708	63	609.81	609	81	2
735.23	735	23	754.72	754	72	3
668.15	668	15	630.04	630	4	4
874	874	0	857.93	857	93	1
567.49	567	49	539.97	539	97	3
646.03	646	3	610.87	610	87	1
893	893	0	987.94	987	94	3
997.93	997	93	1091.26	1091	26	1
578.77	578	77	604.02	604	2	1
848.75	848	75	750.99	750	99	3
904.56	904	56	878.5	878	50	5
574.23	574	23	552.81	552	81	1
904.39	904	39	866.07	866	7	3
733.33	733	33	657.7	657	70	4
896.69	896	69	888.19	888	19	5
809.97	809	97	777.28	777	28	5
899.94	899	94	872.54	872	54	5
910.09	910	9	866.32	866	32	3
814.74	814	74	834.62	834	62	1
904.38	904	38	853.08	853	8	4
922.63	922	63	947.52	947	52	3
799.17	799	17	731.16	731	16	4
606.53	606	53	639.27	639	27	4
795.49	795	49	725.03	725	3	4
538.58	538	58	546.92	546	92	3
530.62	530	62	453.23	453	23	5
771.86	771	86	761.4	761	40	5
831.86	831	86	830.04	830	4	2
681.73	681	73	715.65	715	65	3
670.3	670	30	674.22	674	22	5
738.98	738	98	746.41	746	41	1
890.37	890	37	925.45	925	45	4
651.53	651	53	724.91	724	91	4
906.66	906	66	977.42	977	42	4
509.89	509	89	578.38	578	38	1
718.03	718	3	662.88	662	88	1
551.69	551	69	636.3	636	30	5
902.89	902	89	964.32	964	32	1
961.48	961	48	1050.14	1050	14	3
877.98	877	98	837.29	837	29	5
996.16	996	16	1060.32	1060	32	3
864.56	864	56	826.64	826	64	2
951.73	951	73	989.09	989	9	3
645.07	645	7	571.38	571	38	2
844.89	844	89	781.32	781	32	3
846.42	846	42	776.27	776	27	2
954.05	954	5	898.63	898	63	3
742.83	742	83	752.86	752	86	2
501.04	501	4	437.56	437	56	1
514.31	514	31	528.23	528	23	4
893.73	893	73	903.91	903	91	3
669.67	669	67	680.08	680	8	5
813	813	0	809.36	809	36	4
745.26	745	26	687.18	687	18	1
711.68	711	68	752.08	752	8	3
597.58	597	58	500.29	500	29	1
775.4	775	40	690.39	690	39	2
982.54	982	54	912.47	912	47	4
674.44	674	44	677.3	677	30	2
702.13	702	13	751.04	751	4	4
898.85	898	85	882.66	882	66	3
912.95	912	95	822.68	822	68	3
591.5	591	50	524.46	524	46	5
795.38	795	38	702.57	702	57	3
818.61	818	61	849.11	849	11	3
847.91	847	91	748.84	748	84	2
512.93	512	93	413.43	413	43	3
615.82	615	82	630.38	630	38	4
995.32	995	32	1009.14	1009	14	2
719.41	719	41	809.57	809	57	5
992.8	992	80	1067.64	1067	64	4
736.49	736	49	713.45	713	45	1
830.97	830	97	782.19	782	19	4
688.53	688	53	651.72	651	72	3
881.56	881	56	834.8	834	80	4
stocks
2188.58	2188	58	1
