items_number
400
stocks_number
1
digit
2
items
6672.67	6672	67	6970.91	6970	91	4
7385.08	7385	8	7629.15	7629	15	4
7075.55	7075	55	7292.81	7292	81	5
6570.49	6570	49	6008.33	6008	33	4
8325.43	8325	43	7407.84	7407	84	5
8264.01	8264	1	7450.17	7450	17	4
7350.72	7350	72	6500.41	6500	41	1
7413.75	7413	75	6815.66	6815	66	5
6177.39	6177	39	6965.35	6965	35	2
7815.88	7815	88	7648.02	7648	2	5
9355.84	9355	84	8931.06	8931	6	1
9741.34	9741	34	10482.34	10482	34	4
7225.3	7225	30	6692.65	6692	65	2
9731.35	9731	35	10075.06	10075	6	4
8512.58	8512	58	7604.99	7604	99	2
5726.1	5726	10	5626.14	5626	14	5
7813.69	7813	69	6987.36	6987	36	2
7566.53	7566	53	7764.16	7764	16	1
7117.68	7117	68	7624.35	7624	35	2
8403.19	8403	19	8208.22	8208	22	4
7509.19	7509	19	6547.02	6547	2	3
6880.33	6880	33	7760.43	7760	43	3
9454.03	9454	3	9046.19	9046	19	5
5429.46	5429	46	4738.19	4738	19	4
6918.76	6918	76	6989.66	6989	66	1
8594.23	8594	23	9359.3	9359	30	1
6071.31	6071	31	5142.69	5142	69	2
6940.83	6940	83	7779.47	7779	47	2
6032.01	6032	1	5814.74	5814	74	4
9458.11	9458	11	8778.89	8778	89	2
6931.25	6931	25	7347.37	7347	37	5
7704.2	7704	20	6783.65	6783	65	4
6842.19	6842	19	6963.03	6963	3	3
9006.8	9006	80	8195.16	8195	16	4
9274.69	9274	69	8349.95	8349	95	2
5929.14	5929	14	5689.84	5689	84	2
8032.33	8032	33	8965.33	8965	33	5
6623.94	6623	94	5848.35	5848	35	5
9105.89	9105	89	9267.5	9267	50	4
9972.25	9972	25	10249.65	10249	65	3
5201.82	5201	82	4816.36	4816	36	4
8459.25	8459	25	9197.53	9197	53	4
9713.59	9713	59	9287.96	9287	96	1
7426.64	7426	64	7508.98	7508	98	5
8189.12	8189	12	7828.58	7828	58	4
8987.17	8987	17	8653.95	8653	95	5
8915.74	8915	74	9897.12	9897	12	1
6001.81	6001	81	5814.91	5814	91	2
6552.71	6552	71	6974.1	6974	10	5
6794.94	6794	94	7283.46	7283	46	2
5166	5166	0	5784.13	5784	13	5
9825.9	9825	90	10285.11	10285	11	4
9438.28	9438	28	9806.87	9806	87	2
9620.56	9620	56	10387.29	10387	29	1
5253.89	5253	89	6022.27	6022	27	5
7118.56	7118	56	8114.51	8114	51	4
8977.79	8977	79	9066.59	9066	59	2
7088.2	7088	20	7928.93	7928	93	1
9058.39	9058	39	9892.95	9892	95	2
5008.8	5008	80	5879.31	5879	31	2
6545.83	6545	83	7262.83	7262	83	4
5989.64	5989	64	5795.32	5795	32	1
7713.52	7713	52	8221.95	8221	95	5
9150.54	9150	54	8544.83	8544	83	1
5757.97	5757	97	5310.47	5310	47	2
6986.21	6986	21	7569.9	7569	90	3
5841.69	5841	69	5995.67	5995	67	3
8790.3	8790	30	8275.79	8275	79	1
9373.67	9373	67	9738.25	9738	25	2
9946.1	9946	10	9262.18	9262	18	3
8761.55	8761	55	9081.44	9081	44	3
9574.01	9574	1	10555.58	10555	58	2
8404.36	8404	36	9015.7	9015	70	1
9236.67	9236	67	10130.38	10130	38	1
7762.65	7762	65	7824.56	7824	56	1
7355.48	7355	48	8162.27	8162	27	1
8985.84	8985	84	8545.34	8545	34	5
6676.39	6676	39	6277.67	6277	67	3
9119.82	9119	82	8295.18	8295	18	3
5537.07	5537	7	6519.41	6519	41	1
9234.86	9234	86	9881.12	9881	12	2
9285.82	9285	82	9637.29	9637	29	4
6124.5	6124	50	6122.49	6122	49	2
8671.14	8671	14	8242.98	8242	98	3
9667.38	9667	38	9785.57	9785	57	5
6377.91	6377	91	6143.75	6143	75	1
6551.7	6551	70	6117.47	6117	47	3
8643.17	8643	17	7849.14	7849	14	3
9228.63	9228	63	8390.69	8390	69	3
5609.61	5609	61	6567.42	6567	42	4
8652.49	8652	49	9287.44	9287	44	1
6535.46	6535	46	6971.5	6971	50	1
7361.78	7361	78	7124.73	7124	73	2
6364.01	6364	1	6063.37	6063	37	2
5684	5684	0	6514.33	6514	33	2
8881.75	8881	75	8754.18	8754	18	3
9113.75	9113	75	9952.26	9952	26	4
7288.69	7288	69	7271.97	7271	97	1
8433.57	8433	57	8792.97	8792	97	5
8485.42	8485	42	8688.48	8688	48	3
7233.32	7233	32	7089.15	7089	15	5
7957.65	7957	65	7192.39	7192	39	4
8821.96	8821	96	8561.07	8561	7	4
6399.68	6399	68	5866.83	5866	83	2
7192.32	7192	32	6320.77	6320	77	4
6582.61	6582	61	7385.62	7385	62	2
9517.68	9517	68	8790.08	8790	8	2
6177.68	6177	68	5422.09	5422	9	5
9022.53	9022	53	9983.28	9983	28	4
8635.5	8635	50	8085.25	8085	25	1
7477.76	7477	76	6703.49	6703	49	3
8255.39	8255	39	8862.39	8862	39	5
8682.85	8682	85	9041.51	9041	51	5
8601.26	8601	26	8825.97	8825	97	4
7688.53	7688	53	6865.35	6865	35	4
8349.23	8349	23	7825.07	7825	7	1
5740.17	5740	17	6287.7	6287	70	4
5001.75	5001	75	4301.81	4301	81	3
7754.93	7754	93	6994.18	6994	18	3
5731.8	5731	80	6440.37	6440	37	3
5610.36	5610	36	4867.21	4867	21	4
6405.94	6405	94	6837.62	6837	62	5
7266.26	7266	26	6967.84	6967	84	3
8734.14	8734	14	8755.93	8755	93	5
8532.96	8532	96	7662.96	7662	96	1
8714.78	8714	78	8244.15	8244	15	1
7615.41	7615	41	8066.11	8066	11	4
8408.23	8408	23	9377.22	9377	22	1
6001.48	6001	48	6072.13	6072	13	3
6047.51	6047	51	5413.06	5413	6	3
6892.65	6892	65	6620.7	6620	70	3
8235.8	8235	80	9162.27	9162	27	2
9004.16	9004	16	8605.43	8605	43	3
6476.61	6476	61	6945.74	6945	74	2
5396	5396	0	6347.08	6347	8	3
6959	6959	0	6689.2	6689	20	2
8058.75	8058	75	7886.34	7886	34	5
9914.2	9914	20	10696.15	10696	15	2
8899.68	8899	68	8874.26	8874	26	3
7079.28	7079	28	6867.61	6867	61	3
8548.23	8548	23	9337.38	9337	38	2
6375.44	6375	44	6134.72	6134	72	5
6096.67	6096	67	7048.97	7048	97	5
7230.08	7230	8	7377.86	7377	86	1
5738.22	5738	22	6278.69	6278	69	3
9547.72	9547	72	10233.3	10233	30	5
6341.83	6341	83	6964.92	6964	92	1
7241.91	7241	91	7328.37	7328	37	3
9549.47	9549	47	10535.11	10535	11	5
9095.28	9095	28	9515.11	9515	11	5
7972.71	7972	71	7324.74	7324	74	5
5158.35	5158	35	4401.29	4401	29	3
6263.23	6263	23	6114.7	6114	70	4
5238.49	5238	49	5292.56	5292	56	3
9656.5	9656	50	9477.2	9477	20	2
5557.19	5557	19	5538.66	5538	66	4
9715.28	9715	28	9856.71	9856	71	5
7270.43	7270	43	6541.31	6541	31	2
8965.94	8965	94	8471.86	8471	86	5
5715.28	5715	28	4926.83	4926	83	3
9080.94	9080	94	8718.34	8718	34	1
6620.11	6620	11	6412.56	6412	56	2
9713.6	9713	60	8851.08	8851	8	1
8847.62	8847	62	9086.76	9086	76	3
8096.73	8096	73	7356.28	7356	28	5
5109.6	5109	60	5755.16	5755	16	4
5805.62	5805	62	6331.93	6331	93	4
6153	6153	0	5798.61	5798	61	4
5022.32	5022	32	5449.28	5449	28	5
9704.83	9704	83	9205.19	9205	19	4
8996.28	8996	28	9429.23	9429	23	4
9333.55	9333	55	9548.63	9548	63	1
6841.79	6841	79	7101.9	7101	90	3
5091.47	5091	47	5032.18	5032	18	5
7325.63	7325	63	6686.48	6686	48	4
8342.02	8342	2	7698.57	7698	57	1
9639.19	9639	19	9265.48	9265	48	1
9429.99	9429	99	9971.4	9971	40	4
5582.93	5582	93	6025.92	6025	92	3
9187.18	9187	18	8798.56	8798	56	5
8524.27	8524	27	8485.48	8485	48	4
8555.17	8555	17	8908.64	8908	64	5
5107.53	5107	53	4518.85	4518	85	2
5549.5	5549	50	6362.16	6362	16	2
9556.18	9556	18	10520.2	10520	20	4
5525.55	5525	55	5757.05	5757	5	5
6106.21	6106	21	5456.82	5456	82	3
9270.46	9270	46	9374.9	9374	90	3
7795.99	7795	99	7856.33	7856	33	1
5071.15	5071	15	4485.66	4485	66	2
5747.26	5747	26	6063.71	6063	71	2
7638.45	7638	45	8337.67	8337	67	1
6691.27	6691	27	6897.2	6897	20	5
5460.86	5460	86	5471.79	5471	79	3
6484.08	6484	8	5978.41	5978	41	4
9787.52	9787	52	9810.47	9810	47	2
6332.98	6332	98	5988.92	5988	92	3
8052.22	8052	22	7072.35	7072	35	4
6702.52	6702	52	7370.08	7370	8	2
7117.31	7117	31	6200.18	6200	18	2
8518.05	8518	5	7596.53	7596	53	2
5697.32	5697	32	5797.3	5797	30	2
7212.86	7212	86	7067.81	7067	81	4
5358.85	5358	85	5253.42	5253	42	2
6552.79	6552	79	7150.48	7150	48	1
5300.5	5300	50	5517.29	5517	29	2
8700.39	8700	39	8951.96	8951	96	2
6953.5	6953	50	6176.93	6176	93	4
9729.01	9729	1	9487.66	9487	66	3
9282.84	9282	84	8533.88	8533	88	1
6139.68	6139	68	5530.49	5530	49	3
9015.28	9015	28	9734.15	9734	15	3
8599.01	8599	1	9203.52	9203	52	2
7009.73	7009	73	6812.34	6812	34	2
9564.31	9564	31	9652.28	9652	28	4
8154.2	8154	20	8278.7	8278	70	5
7535.29	7535	29	8127.39	8127	39	3
5670.04	5670	4	6109.1	6109	10	1
7423.18	7423	18	6650.6	6650	60	5
6092.8	6092	80	5744.71	5744	71	1
6504.2	6504	20	6914.75	6914	75	4
8934.45	8934	45	9034.32	9034	32	1
9493.77	9493	77	10401.36	10401	36	1
8958.99	8958	99	8573.94	8573	94	1
5156.31	5156	31	5824.09	5824	9	5
5976.37	5976	37	6936.77	6936	77	1
9507.03	9507	3	10145.39	10145	39	2
6488.3	6488	30	5812.01	5812	1	2
9791.6	9791	60	10328.12	10328	12	2
6208.07	6208	7	6070.47	6070	47	3
9368.13	9368	13	10333.18	10333	18	5
8308.17	8308	17	8923.62	8923	62	5
7669.39	7669	39	8188.74	8188	74	5
6579.99	6579	99	6398.96	6398	96	4
8666.54	8666	54	8175.02	8175	2	1
9221.7	9221	70	9337.2	9337	20	2
6879.01	6879	1	7472.23	7472	23	2
8128.93	8128	93	8888.98	8888	98	4
6173.72	6173	72	6512.13	6512	13	5
7371.02	7371	2	6721.87	6721	87	1
8173.3	8173	30	7183.84	7183	84	5
8075.4	8075	40	8362.62	8362	62	5
6385.83	6385	83	7012.02	7012	2	3
6771.31	6771	31	6942.37	6942	37	3
5846.65	5846	65	6493.95	6493	95	3
6712.14	6712	14	5983.29	5983	29	2
9926.03	9926	3	9220.05	9220	5	3
8381.94	8381	94	8620.32	8620	32	5
7382.18	7382	18	7649.37	7649	37	4
8111.22	8111	22	7190.64	7190	64	2
5236.26	5236	26	5684.04	5684	4	5
9649.9	9649	90	9325.1	9325	10	5
7044.19	7044	19	7223.93	7223	93	4
9729.04	9729	4	9642.37	9642	37	3
8606.89	8606	89	8454.03	8454	3	5
7200.02	7200	2	7047.99	7047	99	4
6468.41	6468	41	5897.14	5897	14	5
8112.44	8112	44	7154.41	7154	41	1
9451.84	9451	84	9179.97	9179	97	5
6258.53	6258	53	7224.25	7224	25	1
5082.51	5082	51	4986.85	4986	85	3
9581.97	9581	97	8830.14	8830	14	5
9567.71	9567	71	10147.85	10147	85	1
7751.42	7751	42	7173.6	7173	60	4
6160.97	6160	97	5785.1	5785	10	5
8995.77	8995	77	9641.86	9641	86	3
7734.64	7734	64	8272.79	8272	79	3
8802.98	8802	98	8020.31	8020	31	1
7123.71	7123	71	7528.82	7528	82	2
8907.36	8907	36	8340.92	8340	92	2
6172.53	6172	53	5297.18	5297	18	2
5295.53	5295	53	5268.67	5268	67	3
7744.28	7744	28	8465.52	8465	52	3
8321.36	8321	36	8630.17	8630	17	4
7066.84	7066	84	7767.02	7767	2	5
8591.94	8591	94	8515.45	8515	45	5
5032.5	5032	50	5613.43	5613	43	2
7754.4	7754	40	8307.06	8307	6	2
7734.4	7734	40	6896.77	6896	77	2
8177.2	8177	20	8024.77	8024	77	3
6628.62	6628	62	7260.67	7260	67	5
7970.67	7970	67	8138.78	8138	78	1
7825.11	7825	11	7906.87	7906	87	2
9435.33	9435	33	8802.61	8802	61	4
8462.23	8462	23	9100.15	9100	15	5
7193.52	7193	52	8122.87	8122	87	1
7398.35	7398	35	7169.58	7169	58	2
9930.16	9930	16	8996.29	8996	29	5
5304.49	5304	49	6276.26	6276	26	3
6848.2	6848	20	7347.56	7347	56	1
6187.7	6187	70	5218.51	5218	51	5
6149	6149	0	5581.12	5581	12	2
6429.17	6429	17	6734.69	6734	69	2
6516.93	6516	93	7127.34	7127	34	2
8901.95	8901	95	8756.71	8756	71	1
8352.66	8352	66	9283.76	9283	76	1
5511.7	5511	70	5324.21	5324	21	2
6634.59	6634	59	6026.48	6026	48	3
7916.17	7916	17	8622.07	8622	7	4
7634.93	7634	93	8409.03	8409	3	3
6304.48	6304	48	5687.38	5687	38	1
9852.7	9852	70	10683.22	10683	22	2
8692.46	8692	46	7996.67	7996	67	5
9811.76	9811	76	10472.89	10472	89	1
8172.06	8172	6	7869.38	7869	38	2
6520.83	6520	83	5525.68	5525	68	1
8401.22	8401	22	7985.35	7985	35	2
8204.08	8204	8	7481.79	7481	79	4
5037.23	5037	23	5152.73	5152	73	3
6135.63	6135	63	5439.12	5439	12	3
6380.8	6380	80	6061.56	6061	56	3
6665.37	6665	37	5968.41	5968	41	4
9868.3	9868	30	10340.87	10340	87	1
9968.43	9968	43	10730.41	10730	41	4
6099.7	6099	70	5769.99	5769	99	2
8329.05	8329	5	8438.02	8438	2	5
7160.96	7160	96	7408.28	7408	28	1
9260.57	9260	57	9702.57	9702	57	5
8258.21	8258	21	8433.28	8433	28	4
8227.97	8227	97	8003.52	8003	52	3
6108.29	6108	29	5605.11	5605	11	3
5208.91	5208	91	4971.77	4971	77	1
9376.49	9376	49	9584.63	9584	63	4
8300.99	8300	99	8660.77	8660	77	4
7487.36	7487	36	8418.11	8418	11	4
9039.44	9039	44	8101.32	8101	32	1
7414.65	7414	65	7704.54	7704	54	5
7998.07	7998	7	7741.31	7741	31	5
6436.56	6436	56	5448.77	5448	77	5
5329.82	5329	82	5324.58	5324	58	5
6394	6394	0	5911.32	5911	32	2
8503.04	8503	4	7898.16	7898	16	3
5180.04	5180	4	4562.8	4562	80	1
5848.99	5848	99	5670.98	5670	98	3
8313.32	8313	32	7368.03	7368	3	3
8352.62	8352	62	8431.16	8431	16	2
7369.82	7369	82	6753.65	6753	65	4
6714.55	6714	55	5910.37	5910	37	4
7318.22	7318	22	7231.94	7231	94	2
7406.05	7406	5	7905.38	7905	38	3
8612.18	8612	18	8112.46	8112	46	4
8698.03	8698	3	8850.51	8850	51	4
9834.94	9834	94	10636.76	10636	76	1
8479	8479	0	9451.33	9451	33	4
9428.46	9428	46	9341.89	9341	89	4
6695.16	6695	16	5723.73	5723	73	5
6808.05	6808	5	6445.33	6445	33	3
6587.94	6587	94	7305.18	7305	18	4
5955.73	5955	73	5982.31	5982	31	4
5828.78	5828	78	6197.58	6197	58	4
5576.91	5576	91	5069.67	5069	67	3
7063.03	7063	3	7145.39	7145	39	1
6799.22	6799	22	5930.35	5930	35	4
5715.41	5715	41	6417.28	6417	28	2
6125.02	6125	2	5566.17	5566	17	5
9287.58	9287	58	8348.46	8348	46	2
9754.37	9754	37	10075.57	10075	57	4
8539.19	8539	19	8827.7	8827	70	1
7284.17	7284	17	6645.74	6645	74	2
6952.93	6952	93	7285.34	7285	34	4
9631.54	9631	54	10471.26	10471	26	5
9442.7	9442	70	9321.06	9321	6	5
5454.49	5454	49	5739.47	5739	47	1
9812.58	9812	58	9033.04	9033	4	5
5289.69	5289	69	5990.03	5990	3	3
9531.82	9531	82	9428.5	9428	50	3
8163.21	8163	21	8021.2	8021	20	3
7658.03	7658	3	8300.67	8300	67	3
7007.89	7007	89	7101.84	7101	84	3
6244.95	6244	95	6572.12	6572	12	5
5826.6	5826	60	5966.03	5966	3	5
5618.59	5618	59	6212.29	6212	29	1
9942.98	9942	98	9421.62	9421	62	3
5659.54	5659	54	5157.79	5157	79	2
9860.59	9860	59	9983.59	9983	59	1
5132.97	5132	97	5082.52	5082	52	2
7355.7	7355	70	6881.52	6881	52	1
6667.16	6667	16	7427.91	7427	91	4
6719.91	6719	91	6386.67	6386	67	5
9073.43	9073	43	9627.8	9627	80	2
8259.94	8259	94	7945.5	7945	50	4
8059.35	8059	35	8220.32	8220	32	3
6898.98	6898	98	6533.18	6533	18	4
5057.68	5057	68	4874.82	4874	82	2
8774.28	8774	28	8193.59	8193	59	1
8023	8023	0	7656.34	7656	34	5
9344.27	9344	27	8780.28	8780	28	5
9290.65	9290	65	10030.16	10030	16	4
7324.72	7324	72	8245.02	8245	2	5
7391.96	7391	96	7188.03	7188	3	1
6242.11	6242	11	6315.47	6315	47	4
6954.26	6954	26	7714.25	7714	25	1
6832.66	6832	66	7508.06	7508	6	1
7459.12	7459	12	6816.94	6816	94	4
6765.84	6765	84	7303.29	7303	29	2
7884.35	7884	35	7817.08	7817	8	5
7752.94	7752	94	7564.42	7564	42	3
5691.57	5691	57	6644.46	6644	46	5
6305.38	6305	38	5879.72	5879	72	2
9759.35	9759	35	10665.26	10665	26	3
stocks
29287.67	29287	67	1
