items_number
250
stocks_number
1
digit
2
items
5755.96	5755	96	6345.7	6345	70	1
7932.67	7932	67	7420.04	7420	4	4
9384.09	9384	9	9142.27	9142	27	4
6683.96	6683	96	6146.1	6146	10	3
9760.45	9760	45	9882.83	9882	83	1
9910.6	9910	60	9995.65	9995	65	5
5260.47	5260	47	5506.92	5506	92	1
9637.46	9637	46	9423.16	9423	16	4
7063.64	7063	64	6374.08	6374	8	5
5721.02	5721	2	6199.49	6199	49	1
8443.27	8443	27	7714.49	7714	49	2
5746.16	5746	16	5867.25	5867	25	4
8558.69	8558	69	8706.47	8706	47	1
5876.86	5876	86	6753.86	6753	86	3
8706.26	8706	26	7882.95	7882	95	3
6199.53	6199	53	5880.02	5880	2	3
8144.09	8144	9	8526.29	8526	29	5
5790.49	5790	49	5789.94	5789	94	5
8839.86	8839	86	9144.37	9144	37	3
5307.55	5307	55	5680.97	5680	97	2
5375.48	5375	48	6360.96	6360	96	2
9017.53	9017	53	8116.73	8116	73	3
5218.74	5218	74	6127.87	6127	87	4
5420.28	5420	28	5988.4	5988	40	4
5870.67	5870	67	6362.69	6362	69	4
7350.21	7350	21	6674.44	6674	44	2
7872.42	7872	42	8722.12	8722	12	2
8978.23	8978	23	9244.99	9244	99	4
6102.38	6102	38	6242.24	6242	24	4
5752.7	5752	70	5032.36	5032	36	3
8443.67	8443	67	8546.67	8546	67	5
6857.86	6857	86	6586.93	6586	93	1
8685.9	8685	90	8453.4	8453	40	1
7826.77	7826	77	8244.91	8244	91	5
9303.82	9303	82	9052.01	9052	1	3
8444.87	8444	87	9335.21	9335	21	2
8499.89	8499	89	8001.56	8001	56	5
5325.82	5325	82	5877.93	5877	93	5
8843.34	8843	34	8076.34	8076	34	2
5561.05	5561	5	4932.61	4932	61	4
6046.84	6046	84	6076.42	6076	42	2
8048.61	8048	61	7109.82	7109	82	5
7070.73	7070	73	7562.85	7562	85	2
9605.05	9605	5	8782.86	8782	86	2
8925.99	8925	99	9864.66	9864	66	4
5775	5775	0	6443.79	6443	79	1
6566.58	6566	58	6424.87	6424	87	2
7068.6	7068	60	6945.95	6945	95	3
6565.01	6565	1	5788.73	5788	73	2
6168.96	6168	96	6889.24	6889	24	4
8138.16	8138	16	7387.92	7387	92	1
7704.49	7704	49	6911.69	6911	69	3
5184.49	5184	49	6004.94	6004	94	4
9119.9	9119	90	9835.78	9835	78	5
8887.78	8887	78	9220.07	9220	7	3
6817.68	6817	68	6685.64	6685	64	2
6468.12	6468	12	5507.22	5507	22	3
6758.72	6758	72	6940.18	6940	18	4
6557.91	6557	91	7249.61	7249	61	2
7571.5	7571	50	7750.43	7750	43	1
7511.94	7511	94	7973.53	7973	53	2
10000.59	10000	59	9351.26	9351	26	4
5190.88	5190	88	5655.35	5655	35	1
6958.84	6958	84	6188.9	6188	90	2
8589.88	8589	88	8915.17	8915	17	3
5256.7	5256	70	4469.35	4469	35	5
6164.72	6164	72	6842.12	6842	12	5
7087.29	7087	29	7916.7	7916	70	2
5581.04	5581	4	6346.28	6346	28	4
5006.58	5006	58	5474.43	5474	43	3
7648.34	7648	34	8405.32	8405	32	5
6628.88	6628	88	6422.67	6422	67	1
8817.19	8817	19	9347.26	9347	26	4
9718.6	9718	60	9966.15	9966	15	3
6995.45	6995	45	6524.51	6524	51	2
7741.19	7741	19	8209.89	8209	89	2
5492.6	5492	60	4965.93	4965	93	5
8561.55	8561	55	8505.38	8505	38	5
5571.31	5571	31	4915.82	4915	82	1
7821.13	7821	13	7517.66	7517	66	1
9729.52	9729	52	9393.6	9393	60	4
9473.47	9473	47	8623.73	8623	73	2
5524.15	5524	15	4985.33	4985	33	5
5675.53	5675	53	4716.52	4716	52	4
8591.38	8591	38	9457.49	9457	49	1
9411.45	9411	45	10205.39	10205	39	3
7492.22	7492	22	6958.16	6958	16	5
5059.02	5059	2	5521.68	5521	68	5
6932.17	6932	17	6907.56	6907	56	3
9049.13	9049	13	9764.76	9764	76	3
7630.04	7630	4	6827.09	6827	9	2
9443.63	9443	63	10438.1	10438	10	1
9812.24	9812	24	8877.99	8877	99	1
8583.92	8583	92	9245.43	9245	43	4
6400.48	6400	48	5624.97	5624	97	5
8400.12	8400	12	8792.16	8792	16	4
8839.14	8839	14	9271.78	9271	78	3
8327.72	8327	72	8786.09	8786	9	1
5486.41	5486	41	5263.84	5263	84	2
5183.19	5183	19	5380.06	5380	6	3
8333.3	8333	30	8259.5	8259	50	4
8134.28	8134	28	7667.16	7667	16	4
6811.59	6811	59	7359.71	7359	71	5
7149.01	7149	1	6604.75	6604	75	4
8614.88	8614	88	8952.3	8952	30	1
9569.57	9569	57	8645.22	8645	22	4
5653.72	5653	72	6133.62	6133	62	1
9869	9869	0	10680.22	10680	22	3
8129.12	8129	12	8150.58	8150	58	3
6224.04	6224	4	6605.43	6605	43	1
7689.13	7689	13	6753.87	6753	87	3
8621.16	8621	16	8863.16	8863	16	3
5696.51	5696	51	5785.16	5785	16	2
8976.28	8976	28	8501.19	8501	19	3
5058.22	5058	22	4898.67	4898	67	1
5050.41	5050	41	4561.62	4561	62	4
8387.73	8387	73	9263.57	9263	57	2
7551.44	7551	44	7858.81	7858	81	2
5109.43	5109	43	6083.3	6083	30	5
5318.42	5318	42	5168.12	5168	12	1
7362.09	7362	9	7383.55	7383	55	5
8502.99	8502	99	9230.38	9230	38	3
5523.06	5523	6	5367.19	5367	19	2
7936.34	7936	34	7580.55	7580	55	2
7084.91	7084	91	7474.79	7474	79	1
7686.06	7686	6	7311.16	7311	16	1
6335.98	6335	98	5370.68	5370	68	2
6686.06	6686	6	6064.57	6064	57	5
6012.3	6012	30	6653.23	6653	23	3
6821.92	6821	92	6190.52	6190	52	4
6869.77	6869	77	7001.6	7001	60	5
5107.6	5107	60	4674.72	4674	72	1
5717.72	5717	72	5619.67	5619	67	2
9443.36	9443	36	9123.31	9123	31	4
8019.61	8019	61	7598.45	7598	45	5
5093.6	5093	60	5890.95	5890	95	4
9774.93	9774	93	9087.51	9087	51	2
8672.34	8672	34	7731.07	7731	7	2
9963.12	9963	12	10571.15	10571	15	1
7902.58	7902	58	7793.09	7793	9	2
5659.9	5659	90	5656.49	5656	49	2
8414.77	8414	77	9086.02	9086	2	1
7285.74	7285	74	7976.22	7976	22	4
7118.41	7118	41	6203.62	6203	62	1
7390.58	7390	58	8144.18	8144	18	5
7344.96	7344	96	6874.88	6874	88	2
7168.35	7168	35	6322.24	6322	24	1
6539.31	6539	31	7168.75	7168	75	3
5657.92	5657	92	6051.69	6051	69	3
7277.3	7277	30	6404.51	6404	51	3
6857.26	6857	26	5892.84	5892	84	3
8782.54	8782	54	9755.25	9755	25	4
6541.3	6541	30	6953.87	6953	87	5
8143.84	8143	84	8023.03	8023	3	1
6718.4	6718	40	6334.77	6334	77	1
8626.73	8626	73	7984.66	7984	66	1
5828.9	5828	90	5890.16	5890	16	3
8053.38	8053	38	7261.45	7261	45	4
6074.79	6074	79	5811.21	5811	21	2
7603.2	7603	20	7306.38	7306	38	1
5637.82	5637	82	4771.97	4771	97	4
8706.08	8706	8	9575.8	9575	80	1
7710.32	7710	32	7537.1	7537	10	3
7117.54	7117	54	6710.62	6710	62	2
8911.97	8911	97	8016.1	8016	10	5
6491.45	6491	45	6897.54	6897	54	2
7974.66	7974	66	7363.55	7363	55	3
8684.9	8684	90	8103.6	8103	60	3
5926.31	5926	31	5948.59	5948	59	5
7936.78	7936	78	8490.69	8490	69	5
7348	7348	0	7215.66	7215	66	4
6585.21	6585	21	7162.06	7162	6	4
7112.56	7112	56	6894.69	6894	69	5
9634.75	9634	75	9191.87	9191	87	5
9466.15	9466	15	9685.68	9685	68	1
9502.14	9502	14	9037.86	9037	86	1
7740.23	7740	23	7828.73	7828	73	1
7397.5	7397	50	7770.89	7770	89	3
6040.97	6040	97	6761.59	6761	59	3
9160.68	9160	68	8198.41	8198	41	5
9674.8	9674	80	9731.39	9731	39	5
8660.75	8660	75	9417.43	9417	43	3
7941.22	7941	22	6951.65	6951	65	4
6978.1	6978	10	6447.26	6447	26	2
7565.59	7565	59	6758.43	6758	43	3
9659.62	9659	62	8842.4	8842	40	1
6366.36	6366	36	6193.89	6193	89	4
9156.01	9156	1	9411.59	9411	59	1
8475.52	8475	52	9424.84	9424	84	1
7440.67	7440	67	8004.1	8004	10	5
6758.73	6758	73	7273.96	7273	96	3
9112.35	9112	35	8194.79	8194	79	5
6908.76	6908	76	6898.87	6898	87	1
5230.57	5230	57	6129.05	6129	5	5
6991.89	6991	89	6666.4	6666	40	1
5818.73	5818	73	5913.96	5913	96	2
6722.03	6722	3	7027.58	7027	58	4
9965.56	9965	56	9587.94	9587	94	3
9502.15	9502	15	9573.54	9573	54	1
7648.34	7648	34	8532.15	8532	15	3
8663.86	8663	86	7838.62	7838	62	3
7612.16	7612	16	8551.18	8551	18	2
9996.08	9996	8	10013.21	10013	21	1
5775.94	5775	94	5733.31	5733	31	4
8008.43	8008	43	7060.03	7060	3	3
5223.23	5223	23	4459.86	4459	86	1
6039.6	6039	60	6532.15	6532	15	5
5747.66	5747	66	5444.76	5444	76	3
7620.73	7620	73	8229.75	8229	75	4
7843.58	7843	58	7614.74	7614	74	4
9907.86	9907	86	9643.17	9643	17	4
7294.05	7294	5	6960.14	6960	14	5
7265.85	7265	85	6792.15	6792	15	1
7848.08	7848	8	7151.79	7151	79	4
5034.68	5034	68	5169.37	5169	37	1
9831.45	9831	45	9108.56	9108	56	4
8269.22	8269	22	7756.19	7756	19	4
6400.04	6400	4	6919.26	6919	26	4
8986.98	8986	98	9075.15	9075	15	1
6743.75	6743	75	6178.01	6178	1	2
8840.71	8840	71	8923.35	8923	35	4
6507.72	6507	72	6111.09	6111	9	3
6617.1	6617	10	5692.78	5692	78	1
6510.47	6510	47	5582.23	5582	23	1
7500.29	7500	29	7002.11	7002	11	4
9372.51	9372	51	9122.18	9122	18	3
7328.72	7328	72	7052.17	7052	17	4
9222.84	9222	84	9586.69	9586	69	2
9336.59	9336	59	9708.12	9708	12	3
7592.88	7592	88	8388.69	8388	69	1
7632.19	7632	19	7437.81	7437	81	5
8762.98	8762	98	9310.73	9310	73	2
5203.04	5203	4	5494.86	5494	86	4
8390.27	8390	27	9212.02	9212	2	2
5299.92	5299	92	4361.02	4361	2	5
8212.47	8212	47	8555.87	8555	87	1
8614.02	8614	2	7671.87	7671	87	5
6338.53	6338	53	6450.17	6450	17	1
9722.65	9722	65	8762.63	8762	63	5
6233.75	6233	75	6900.61	6900	61	5
9944.63	9944	63	10827.9	10827	90	5
5391.52	5391	52	5167.79	5167	79	4
9290.32	9290	32	10180.72	10180	72	1
7209.48	7209	48	6618.03	6618	3	5
8239.12	8239	12	7875.56	7875	56	2
9324	9324	0	9348.1	9348	10	2
7802.45	7802	45	7488.58	7488	58	5
7270.35	7270	35	7393.72	7393	72	3
5723.04	5723	4	4822.33	4822	33	2
7550.44	7550	44	8326.7	8326	70	5
stocks
15124.41	15124	41	1
