items_number
200
stocks_number
1
digit
2
items
7501.64	7501	64	6646.54	6646	54	5
6283	6283	0	5347.71	5347	71	4
5123.39	5123	39	4841.16	4841	16	4
6648.16	6648	16	6222.49	6222	49	1
8687.74	8687	74	8582.67	8582	67	2
6040.7	6040	70	6334.88	6334	88	5
9974.44	9974	44	9685.32	9685	32	3
7377.94	7377	94	7653.78	7653	78	4
8956.09	8956	9	9470.02	9470	2	4
6075.76	6075	76	5747.92	5747	92	2
9281.6	9281	60	8350.44	8350	44	2
8966.59	8966	59	9951.24	9951	24	5
9653.04	9653	4	9316.67	9316	67	5
5186.57	5186	57	5072.08	5072	8	4
9698.94	9698	94	9833.18	9833	18	2
5089.02	5089	2	5538.47	5538	47	1
7714.02	7714	2	7027.64	7027	64	1
8517.65	8517	65	9337.4	9337	40	2
6639.88	6639	88	6804.4	6804	40	2
8904.76	8904	76	9623.9	9623	90	3
5395.55	5395	55	5831.98	5831	98	1
9810.19	9810	19	10534.24	10534	24	1
9070.83	9070	83	8455.07	8455	7	2
6424.3	6424	30	7371.3	7371	30	3
9850.58	9850	58	10802.23	10802	23	2
5004.14	5004	14	5493.8	5493	80	3
7936.94	7936	94	8523.19	8523	19	5
7512.74	7512	74	7760.75	7760	75	5
8875.96	8875	96	8725.76	8725	76	2
9712.85	9712	85	8952.5	8952	50	3
5137.94	5137	94	4682.72	4682	72	4
6375.6	6375	60	6371.28	6371	28	3
5994.37	5994	37	5298.21	5298	21	1
6023.85	6023	85	6287.87	6287	87	5
8023.76	8023	76	8150.74	8150	74	5
5443.12	5443	12	5199.85	5199	85	5
7063.56	7063	56	6177.75	6177	75	4
8759.2	8759	20	9597.06	9597	6	5
7820.06	7820	6	6852.64	6852	64	3
6018.17	6018	17	6646.75	6646	75	2
9834.48	9834	48	9343.97	9343	97	3
7863.18	7863	18	8522.06	8522	6	4
5747.28	5747	28	6360.98	6360	98	4
9486.53	9486	53	9658.62	9658	62	4
8050.75	8050	75	7595.11	7595	11	4
6207.22	6207	22	5511.15	5511	15	2
5338.07	5338	7	4515.08	4515	8	4
5763.77	5763	77	5178.73	5178	73	5
5486.39	5486	39	4609.52	4609	52	5
6977.47	6977	47	6876.47	6876	47	5
5429.53	5429	53	4562.63	4562	63	4
6644.47	6644	47	7203.5	7203	50	5
6786.67	6786	67	6409.71	6409	71	2
5262.88	5262	88	4780.69	4780	69	5
8069.29	8069	29	8575.79	8575	79	4
6635.77	6635	77	5766.91	5766	91	3
5266.02	5266	2	5830.47	5830	47	4
6767.23	6767	23	6416.95	6416	95	4
9148.03	9148	3	9084.67	9084	67	2
9141.98	9141	98	8555.21	8555	21	3
6478.61	6478	61	5924.45	5924	45	3
9285.98	9285	98	9767.39	9767	39	3
6278.59	6278	59	6245.46	6245	46	2
8235.98	8235	98	7542.64	7542	64	5
6071.83	6071	83	5373.24	5373	24	4
5063.87	5063	87	4156.2	4156	20	2
8679.62	8679	62	8743.49	8743	49	4
8134.91	8134	91	7550.97	7550	97	2
8822.6	8822	60	9754.24	9754	24	1
7261.2	7261	20	6914.11	6914	11	1
9916.08	9916	8	8959.72	8959	72	1
8656.08	8656	8	9654.19	9654	19	5
5124.38	5124	38	4435.15	4435	15	1
5662.88	5662	88	6318.68	6318	68	1
8904.13	8904	13	8631.81	8631	81	3
8174.13	8174	13	7587.25	7587	25	5
6869.63	6869	63	7829.82	7829	82	4
9242.2	9242	20	8703.88	8703	88	1
9700.42	9700	42	9085.95	9085	95	1
8118.54	8118	54	8758.34	8758	34	3
6982.68	6982	68	7343.33	7343	33	5
5128.48	5128	48	4647.58	4647	58	1
9763.01	9763	1	9962.81	9962	81	4
8768.87	8768	87	9309.02	9309	2	1
5390.36	5390	36	4984.25	4984	25	1
7831.3	7831	30	7092.58	7092	58	2
6166.64	6166	64	6395.93	6395	93	5
5656.39	5656	39	6372.69	6372	69	1
9598.06	9598	6	9065.54	9065	54	2
5313.68	5313	68	4477.58	4477	58	4
5559.89	5559	89	6246.87	6246	87	5
6838.19	6838	19	6751.96	6751	96	4
5360.18	5360	18	6006.94	6006	94	1
6837.48	6837	48	6490.33	6490	33	2
5072.69	5072	69	5292.6	5292	60	4
7194.01	7194	1	8142.18	8142	18	4
7663.88	7663	88	6966.51	6966	51	5
9514.32	9514	32	10355.08	10355	8	4
5328.93	5328	93	4691.13	4691	13	2
6485.48	6485	48	5719.74	5719	74	5
6775.52	6775	52	6268.16	6268	16	5
5243.53	5243	53	6208.84	6208	84	4
5903.08	5903	8	6693.92	6693	92	1
7662.43	7662	43	7467.3	7467	30	5
6668.94	6668	94	7288.51	7288	51	1
9807.22	9807	22	8880.71	8880	71	3
6598.08	6598	8	6373.53	6373	53	1
9300.57	9300	57	9437.33	9437	33	4
9812.94	9812	94	9346.57	9346	57	3
6297.51	6297	51	6458.48	6458	48	1
7417.11	7417	11	6750.65	6750	65	3
6793.14	6793	14	7245.9	7245	90	4
6425.51	6425	51	6662.05	6662	5	2
7179.65	7179	65	7711.46	7711	46	3
6323.01	6323	1	6315.89	6315	89	1
7579.39	7579	39	7967.27	7967	27	4
5772.47	5772	47	6122.03	6122	3	5
7489.18	7489	18	8267.82	8267	82	5
8998.78	8998	78	9101.94	9101	94	1
6132.05	6132	5	6949.56	6949	56	3
8565.38	8565	38	9508.38	9508	38	3
9558.68	9558	68	8904.81	8904	81	1
8733.24	8733	24	8019.5	8019	50	4
9689.56	9689	56	9834.32	9834	32	5
7157.68	7157	68	6713.13	6713	13	2
9569.94	9569	94	9633.09	9633	9	4
6882.57	6882	57	6532.48	6532	48	5
9821.08	9821	8	9681.63	9681	63	1
9082.26	9082	26	8986.14	8986	14	2
7210.02	7210	2	6780.6	6780	60	4
7068.08	7068	8	6719.37	6719	37	2
6619.3	6619	30	7017.29	7017	29	1
8216.08	8216	8	7750.43	7750	43	4
7971.17	7971	17	7411.27	7411	27	2
9281.25	9281	25	10041.57	10041	57	3
9884.02	9884	2	10596.93	10596	93	5
8540.91	8540	91	8053.98	8053	98	4
6641.34	6641	34	6175.08	6175	8	3
9183.11	9183	11	8588.24	8588	24	5
8351.85	8351	85	7956.55	7956	55	3
7938.37	7938	37	8190.55	8190	55	4
7363.74	7363	74	7101.86	7101	86	3
5906	5906	0	4962.43	4962	43	1
5126.88	5126	88	4614.57	4614	57	2
9542.91	9542	91	10370.33	10370	33	5
7230.01	7230	1	6836.33	6836	33	1
7705.27	7705	27	8582.82	8582	82	2
6077.39	6077	39	5811.33	5811	33	1
5481.71	5481	71	4864.13	4864	13	2
7465.58	7465	58	7001.76	7001	76	2
7972.44	7972	44	7523.88	7523	88	1
9047.09	9047	9	9930.51	9930	51	2
7785.78	7785	78	7668.57	7668	57	2
6705.21	6705	21	6099.38	6099	38	4
9498.65	9498	65	9526.8	9526	80	1
9943.98	9943	98	10382.67	10382	67	5
6273.15	6273	15	6731.44	6731	44	2
6379.75	6379	75	7057.28	7057	28	1
5525.07	5525	7	6381.3	6381	30	2
6117.93	6117	93	5479.57	5479	57	3
9353.29	9353	29	10158.86	10158	86	1
7593.15	7593	15	7100.64	7100	64	3
8500.75	8500	75	8817.86	8817	86	1
7568.37	7568	37	6907.27	6907	27	4
5563.32	5563	32	5067.91	5067	91	1
8543.01	8543	1	8619.41	8619	41	3
8215.91	8215	91	8823.18	8823	18	3
9866.23	9866	23	9884.87	9884	87	1
5184.87	5184	87	5351.48	5351	48	5
7397.54	7397	54	6409.41	6409	41	3
8980.61	8980	61	9160.4	9160	40	3
8122.24	8122	24	7541.01	7541	1	5
5522.81	5522	81	4829.28	4829	28	2
9886.61	9886	61	9679.81	9679	81	3
8248.64	8248	64	8155.58	8155	58	3
5827.72	5827	72	4961.58	4961	58	3
7878.14	7878	14	8277.14	8277	14	5
6715.43	6715	43	6055.38	6055	38	4
6904.11	6904	11	6773.9	6773	90	1
9123.38	9123	38	9463.24	9463	24	4
9944.01	9944	1	9821.14	9821	14	3
5638.08	5638	8	5615.76	5615	76	1
8169.47	8169	47	8391.72	8391	72	5
7728.31	7728	31	8045.68	8045	68	4
8106.29	8106	29	8477.12	8477	12	4
8429.65	8429	65	9236.51	9236	51	5
7670.3	7670	30	6982.36	6982	36	1
5141.44	5141	44	4527.56	4527	56	2
9808.92	9808	92	9849.78	9849	78	2
8195.37	8195	37	7363.63	7363	63	2
6259.89	6259	89	6007.13	6007	13	4
9923.21	9923	21	9769.62	9769	62	2
6550.52	6550	52	6225.28	6225	28	2
5521.64	5521	64	4585.96	4585	96	4
7491.11	7491	11	7233.88	7233	88	1
7113.37	7113	37	6849.17	6849	17	2
9064.17	9064	17	8761.37	8761	37	1
6468.54	6468	54	5817.04	5817	4	5
6979.6	6979	60	7290.02	7290	2	3
9248.04	9248	4	10112.84	10112	84	3
stocks
6132.05	6132	5	1
