items_number
200
stocks_number
1
digit
2
items
796.56	796	56	889.86	889	86	3
543.61	543	61	540.82	540	82	3
862.97	862	97	780.64	780	64	4
884.95	884	95	924.99	924	99	2
514.74	514	74	533.04	533	4	1
683.79	683	79	773.15	773	15	5
762.73	762	73	857.67	857	67	4
986.76	986	76	919.23	919	23	3
697.38	697	38	697.75	697	75	1
563.49	563	49	521.56	521	56	3
702.49	702	49	609.29	609	29	1
657.75	657	75	663.24	663	24	5
900.53	900	53	970.43	970	43	5
602.25	602	25	609.08	609	8	2
583.2	583	20	546.32	546	32	4
620.81	620	81	634.9	634	90	1
758.31	758	31	727.97	727	97	4
915.23	915	23	937.77	937	77	5
603.16	603	16	586.86	586	86	3
503.21	503	21	442.89	442	89	1
687.95	687	95	634.59	634	59	2
526.09	526	9	468.04	468	4	4
673.16	673	16	613.3	613	30	1
981.41	981	41	897.27	897	27	5
758.58	758	58	662.72	662	72	4
543.47	543	47	567.2	567	20	2
977.68	977	68	970.51	970	51	3
600.82	600	82	635.61	635	61	2
801.45	801	45	853.61	853	61	5
748.55	748	55	718.35	718	35	4
631.34	631	34	600.46	600	46	1
596.54	596	54	590.45	590	45	2
537.16	537	16	604.18	604	18	2
739.84	739	84	676.1	676	10	2
981.49	981	49	914.44	914	44	1
798.43	798	43	734.19	734	19	2
922.15	922	15	849.25	849	25	3
989.22	989	22	1067.1	1067	10	4
783.71	783	71	752.39	752	39	1
865.53	865	53	842.99	842	99	3
551.72	551	72	637.65	637	65	4
732.73	732	73	659.68	659	68	3
521.81	521	81	554.21	554	21	2
697.25	697	25	752.08	752	8	3
580.5	580	50	614.75	614	75	4
851.53	851	53	947.53	947	53	1
564.06	564	6	482.95	482	95	5
838.81	838	81	891.7	891	70	5
512.76	512	76	480.28	480	28	2
667.74	667	74	669.81	669	81	2
841.55	841	55	883.59	883	59	2
699.71	699	71	664.84	664	84	3
693.35	693	35	687.82	687	82	5
760.71	760	71	842.89	842	89	3
927.64	927	64	859.12	859	12	4
698.94	698	94	697.54	697	54	1
549.7	549	70	505.07	505	7	4
903.32	903	32	928.62	928	62	3
798.28	798	28	882.16	882	16	4
850.68	850	68	757.65	757	65	5
650.87	650	87	695.95	695	95	2
675.62	675	62	627.59	627	59	5
693.22	693	22	694.1	694	10	3
688.56	688	56	700.11	700	11	3
914.98	914	98	854.69	854	69	3
920.23	920	23	904.53	904	53	3
986.99	986	99	984.29	984	29	1
581.14	581	14	498.91	498	91	5
654.46	654	46	565.62	565	62	4
515.22	515	22	582.67	582	67	4
692.19	692	19	686.9	686	90	2
705.7	705	70	803.25	803	25	4
747.95	747	95	791.33	791	33	1
960	960	0	1037.11	1037	11	1
649.95	649	95	651.3	651	30	1
827.46	827	46	805.06	805	6	5
811.53	811	53	833.61	833	61	3
713.53	713	53	734.25	734	25	3
911.79	911	79	992.75	992	75	1
569.29	569	29	609.86	609	86	4
880.8	880	80	953.04	953	4	4
752.34	752	34	775.35	775	35	2
514.53	514	53	570.71	570	71	3
819.15	819	15	785.86	785	86	1
758.57	758	57	712.22	712	22	4
941.17	941	17	1029.82	1029	82	1
516.61	516	61	531.4	531	40	1
554.8	554	80	564.28	564	28	4
589.02	589	2	551.42	551	42	4
561.89	561	89	559.53	559	53	1
904	904	0	871.92	871	92	3
740.41	740	41	646.35	646	35	2
736.04	736	4	737.11	737	11	2
843.74	843	74	861.02	861	2	3
674.97	674	97	642.45	642	45	1
897.02	897	2	938.79	938	79	4
762.97	762	97	663.52	663	52	2
906.48	906	48	972.71	972	71	1
978.68	978	68	986.7	986	70	5
916.43	916	43	829.13	829	13	5
921.71	921	71	954.37	954	37	4
670.88	670	88	722.58	722	58	2
868.13	868	13	778.37	778	37	5
914.18	914	18	840.69	840	69	5
629.88	629	88	657.66	657	66	4
763.6	763	60	775.65	775	65	1
740.16	740	16	744.75	744	75	1
686.42	686	42	786.26	786	26	1
976.14	976	14	1059.89	1059	89	3
651.96	651	96	586.5	586	50	1
501.23	501	23	541.12	541	12	1
601.46	601	46	656.93	656	93	3
649.3	649	30	707.82	707	82	4
516.28	516	28	511.8	511	80	3
920.61	920	61	992.77	992	77	3
653.88	653	88	715.04	715	4	5
703.46	703	46	635.6	635	60	5
683.23	683	23	619.15	619	15	5
707.68	707	68	629.29	629	29	3
793.48	793	48	787.03	787	3	5
744.64	744	64	729.68	729	68	1
611.68	611	68	600.19	600	19	3
532.41	532	41	482.37	482	37	1
980.68	980	68	1016.78	1016	78	2
700.42	700	42	607.18	607	18	5
953.39	953	39	972.8	972	80	1
876.23	876	23	852.55	852	55	3
963.91	963	91	1022.7	1022	70	3
858.87	858	87	842.51	842	51	4
600.91	600	91	634.23	634	23	2
624.35	624	35	646.82	646	82	3
525.1	525	10	592.87	592	87	4
516.79	516	79	501.78	501	78	5
738	738	0	770.17	770	17	2
939.29	939	29	1033.57	1033	57	5
645.68	645	68	557.42	557	42	3
500.13	500	13	595.81	595	81	4
679.45	679	45	626.32	626	32	5
578.62	578	62	489.67	489	67	5
976.79	976	79	1003.69	1003	69	3
576.41	576	41	558.79	558	79	2
579.37	579	37	580.77	580	77	5
576.25	576	25	558.62	558	62	3
972.24	972	24	1062.62	1062	62	3
842.66	842	66	888.57	888	57	4
743.86	743	86	646.37	646	37	5
624.64	624	64	626.63	626	63	2
545.64	545	64	623.18	623	18	4
926.61	926	61	1016.51	1016	51	2
578.84	578	84	602.9	602	90	4
838.64	838	64	759.18	759	18	3
916.26	916	26	890.19	890	19	2
936.04	936	4	848.09	848	9	3
870.05	870	5	842.52	842	52	1
895.94	895	94	804.94	804	94	5
635.98	635	98	705.27	705	27	4
822.44	822	44	913.32	913	32	1
517.69	517	69	452.47	452	47	2
844.89	844	89	873.96	873	96	2
926.84	926	84	850.81	850	81	1
617.61	617	61	686.69	686	69	4
969.76	969	76	869.76	869	76	1
951.94	951	94	993.68	993	68	5
633.4	633	40	586.47	586	47	3
706.29	706	29	739.92	739	92	4
890.23	890	23	925.23	925	23	4
524.6	524	60	439.89	439	89	3
707.42	707	42	684.72	684	72	5
815.21	815	21	847.52	847	52	1
849.74	849	74	927.54	927	54	2
929.21	929	21	832.41	832	41	2
637.14	637	14	702.3	702	30	4
929.64	929	64	857.31	857	31	4
752.98	752	98	687.01	687	1	1
855.9	855	90	909.91	909	91	1
770.3	770	30	845.86	845	86	2
741.84	741	84	830.37	830	37	1
979.54	979	54	884.52	884	52	2
561.94	561	94	563.02	563	2	5
666.98	666	98	745.87	745	87	2
556.38	556	38	585.42	585	42	3
899.1	899	10	923.19	923	19	5
581.24	581	24	483.05	483	5	5
738.42	738	42	730.51	730	51	5
768.15	768	15	814.68	814	68	5
722.7	722	70	785.96	785	96	4
874.4	874	40	835.75	835	75	4
836.6	836	60	872.98	872	98	2
986.92	986	92	1034.44	1034	44	3
717.3	717	30	757.71	757	71	5
508.96	508	96	518.79	518	79	3
849.53	849	53	866.11	866	11	1
932.58	932	58	973.45	973	45	2
705.9	705	90	656.45	656	45	4
728.45	728	45	748.56	748	56	5
638.87	638	87	561.35	561	35	5
841.66	841	66	877.66	877	66	2
753.06	753	6	739.43	739	43	4
591.29	591	29	541.07	541	7	4
655.39	655	39	623.18	623	18	4
stocks
4879.78	4879	78	1
