items_number
200
stocks_number
1
digit
2
items
8496.55	8496	55	8150.03	8150	3	4
5806.58	5806	58	6760.68	6760	68	1
5138.02	5138	2	4758.66	4758	66	1
6789.01	6789	1	7376.94	7376	94	2
7644.68	7644	68	8181.17	8181	17	1
7701.17	7701	17	6816.22	6816	22	2
6906.05	6906	5	7686.13	7686	13	5
7661.9	7661	90	8352.46	8352	46	3
5013.37	5013	37	5966.42	5966	42	5
6227.16	6227	16	7189.8	7189	80	2
8570.12	8570	12	9279.05	9279	5	5
5656.66	5656	66	5787.25	5787	25	4
9955.17	9955	17	9648.54	9648	54	3
9592.08	9592	8	10556.13	10556	13	4
9883.03	9883	3	10881.36	10881	36	3
8486.18	8486	18	8334.82	8334	82	3
5451.36	5451	36	4887.35	4887	35	1
5174.99	5174	99	5158.1	5158	10	3
8651.97	8651	97	9443.04	9443	4	5
8517.33	8517	33	7526.81	7526	81	1
7531.35	7531	35	8220.1	8220	10	5
8709.64	8709	64	9187.34	9187	34	5
6600.78	6600	78	7479.48	7479	48	4
8561.2	8561	20	9104.5	9104	50	3
6777.84	6777	84	7183.97	7183	97	1
8878.45	8878	45	8414.42	8414	42	5
9608.16	9608	16	9668.62	9668	62	2
7817.22	7817	22	7348.74	7348	74	3
6225.09	6225	9	5775.61	5775	61	5
9811.15	9811	15	10378.73	10378	73	3
5236.33	5236	33	6043.55	6043	55	1
5484.64	5484	64	5688.61	5688	61	5
5617.73	5617	73	6137.41	6137	41	1
5374.87	5374	87	4800.21	4800	21	1
7273.17	7273	17	6621.55	6621	55	3
8261.41	8261	41	7874.57	7874	57	3
8838.56	8838	56	7937.42	7937	42	2
9943.23	9943	23	9070.67	9070	67	3
6685.84	6685	84	5988.03	5988	3	5
8851.46	8851	46	7902.81	7902	81	4
6932.91	6932	91	7578.45	7578	45	4
5254.48	5254	48	4265.05	4265	5	5
5269.12	5269	12	5451.04	5451	4	2
7650.08	7650	8	6988.96	6988	96	1
9846.08	9846	8	10821.16	10821	16	5
5151.67	5151	67	4887.4	4887	40	1
6135.79	6135	79	5878.79	5878	79	5
6059.44	6059	44	7028.48	7028	48	5
5326.66	5326	66	6046.47	6046	47	3
5548.76	5548	76	5082.82	5082	82	5
9577.29	9577	29	10555.29	10555	29	2
7857.01	7857	1	7822.56	7822	56	2
5020.4	5020	40	5589.14	5589	14	4
6939.6	6939	60	7796.76	7796	76	2
6417.73	6417	73	5924.07	5924	7	2
6797.25	6797	25	6772.1	6772	10	4
5816.05	5816	5	5208.17	5208	17	1
6787.9	6787	90	7355.66	7355	66	3
9614.99	9614	99	9677.81	9677	81	3
7804.66	7804	66	7747.75	7747	75	3
6598.05	6598	5	6289.39	6289	39	5
5612.84	5612	84	5481.34	5481	34	4
8288.83	8288	83	8992.36	8992	36	2
7978.3	7978	30	7188.79	7188	79	2
6749.71	6749	71	6602.54	6602	54	1
6324	6324	0	6933.88	6933	88	5
7001.23	7001	23	6381.34	6381	34	4
5586.28	5586	28	5538.94	5538	94	3
6266.75	6266	75	6559.53	6559	53	4
8686.59	8686	59	8370.34	8370	34	1
5200.74	5200	74	5203.73	5203	73	3
8961.67	8961	67	8899.97	8899	97	2
8941.07	8941	7	8193.37	8193	37	2
5469.38	5469	38	6211.75	6211	75	1
6610.27	6610	27	6443.93	6443	93	5
9549.15	9549	15	8776.52	8776	52	1
5621.57	5621	57	4655.15	4655	15	2
7745.06	7745	6	8321.7	8321	70	4
5608.11	5608	11	4803.97	4803	97	3
6710.23	6710	23	7021.59	7021	59	4
9057.34	9057	34	9724.51	9724	51	5
5947.93	5947	93	6677.26	6677	26	4
5329.76	5329	76	4605.16	4605	16	3
9077.27	9077	27	8870.62	8870	62	5
7886.53	7886	53	8029.99	8029	99	1
6747.5	6747	50	6087.2	6087	20	4
6636.04	6636	4	6961.71	6961	71	3
9465.58	9465	58	9558.14	9558	14	3
9297.4	9297	40	9762.83	9762	83	1
6250.03	6250	3	5637.5	5637	50	1
7268.77	7268	77	7861.88	7861	88	5
6657.97	6657	97	5812.23	5812	23	2
7625.87	7625	87	7882.83	7882	83	1
5556.6	5556	60	5852.22	5852	22	2
9635.79	9635	79	10558.99	10558	99	4
9375.1	9375	10	10042.36	10042	36	1
7643.12	7643	12	7105.1	7105	10	3
7399.02	7399	2	6702.34	6702	34	4
9961.9	9961	90	9579.28	9579	28	5
9672.4	9672	40	10427.6	10427	60	1
6084.62	6084	62	6071.65	6071	65	4
5923.64	5923	64	6101.98	6101	98	2
8632.59	8632	59	8325.57	8325	57	4
5787.21	5787	21	6026.02	6026	2	5
7156.54	7156	54	6632.73	6632	73	5
5242.38	5242	38	5768.49	5768	49	5
6099.89	6099	89	6122.53	6122	53	3
7777.11	7777	11	7287.85	7287	85	1
8750.97	8750	97	8409.17	8409	17	1
6707.52	6707	52	6482.48	6482	48	5
5249.34	5249	34	6070.45	6070	45	1
7806.31	7806	31	7131.67	7131	67	5
8417.45	8417	45	7479.73	7479	73	3
5578.63	5578	63	6232.58	6232	58	3
7645.1	7645	10	7320.3	7320	30	5
6302.98	6302	98	6507.71	6507	71	5
7325.13	7325	13	8320.75	8320	75	1
9282.14	9282	14	10282.98	10282	98	4
6529.09	6529	9	5826.84	5826	84	3
7385.05	7385	5	7844.58	7844	58	3
5531.69	5531	69	4918.49	4918	49	1
8797.86	8797	86	9687.73	9687	73	2
9042.54	9042	54	9214.8	9214	80	2
8919.08	8919	8	9120.3	9120	30	1
5115.98	5115	98	4858.92	4858	92	3
9440.33	9440	33	9534.78	9534	78	5
8293.19	8293	19	8160.63	8160	63	2
7758.62	7758	62	7963.03	7963	3	2
6838.87	6838	87	7235.1	7235	10	5
8254.09	8254	9	8739.9	8739	90	3
7429.02	7429	2	7388.62	7388	62	2
8685.01	8685	1	9626.74	9626	74	4
9940.26	9940	26	9159.89	9159	89	5
6824.61	6824	61	7033.18	7033	18	3
9473.23	9473	23	9210.76	9210	76	5
7095.8	7095	80	6790.6	6790	60	1
7829	7829	0	7564.64	7564	64	2
5571.12	5571	12	5888.27	5888	27	2
5634.44	5634	44	5839.46	5839	46	1
6578.97	6578	97	6529.8	6529	80	2
8041.16	8041	16	8691.75	8691	75	1
5883.3	5883	30	5465.88	5465	88	1
5147.8	5147	80	5423.46	5423	46	4
6457.62	6457	62	7169.46	7169	46	1
6462.93	6462	93	7256.46	7256	46	1
7792.91	7792	91	8744.73	8744	73	5
8522.12	8522	12	8438.17	8438	17	5
9550.58	9550	58	10338.21	10338	21	3
7073.57	7073	57	8024.71	8024	71	5
5813.21	5813	21	5584.99	5584	99	2
6934.63	6934	63	6737.76	6737	76	3
8367.27	8367	27	9262.18	9262	18	1
5372.59	5372	59	4589.72	4589	72	4
5976.17	5976	17	6951.55	6951	55	4
7286.87	7286	87	6938.46	6938	46	3
5488.09	5488	9	5005.64	5005	64	3
6178.02	6178	2	5804.33	5804	33	5
5578.06	5578	6	6097.09	6097	9	1
9009.72	9009	72	9731.64	9731	64	5
8016.9	8016	90	8596.42	8596	42	4
9595.68	9595	68	9155.97	9155	97	4
7201.74	7201	74	6439.25	6439	25	3
6700.91	6700	91	7221.16	7221	16	4
9535.94	9535	94	9314.84	9314	84	5
9025.88	9025	88	9029.4	9029	40	5
6935.66	6935	66	7750.89	7750	89	4
7392.26	7392	26	7423.44	7423	44	5
6853.4	6853	40	7592.02	7592	2	4
7506.78	7506	78	7637.17	7637	17	2
8027.7	8027	70	7262.89	7262	89	5
9194.37	9194	37	8883.79	8883	79	2
6309.47	6309	47	6089.89	6089	89	3
8910.53	8910	53	8285.75	8285	75	2
9341.69	9341	69	9864.25	9864	25	2
8529.09	8529	9	8020.35	8020	35	3
5371.46	5371	46	4539.21	4539	21	4
7133.6	7133	60	7164.95	7164	95	1
7813.73	7813	73	7778.5	7778	50	4
9922.05	9922	5	10435.39	10435	39	2
9206.7	9206	70	8744.65	8744	65	3
8626.47	8626	47	8919.49	8919	49	1
7618.2	7618	20	6933.16	6933	16	4
8336.49	8336	49	7769.82	7769	82	3
8999.58	8999	58	9509.19	9509	19	1
9357.38	9357	38	10205.7	10205	70	2
5621.36	5621	36	5263.26	5263	26	2
5249.68	5249	68	5834.8	5834	80	3
5534.92	5534	92	4564.01	4564	1	1
6199.95	6199	95	6918.33	6918	33	3
5020.92	5020	92	5326.45	5326	45	4
9313.82	9313	82	9923.42	9923	42	1
6557.63	6557	63	5835.3	5835	30	1
7221.18	7221	18	7322.67	7322	67	4
6776.26	6776	26	6906.55	6906	55	5
6091.09	6091	9	5706.14	5706	14	5
7008.06	7008	6	6113.05	6113	5	5
8711.92	8711	92	8212.45	8212	45	5
9246.35	9246	35	9892.57	9892	57	1
9624.46	9624	46	10025.06	10025	6	5
6980.23	6980	23	7613.59	7613	59	1
stocks
12155.86	12155	86	1
