items_number
200
stocks_number
1
digit
6
items
506.576785	506	576785	516.576785	516	576785	5
510.621484	510	621484	520.621484	520	621484	5
753.133246	753	133246	763.133246	763	133246	3
546.811881	546	811881	556.811881	556	811881	3
929.917765	929	917765	939.917765	939	917765	3
755.873549	755	873549	765.873549	765	873549	4
649.858574	649	858574	659.858574	659	858574	2
986.694599	986	694599	996.694599	996	694599	5
871.418278	871	418278	881.418278	881	418278	4
613.668411	613	668411	623.668411	623	668411	4
719.453878	719	453878	729.453878	729	453878	3
913.840871	913	840871	923.840871	923	840871	4
666.913081	666	913081	676.913081	676	913081	1
983.991433	983	991433	993.991433	993	991433	1
761.035625	761	35625	771.035625	771	35625	1
588.327236	588	327236	598.327236	598	327236	1
685.810408	685	810408	695.810408	695	810408	3
890.149672	890	149672	900.149672	900	149672	5
773.063093	773	63093	783.063093	783	63093	1
753.390595	753	390595	763.390595	763	390595	3
825.503413	825	503413	835.503413	835	503413	5
526.596095	526	596095	536.596095	536	596095	1
829.530501	829	530501	839.530501	839	530501	2
772.58649	772	586490	782.58649	782	586490	4
551.063681	551	63681	561.063681	561	63681	2
686.035656	686	35656	696.035656	696	35656	1
632.064891	632	64891	642.064891	642	64891	3
631.253317	631	253317	641.253317	641	253317	3
606.174903	606	174903	616.174903	616	174903	4
722.148345	722	148345	732.148345	732	148345	3
777.4641	777	464100	787.4641	787	464100	5
859.751688	859	751688	869.751688	869	751688	5
733.769829	733	769829	743.769829	743	769829	4
529.597346	529	597346	539.597346	539	597346	3
651.563569	651	563569	661.563569	661	563569	3
908.203947	908	203947	918.203947	918	203947	3
530.987247	530	987247	540.987247	540	987247	3
801.938496	801	938496	811.938496	811	938496	1
893.414898	893	414898	903.414898	903	414898	2
648.405525	648	405525	658.405525	658	405525	4
914.606907	914	606907	924.606907	924	606907	4
858.868776	858	868776	868.868776	868	868776	1
560.762748	560	762748	570.762748	570	762748	4
580.03634	580	36340	590.03634	590	36340	2
840.86021	840	860210	850.86021	850	860210	4
821.314726	821	314726	831.314726	831	314726	4
915.363577	915	363577	925.363577	925	363577	4
771.670618	771	670618	781.670618	781	670618	1
957.464398	957	464398	967.464398	967	464398	4
687.943022	687	943022	697.943022	697	943022	4
770.061214	770	61214	780.061214	780	61214	3
782.484163	782	484163	792.484163	792	484163	3
960.539117	960	539117	970.539117	970	539117	1
846.108067	846	108067	856.108067	856	108067	2
800.070653	800	70653	810.070653	810	70653	1
757.11915	757	119150	767.11915	767	119150	2
778.143723	778	143723	788.143723	788	143723	2
933.135544	933	135544	943.135544	943	135544	3
888.372467	888	372467	898.372467	898	372467	4
885.834978	885	834978	895.834978	895	834978	5
654.283889	654	283889	664.283889	664	283889	2
665.35292	665	352920	675.35292	675	352920	4
743.586667	743	586667	753.586667	753	586667	1
633.57007	633	570070	643.57007	643	570070	5
941.466618	941	466618	951.466618	951	466618	3
895.666588	895	666588	905.666588	905	666588	3
540.290369	540	290369	550.290369	550	290369	2
718.453866	718	453866	728.453866	728	453866	5
942.121436	942	121436	952.121436	952	121436	1
679.705267	679	705267	689.705267	689	705267	5
612.859391	612	859391	622.859391	622	859391	3
601.728344	601	728344	611.728344	611	728344	1
536.090396	536	90396	546.090396	546	90396	3
672.138492	672	138492	682.138492	682	138492	1
928.281036	928	281036	938.281036	938	281036	2
622.466958	622	466958	632.466958	632	466958	1
994.453218	994	453218	1004.453218	1004	453218	2
588.644613	588	644613	598.644613	598	644613	1
893.653928	893	653928	903.653928	903	653928	1
696.433968	696	433968	706.433968	706	433968	5
521.103988	521	103988	531.103988	531	103988	1
910.231494	910	231494	920.231494	920	231494	1
978.918131	978	918131	988.918131	988	918131	4
728.643105	728	643105	738.643105	738	643105	2
755.339561	755	339561	765.339561	765	339561	2
778.988784	778	988784	788.988784	788	988784	1
985.278608	985	278608	995.278608	995	278608	5
532.999636	532	999636	542.999636	542	999636	5
957.64068	957	640680	967.64068	967	640680	5
873.167427	873	167427	883.167427	883	167427	4
663.834615	663	834615	673.834615	673	834615	1
610.440921	610	440921	620.440921	620	440921	2
784.520347	784	520347	794.520347	794	520347	4
653.421282	653	421282	663.421282	663	421282	1
991.527343	991	527343	1001.527343	1001	527343	3
971.986966	971	986966	981.986966	981	986966	1
794.604222	794	604222	804.604222	804	604222	1
777.334065	777	334065	787.334065	787	334065	2
935.440832	935	440832	945.440832	945	440832	2
982.725659	982	725659	992.725659	992	725659	1
957.039332	957	39332	967.039332	967	39332	1
546.816575	546	816575	556.816575	556	816575	2
582.970355	582	970355	592.970355	592	970355	1
993.64608	993	646080	1003.64608	1003	646080	3
719.955067	719	955067	729.955067	729	955067	4
757.251391	757	251391	767.251391	767	251391	5
615.113038	615	113038	625.113038	625	113038	5
959.924637	959	924637	969.924637	969	924637	5
845.412357	845	412357	855.412357	855	412357	2
754.283319	754	283319	764.283319	764	283319	1
654.358605	654	358605	664.358605	664	358605	1
867.516345	867	516345	877.516345	877	516345	4
663.514813	663	514813	673.514813	673	514813	3
879.276736	879	276736	889.276736	889	276736	4
594.675802	594	675802	604.675802	604	675802	2
664.854375	664	854375	674.854375	674	854375	4
656.781872	656	781872	666.781872	666	781872	4
578.95441	578	954410	588.95441	588	954410	2
944.854011	944	854011	954.854011	954	854011	5
612.422552	612	422552	622.422552	622	422552	4
951.121838	951	121838	961.121838	961	121838	2
853.688626	853	688626	863.688626	863	688626	5
969.379825	969	379825	979.379825	979	379825	5
981.158537	981	158537	991.158537	991	158537	5
505.62626	505	626260	515.62626	515	626260	2
705.907169	705	907169	715.907169	715	907169	4
952.145503	952	145503	962.145503	962	145503	2
545.746835	545	746835	555.746835	555	746835	2
983.241234	983	241234	993.241234	993	241234	5
632.102687	632	102687	642.102687	642	102687	3
526.472494	526	472494	536.472494	536	472494	2
939.796918	939	796918	949.796918	949	796918	1
679.435615	679	435615	689.435615	689	435615	1
856.959201	856	959201	866.959201	866	959201	5
677.442999	677	442999	687.442999	687	442999	5
898.390682	898	390682	908.390682	908	390682	5
612.210592	612	210592	622.210592	622	210592	4
792.072389	792	72389	802.072389	802	72389	2
602.831672	602	831672	612.831672	612	831672	4
957.622949	957	622949	967.622949	967	622949	2
793.355708	793	355708	803.355708	803	355708	4
756.190277	756	190277	766.190277	766	190277	5
569.655646	569	655646	579.655646	579	655646	5
956.386874	956	386874	966.386874	966	386874	1
634.983366	634	983366	644.983366	644	983366	5
663.331449	663	331449	673.331449	673	331449	2
867.241249	867	241249	877.241249	877	241249	1
536.765238	536	765238	546.765238	546	765238	4
742.285859	742	285859	752.285859	752	285859	5
810.611612	810	611612	820.611612	820	611612	5
895.704143	895	704143	905.704143	905	704143	2
939.924049	939	924049	949.924049	949	924049	1
662.816591	662	816591	672.816591	672	816591	1
610.083968	610	83968	620.083968	620	83968	3
666.082587	666	82587	676.082587	676	82587	5
915.959203	915	959203	925.959203	925	959203	2
815.507489	815	507489	825.507489	825	507489	1
864.744442	864	744442	874.744442	874	744442	3
706.706038	706	706038	716.706038	716	706038	4
543.265075	543	265075	553.265075	553	265075	1
996.84713	996	847130	1006.84713	1006	847130	2
980.694884	980	694884	990.694884	990	694884	2
728.061994	728	61994	738.061994	738	61994	3
674.282745	674	282745	684.282745	684	282745	3
581.654085	581	654085	591.654085	591	654085	1
652.021345	652	21345	662.021345	662	21345	4
818.189779	818	189779	828.189779	828	189779	2
693.864678	693	864678	703.864678	703	864678	1
944.610086	944	610086	954.610086	954	610086	5
920.021451	920	21451	930.021451	930	21451	2
896.003979	896	3979	906.003979	906	3979	2
983.965795	983	965795	993.965795	993	965795	3
923.728081	923	728081	933.728081	933	728081	1
966.659626	966	659626	976.659626	976	659626	4
685.352669	685	352669	695.352669	695	352669	3
803.227799	803	227799	813.227799	813	227799	3
875.507427	875	507427	885.507427	885	507427	2
551.11027	551	110270	561.11027	561	110270	5
840.509389	840	509389	850.509389	850	509389	1
616.793286	616	793286	626.793286	626	793286	1
607.721882	607	721882	617.721882	617	721882	4
981.213532	981	213532	991.213532	991	213532	4
802.233688	802	233688	812.233688	812	233688	1
515.054825	515	54825	525.054825	525	54825	4
590.813853	590	813853	600.813853	600	813853	3
968.316275	968	316275	978.316275	978	316275	2
676.014029	676	14029	686.014029	686	14029	3
652.837694	652	837694	662.837694	662	837694	3
577.060717	577	60717	587.060717	587	60717	4
883.720067	883	720067	893.720067	893	720067	1
942.10277	942	102770	952.10277	952	102770	5
572.424199	572	424199	582.424199	582	424199	5
608.414952	608	414952	618.414952	618	414952	4
917.164764	917	164764	927.164764	927	164764	4
747.223296	747	223296	757.223296	757	223296	4
689.585389	689	585389	699.585389	699	585389	5
568.186109	568	186109	578.186109	578	186109	3
564.413076	564	413076	574.413076	574	413076	5
628.966419	628	966419	638.966419	638	966419	2
758.796195	758	796195	768.796195	768	796195	4
stocks
652.021345	652	21345	1
