items_number
200
stocks_number
1
digit
8
items
556.043402	556	4340201	566.043402	566	4340201	3
646.5341669	646	53416689	656.5341669	656	53416689	5
928.3629392	928	36293922	938.3629392	938	36293922	3
535.8936497	535	89364966	545.8936497	545	89364966	3
633.576378	633	57637803	643.576378	643	57637803	4
895.7698205	895	76982047	905.7698205	905	76982047	5
966.5963807	966	59638067	976.5963807	976	59638067	4
505.2795458	505	27954579	515.2795458	515	27954579	3
568.3763738	568	37637379	578.3763738	578	37637379	1
530.7701103	530	77011033	540.7701103	540	77011033	3
567.8066587	567	80665868	577.8066587	577	80665868	1
928.6243451	928	62434510	938.6243451	938	62434510	3
588.4228787	588	42287868	598.4228787	598	42287868	1
742.2169167	742	21691668	752.2169167	752	21691668	1
610.6356584	610	63565836	620.6356584	620	63565836	4
637.8559867	637	85598671	647.8559867	647	85598671	1
599.6244163	599	62441633	609.6244163	609	62441633	4
518.3319824	518	33198241	528.3319824	528	33198241	5
930.192273	930	19227302	940.192273	940	19227302	4
665.6628757	665	66287566	675.6628757	675	66287566	3
681.6369633	681	63696334	691.6369633	691	63696334	4
953.9607377	953	96073766	963.9607377	963	96073766	4
977.612148	977	61214805	987.612148	987	61214805	3
540.8766352	540	87663518	550.8766352	550	87663518	5
757.866207	757	86620703	767.866207	767	86620703	2
515.9001747	515	90017467	525.9001747	525	90017467	1
693.0245037	693	2450366	703.0245037	703	2450366	2
763.9595128	763	95951281	773.9595128	773	95951281	5
544.527534	544	52753399	554.527534	554	52753399	5
571.2753557	571	27535570	581.2753557	581	27535570	1
549.3427634	549	34276338	559.3427634	559	34276338	1
600.0960995	600	9609953	610.0960995	610	9609953	2
717.8095226	717	80952259	727.8095226	727	80952259	2
723.2308661	723	23086612	733.2308661	733	23086612	3
882.9897492	882	98974919	892.9897492	892	98974919	2
850.3859006	850	38590062	860.3859006	860	38590062	5
617.5258501	617	52585011	627.5258501	627	52585011	2
847.1112934	847	11129339	857.1112934	857	11129339	5
601.1906099	601	19060993	611.1906099	611	19060993	5
932.9022239	932	90222391	942.9022239	942	90222391	4
623.8814037	623	88140372	633.8814037	633	88140372	4
668.9972686	668	99726861	678.9972686	678	99726861	2
859.0517325	859	5173253	869.0517325	869	5173253	3
959.8294459	959	82944592	969.8294459	969	82944592	4
911.2141853	911	21418529	921.2141853	921	21418529	2
969.6873909	969	68739090	979.6873909	979	68739090	2
842.2105962	842	21059615	852.2105962	852	21059615	1
756.3637651	756	36376515	766.3637651	766	36376515	5
734.0193733	734	1937331	744.0193733	744	1937331	3
772.4028692	772	40286917	782.4028692	782	40286917	2
921.0266408	921	2664081	931.0266408	931	2664081	3
915.1815002	915	18150017	925.1815002	925	18150017	3
971.3636068	971	36360684	981.3636068	981	36360684	5
643.1639524	643	16395238	653.1639524	653	16395238	5
701.5832989	701	58329887	711.5832989	711	58329887	2
974.7549774	974	75497739	984.7549774	984	75497739	3
659.0641271	659	6412706	669.0641271	669	6412706	2
894.6078025	894	60780253	904.6078025	904	60780253	5
983.7144902	983	71449020	993.7144902	993	71449020	3
950.1168246	950	11682457	960.1168246	960	11682457	1
965.8831582	965	88315824	975.8831582	975	88315824	5
531.5824171	531	58241710	541.5824171	541	58241710	3
549.2129241	549	21292410	559.2129241	559	21292410	4
928.6926808	928	69268083	938.6926808	938	69268083	2
500.3384468	500	33844675	510.3384468	510	33844675	1
931.7278368	931	72783682	941.7278368	941	72783682	2
778.603745	778	60374498	788.603745	788	60374498	3
617.8642969	617	86429686	627.8642969	627	86429686	4
523.8391302	523	83913021	533.8391302	533	83913021	2
879.7943549	879	79435491	889.7943549	889	79435491	4
549.7665208	549	76652077	559.7665208	559	76652077	5
894.2456974	894	24569745	904.2456974	904	24569745	2
547.7916235	547	79162353	557.7916235	557	79162353	1
654.3434168	654	34341683	664.3434168	664	34341683	4
852.0751434	852	7514337	862.0751434	862	7514337	3
704.5309723	704	53097234	714.5309723	714	53097234	2
870.0308077	870	3080773	880.0308077	880	3080773	2
940.2857395	940	28573952	950.2857395	950	28573952	5
960.8947375	960	89473749	970.8947375	970	89473749	4
603.5753446	603	57534456	613.5753446	613	57534456	4
711.2137722	711	21377222	721.2137722	721	21377222	1
880.4465418	880	44654182	890.4465418	890	44654182	3
517.2820082	517	28200825	527.2820082	527	28200825	1
929.1025426	929	10254258	939.1025426	939	10254258	2
523.6104942	523	61049421	533.6104942	533	61049421	2
719.8653071	719	86530713	729.8653071	729	86530713	4
902.85752	902	85751997	912.85752	912	85751997	5
929.1997848	929	19978479	939.1997848	939	19978479	5
859.9982732	859	99827318	869.9982732	869	99827318	4
885.0971737	885	9717369	895.0971737	895	9717369	4
624.3166094	624	31660936	634.3166094	634	31660936	2
570.8814314	570	88143142	580.8814314	580	88143142	3
662.2047543	662	20475432	672.2047543	672	20475432	3
673.054697	673	5469699	683.054697	683	5469699	2
998.0992758	998	9927578	1008.099276	1008	9927578	1
663.0683646	663	6836459	673.0683646	673	6836459	5
850.3076973	850	30769733	860.3076973	860	30769733	4
521.7030208	521	70302076	531.7030208	531	70302076	4
526.9326614	526	93266145	536.9326614	536	93266145	1
619.1468275	619	14682754	629.1468275	629	14682754	2
647.0225392	647	2253919	657.0225392	657	2253919	2
575.2243457	575	22434575	585.2243457	585	22434575	5
512.9176885	512	91768851	522.9176885	522	91768851	5
694.3393262	694	33932624	704.3393262	704	33932624	2
730.5677626	730	56776258	740.5677626	740	56776258	5
610.9928319	610	99283188	620.9928319	620	99283188	2
644.8702986	644	87029859	654.8702986	654	87029859	1
599.1237338	599	12373383	609.1237338	609	12373383	2
550.8037349	550	80373492	560.8037349	560	80373492	2
603.2901996	603	29019960	613.2901996	613	29019960	4
949.2242419	949	22424191	959.2242419	959	22424191	5
507.0175071	507	1750714	517.0175071	517	1750714	4
729.7367414	729	73674143	739.7367414	739	73674143	1
966.5062502	966	50625016	976.5062502	976	50625016	3
936.1200497	936	12004972	946.1200497	946	12004972	1
999.8723992	999	87239916	1009.872399	1009	87239916	4
931.8967208	931	89672081	941.8967208	941	89672081	1
584.5027332	584	50273321	594.5027332	594	50273321	2
673.0721839	673	7218395	683.0721839	683	7218395	5
536.894994	536	89499400	546.894994	546	89499400	4
969.1250704	969	12507043	979.1250704	979	12507043	2
797.9139568	797	91395683	807.9139568	807	91395683	3
606.3015889	606	30158894	616.3015889	616	30158894	4
877.8549883	877	85498827	887.8549883	887	85498827	4
716.4938173	716	49381734	726.4938173	726	49381734	1
850.4008647	850	40086472	860.4008647	860	40086472	4
539.9233529	539	92335286	549.9233529	549	92335286	4
565.8015147	565	80151467	575.8015147	575	80151467	4
872.629049	872	62904900	882.629049	882	62904900	4
566.3811778	566	38117783	576.3811778	576	38117783	4
932.4735057	932	47350573	942.4735057	942	47350573	2
518.6515882	518	65158820	528.6515882	528	65158820	1
888.6055236	888	60552358	898.6055236	898	60552358	5
690.3911942	690	39119424	700.3911942	700	39119424	2
959.9909144	959	99091444	969.9909144	969	99091444	4
864.6984497	864	69844968	874.6984497	874	69844968	4
801.3840261	801	38402612	811.3840261	811	38402612	5
602.3863766	602	38637655	612.3863766	612	38637655	1
709.8221835	709	82218351	719.8221835	719	82218351	5
597.7129246	597	71292457	607.7129246	607	71292457	1
952.6765762	952	67657616	962.6765762	962	67657616	1
657.0464254	657	4642542	667.0464254	667	4642542	2
851.2555952	851	25559523	861.2555952	861	25559523	5
680.9384811	680	93848111	690.9384811	690	93848111	3
870.0778391	870	7783911	880.0778391	880	7783911	4
533.9008085	533	90080848	543.9008085	543	90080848	2
679.8108803	679	81088027	689.8108803	689	81088027	3
546.9745599	546	97455992	556.9745599	556	97455992	1
617.9287052	617	92870521	627.9287052	627	92870521	5
598.4082277	598	40822774	608.4082277	608	40822774	4
582.8695539	582	86955392	592.8695539	592	86955392	2
832.0537756	832	5377564	842.0537756	842	5377564	1
896.8473481	896	84734809	906.8473481	906	84734809	1
935.1711429	935	17114287	945.1711429	945	17114287	5
708.4339274	708	43392743	718.4339274	718	43392743	4
611.3411654	611	34116544	621.3411654	621	34116544	2
785.0971711	785	9717111	795.0971711	795	9717111	5
995.3572803	995	35728029	1005.35728	1005	35728029	2
924.1426801	924	14268011	934.1426801	934	14268011	2
656.2513836	656	25138364	666.2513836	666	25138364	4
807.2636217	807	26362165	817.2636217	817	26362165	2
855.6161858	855	61618585	865.6161858	865	61618585	4
921.4281354	921	42813536	931.4281354	931	42813536	1
694.8691452	694	86914523	704.8691452	704	86914523	1
544.5325436	544	53254361	554.5325436	554	53254361	2
879.9442133	879	94421332	889.9442133	889	94421332	1
805.5675949	805	56759492	815.5675949	815	56759492	2
591.9165697	591	91656974	601.9165697	601	91656974	1
727.3305899	727	33058988	737.3305899	737	33058988	2
513.9149419	513	91494195	523.9149419	523	91494195	1
935.1546578	935	15465783	945.1546578	945	15465783	2
678.5323296	678	53232956	688.5323296	688	53232956	2
918.9613674	918	96136738	928.9613674	928	96136738	4
786.4102531	786	41025306	796.4102531	796	41025306	3
604.4708107	604	47081067	614.4708107	614	47081067	5
533.0392065	533	3920649	543.0392065	543	3920649	4
819.3110615	819	31106154	829.3110615	829	31106154	4
529.8068545	529	80685446	539.8068545	539	80685446	4
579.5389299	579	53892993	589.5389299	589	53892993	5
936.2397668	936	23976676	946.2397668	946	23976676	3
628.2150822	628	21508220	638.2150822	638	21508220	3
909.4084839	909	40848386	919.4084839	919	40848386	3
767.8187059	767	81870592	777.8187059	777	81870592	5
523.0624303	523	6243029	533.0624303	533	6243029	3
843.1047902	843	10479025	853.1047902	853	10479025	2
721.2526334	721	25263336	731.2526334	731	25263336	3
881.9287592	881	92875925	891.9287592	891	92875925	1
874.7271249	874	72712488	884.7271249	884	72712488	1
715.1350772	715	13507717	725.1350772	725	13507717	2
804.5966029	804	59660289	814.5966029	814	59660289	3
776.9785085	776	97850852	786.9785085	786	97850852	1
521.9238623	521	92386234	531.9238623	531	92386234	3
905.2127887	905	21278874	915.2127887	915	21278874	1
696.4066439	696	40664388	706.4066439	706	40664388	1
963.7930076	963	79300758	973.7930076	973	79300758	1
696.7453324	696	74533235	706.7453324	706	74533235	4
821.3508572	821	35085721	831.3508572	831	35085721	2
767.885766	767	88576602	777.885766	777	88576602	2
533.1870656	533	18706561	543.1870656	543	18706561	4
547.2066106	547	20661061	557.2066106	557	20661061	3
stocks
65752917.66	41607	65752917	1
