items_number
200
stocks_number
1
digit
8
items
760.4292287	760	42922874	770.4292287	770	42922874	4
744.1697839	744	16978387	754.1697839	754	16978387	1
853.3695721	853	36957214	863.3695721	863	36957214	1
573.6116556	573	61165560	583.6116556	583	61165560	2
729.7323661	729	73236615	739.7323661	739	73236615	4
850.5777377	850	57773766	860.5777377	860	57773766	1
934.1427605	934	14276051	944.1427605	944	14276051	1
857.4201861	857	42018609	867.4201861	867	42018609	1
925.0526636	925	5266365	935.0526636	935	5266365	1
871.6329637	871	63296374	881.6329637	881	63296374	2
621.9402451	621	94024512	631.9402451	631	94024512	1
898.4012123	898	40121231	908.4012123	908	40121231	3
629.558997	629	55899695	639.558997	639	55899695	1
799.1073039	799	10730390	809.1073039	809	10730390	1
564.454835	564	45483503	574.454835	574	45483503	5
506.4685646	506	46856456	516.4685646	516	46856456	3
946.2189281	946	21892813	956.2189281	956	21892813	4
748.2035168	748	20351678	758.2035168	758	20351678	2
654.7269217	654	72692172	664.7269217	664	72692172	4
989.8331449	989	83314487	999.8331449	999	83314487	5
743.1067912	743	10679122	753.1067912	753	10679122	2
588.8327327	588	83273267	598.8327327	598	83273267	3
883.138313	883	13831299	893.138313	893	13831299	3
863.4786989	863	47869887	873.4786989	873	47869887	2
808.6485817	808	64858173	818.6485817	818	64858173	2
969.549428	969	54942801	979.549428	979	54942801	4
612.3865894	612	38658940	622.3865894	622	38658940	4
869.4652454	869	46524535	879.4652454	879	46524535	1
807.6721087	807	67210869	817.6721087	817	67210869	2
861.4202311	861	42023106	871.4202311	871	42023106	3
951.344705	951	34470501	961.344705	961	34470501	2
813.1013374	813	10133743	823.1013374	823	10133743	2
851.5900149	851	59001493	861.5900149	861	59001493	4
803.7142772	803	71427715	813.7142772	813	71427715	3
886.2381566	886	23815656	896.2381566	896	23815656	5
579.8475446	579	84754461	589.8475446	589	84754461	4
652.2920148	652	29201482	662.2920148	662	29201482	3
820.3809171	820	38091707	830.3809171	830	38091707	5
683.2677307	683	26773070	693.2677307	693	26773070	4
823.869842	823	86984199	833.869842	833	86984199	5
937.0138808	937	1388081	947.0138808	947	1388081	4
804.2079758	804	20797582	814.2079758	814	20797582	4
967.2710543	967	27105430	977.2710543	977	27105430	4
812.0980413	812	9804128	822.0980413	822	9804128	4
850.8404432	850	84044324	860.8404432	860	84044324	5
531.7258893	531	72588933	541.7258893	541	72588933	3
818.0917694	818	9176936	828.0917694	828	9176936	1
795.0593714	795	5937137	805.0593714	805	5937137	3
525.9294061	525	92940612	535.9294061	535	92940612	1
972.8186911	972	81869108	982.8186911	982	81869108	1
530.8925162	530	89251625	540.8925162	540	89251625	2
515.0361973	515	3619734	525.0361973	525	3619734	2
807.6514238	807	65142376	817.6514238	817	65142376	3
659.5559928	659	55599276	669.5559928	669	55599276	2
624.0400597	624	4005973	634.0400597	634	4005973	5
614.825169	614	82516901	624.825169	624	82516901	2
628.1054208	628	10542077	638.1054208	638	10542077	2
737.4266491	737	42664913	747.4266491	747	42664913	5
729.2904144	729	29041436	739.2904144	739	29041436	2
935.7775295	935	77752946	945.7775295	945	77752946	5
844.8468802	844	84688019	854.8468802	854	84688019	3
679.1602829	679	16028289	689.1602829	689	16028289	3
995.4040304	995	40403041	1005.40403	1005	40403041	3
694.9620587	694	96205865	704.9620587	704	96205865	3
728.3997236	728	39972357	738.3997236	738	39972357	2
880.1673505	880	16735049	890.1673505	890	16735049	2
520.8096033	520	80960326	530.8096033	530	80960326	1
626.2169019	626	21690191	636.2169019	636	21690191	1
946.5482676	946	54826756	956.5482676	956	54826756	1
703.077334	703	7733396	713.077334	713	7733396	1
950.0867439	950	8674390	960.0867439	960	8674390	2
628.0873119	628	8731190	638.0873119	638	8731190	1
753.8104733	753	81047330	763.8104733	763	81047330	2
662.3577982	662	35779820	672.3577982	672	35779820	5
941.1853532	941	18535318	951.1853532	951	18535318	1
602.6509165	602	65091654	612.6509165	612	65091654	3
693.0836875	693	8368753	703.0836875	703	8368753	2
758.8022861	758	80228607	768.8022861	768	80228607	2
644.2354514	644	23545143	654.2354514	654	23545143	2
966.5382572	966	53825717	976.5382572	976	53825717	4
977.1461407	977	14614067	987.1461407	987	14614067	4
674.1279677	674	12796768	684.1279677	684	12796768	1
981.099618	981	9961804	991.099618	991	9961804	3
783.3227279	783	32272795	793.3227279	793	32272795	2
833.209124	833	20912396	843.209124	843	20912396	4
851.1396778	851	13967777	861.1396778	861	13967777	4
643.147897	643	14789696	653.147897	653	14789696	3
707.8397082	707	83970825	717.8397082	717	83970825	5
587.0914904	587	9149043	597.0914904	597	9149043	4
872.4383113	872	43831133	882.4383113	882	43831133	1
889.1424012	889	14240123	899.1424012	899	14240123	1
677.9383706	677	93837062	687.9383706	687	93837062	3
798.1237577	798	12375774	808.1237577	808	12375774	5
883.5464317	883	54643165	893.5464317	893	54643165	3
872.4255928	872	42559279	882.4255928	882	42559279	2
772.5234813	772	52348131	782.5234813	782	52348131	4
762.7137821	762	71378214	772.7137821	772	71378214	4
638.2351961	638	23519605	648.2351961	648	23519605	4
899.7403832	899	74038322	909.7403832	909	74038322	4
955.7872132	955	78721323	965.7872132	965	78721323	1
841.8376935	841	83769353	851.8376935	851	83769353	4
594.8271271	594	82712712	604.8271271	604	82712712	3
582.8745251	582	87452513	592.8745251	592	87452513	2
593.1733304	593	17333035	603.1733304	603	17333035	2
756.1849253	756	18492532	766.1849253	766	18492532	2
769.5850418	769	58504183	779.5850418	779	58504183	2
943.3494104	943	34941041	953.3494104	953	34941041	4
696.7937764	696	79377638	706.7937764	706	79377638	1
527.9124914	527	91249142	537.9124914	537	91249142	5
586.5848619	586	58486185	596.5848619	596	58486185	1
661.3320336	661	33203355	671.3320336	671	33203355	4
750.0586321	750	5863210	760.0586321	760	5863210	4
506.2379931	506	23799305	516.2379931	516	23799305	1
888.4316516	888	43165159	898.4316516	898	43165159	3
779.3813601	779	38136005	789.3813601	789	38136005	2
839.447117	839	44711702	849.447117	849	44711702	4
738.0964929	738	9649289	748.0964929	748	9649289	2
922.529257	922	52925702	932.529257	932	52925702	1
546.8119888	546	81198879	556.8119888	556	81198879	5
572.1879833	572	18798332	582.1879833	582	18798332	5
793.4927319	793	49273187	803.4927319	803	49273187	3
681.95439	681	95439003	691.95439	691	95439003	5
749.6515175	749	65151746	759.6515175	759	65151746	4
837.6164896	837	61648961	847.6164896	847	61648961	2
563.0259852	563	2598520	573.0259852	573	2598520	2
867.0771103	867	7711026	877.0771103	877	7711026	5
609.1399709	609	13997093	619.1399709	619	13997093	2
571.7397673	571	73976734	581.7397673	581	73976734	2
504.8374698	504	83746983	514.8374698	514	83746983	3
754.8803542	754	88035415	764.8803542	764	88035415	1
525.0521441	525	5214409	535.0521441	535	5214409	4
591.6751634	591	67516337	601.6751634	601	67516337	3
848.2326448	848	23264480	858.2326448	858	23264480	3
855.4518327	855	45183274	865.4518327	865	45183274	5
932.3736572	932	37365724	942.3736572	942	37365724	5
850.4175701	850	41757012	860.4175701	860	41757012	1
623.0368746	623	3687458	633.0368746	633	3687458	4
874.7230677	874	72306766	884.7230677	884	72306766	5
545.2113465	545	21134650	555.2113465	555	21134650	1
897.4745295	897	47452952	907.4745295	907	47452952	5
706.3079295	706	30792951	716.3079295	716	30792951	5
953.0685436	953	6854358	963.0685436	963	6854358	5
646.5331616	646	53316162	656.5331616	656	53316162	5
712.5459226	712	54592256	722.5459226	722	54592256	2
840.5001952	840	50019517	850.5001952	850	50019517	2
925.9145217	925	91452168	935.9145217	935	91452168	1
797.5182031	797	51820310	807.5182031	807	51820310	5
825.1218516	825	12185158	835.1218516	835	12185158	5
592.9689422	592	96894222	602.9689422	602	96894222	1
589.3301919	589	33019190	599.3301919	599	33019190	4
897.3098349	897	30983490	907.3098349	907	30983490	1
632.4616741	632	46167409	642.4616741	642	46167409	3
770.8097455	770	80974545	780.8097455	780	80974545	5
892.9613524	892	96135237	902.9613524	902	96135237	4
969.6033272	969	60332722	979.6033272	979	60332722	2
833.8357306	833	83573065	843.8357306	843	83573065	3
505.0384626	505	3846263	515.0384626	515	3846263	5
824.7432981	824	74329815	834.7432981	834	74329815	3
905.1006615	905	10066151	915.1006615	915	10066151	4
756.8759325	756	87593246	766.8759325	766	87593246	4
577.1488158	577	14881583	587.1488158	587	14881583	5
676.1528056	676	15280561	686.1528056	686	15280561	5
848.0762593	848	7625935	858.0762593	858	7625935	2
671.3814606	671	38146063	681.3814606	681	38146063	4
777.6046383	777	60463835	787.6046383	787	60463835	1
779.4499166	779	44991660	789.4499166	789	44991660	3
521.3241943	521	32419427	531.3241943	531	32419427	5
901.1666764	901	16667645	911.1666764	911	16667645	4
899.6981478	899	69814778	909.6981478	909	69814778	2
813.0607043	813	6070430	823.0607043	823	6070430	5
543.641206	543	64120598	553.641206	553	64120598	1
851.0060773	851	607729	861.0060773	861	607729	4
766.1292479	766	12924788	776.1292479	776	12924788	1
937.1743676	937	17436760	947.1743676	947	17436760	5
562.0771634	562	7716337	572.0771634	572	7716337	5
852.1546066	852	15460657	862.1546066	862	15460657	5
861.6140528	861	61405280	871.6140528	871	61405280	3
859.12053	859	12053000	869.12053	869	12053000	5
676.2764582	676	27645816	686.2764582	686	27645816	4
954.1081585	954	10815854	964.1081585	964	10815854	5
695.4507219	695	45072190	705.4507219	705	45072190	5
572.5862931	572	58629306	582.5862931	582	58629306	2
832.5698326	832	56983263	842.5698326	842	56983263	5
965.7856309	965	78563087	975.7856309	975	78563087	2
711.0728089	711	7280895	721.0728089	721	7280895	5
800.6983234	800	69832338	810.6983234	810	69832338	1
798.6213615	798	62136152	808.6213615	808	62136152	4
716.6364351	716	63643510	726.6364351	726	63643510	5
871.4416215	871	44162153	881.4416215	881	44162153	5
949.722023	949	72202303	959.722023	959	72202303	5
972.0375311	972	3753109	982.0375311	982	3753109	5
694.1156009	694	11560088	704.1156009	704	11560088	2
624.8748286	624	87482864	634.8748286	634	87482864	4
819.1137904	819	11379044	829.1137904	829	11379044	1
612.022225	612	2222503	622.022225	622	2222503	5
902.0046305	902	463052	912.0046305	912	463052	4
844.0888706	844	8887056	854.0888706	854	8887056	5
880.8715828	880	87158283	890.8715828	890	87158283	1
548.171307	548	17130697	558.171307	558	17130697	5
989.7870183	989	78701834	999.7870183	999	78701834	2
stocks
13306206.13	43157	13306206	1
