items_number
200
stocks_number
1
digit
14
items
527.0000132	527	1315523364	537.0000132	537	1315523364	3
908.000013	908	1297596004	918.000013	918	1297596004	5
936.0000137	936	1365123861	946.0000137	946	1365123861	3
779.0000027	779	274445576	789.0000027	789	274445576	3
991.0000068	991	682370029	1001.000007	1001	682370029	2
959.0000197	959	1966786566	969.0000197	969	1966786566	4
599.0000146	599	1455561691	609.0000146	609	1455561691	4
670.0000033	670	325157860	680.0000033	680	325157860	5
507.0000067	507	670214163	517.0000067	517	670214163	2
710.0000055	710	547529503	720.0000055	720	547529503	4
742.0000007	742	70684014	752.0000007	752	70684014	2
605.0000204	605	2041776300	615.0000204	615	2041776300	4
705.0000154	705	1544322571	715.0000154	715	1544322571	4
564.0000179	564	1789444227	574.0000179	574	1789444227	3
721.000016	721	1601396906	731.000016	731	1601396906	2
891.0000007	891	71819719	901.0000007	901	71819719	5
761.0000182	761	1824391558	771.0000182	771	1824391558	1
597.0000131	597	1311753449	607.0000131	607	1311753449	3
740.0000002	740	20829371	750.0000002	750	20829371	2
813.0000065	813	645588768	823.0000065	823	645588768	2
828.0000026	828	262480749	838.0000026	838	262480749	3
652.0000011	652	107266568	662.0000011	662	107266568	3
504.0000156	504	1555852842	514.0000156	514	1555852842	4
522.0000061	522	608052951	532.0000061	532	608052951	3
519.0000048	519	475466056	529.0000048	529	475466056	3
688.0000151	688	1512083046	698.0000151	698	1512083046	3
828.0000165	828	1648756610	838.0000165	838	1648756610	2
653.0000039	653	387658811	663.0000039	663	387658811	4
773.0000133	773	1331224736	783.0000133	783	1331224736	2
724.000007	724	702225642	734.000007	734	702225642	2
825.0000153	825	1525940225	835.0000153	835	1525940225	4
546.000005	546	499264453	556.000005	556	499264453	5
631.00002	631	1999821646	641.00002	641	1999821646	1
507.0000074	507	743580438	517.0000074	517	743580438	1
571.0000077	571	773710029	581.0000077	581	773710029	4
622.0000053	622	534708027	632.0000053	632	534708027	2
966.0000056	966	562883357	976.0000056	976	562883357	4
917.0000008	917	81788072	927.0000008	927	81788072	2
538.0000086	538	859865887	548.0000086	548	859865887	3
720.0000123	720	1233097520	730.0000123	730	1233097520	3
626.0000063	626	629317575	636.0000063	636	629317575	2
781.0000093	781	930549902	791.0000093	791	930549902	4
571.0000113	571	1127390172	581.0000113	581	1127390172	3
577.0000003	577	26156498	587.0000003	587	26156498	2
591.0000057	591	572510481	601.0000057	601	572510481	2
792.0000058	792	581303430	802.0000058	802	581303430	4
968.000001	968	97976217	978.000001	978	97976217	4
598.0000025	598	249418391	608.0000025	608	249418391	4
635.0000189	635	1893056879	645.0000189	645	1893056879	3
955.0000012	955	118805589	965.0000012	965	118805589	5
912.000009	912	895007160	922.000009	922	895007160	5
964.0000001	964	8053981	974.0000001	974	8053981	2
853.0000023	853	226072157	863.0000023	863	226072157	4
916.000003	916	303376354	926.000003	926	303376354	5
986.0000062	986	616106932	996.0000062	996	616106932	1
872.000007	872	701538213	882.000007	882	701538213	4
603.0000182	603	1815459400	613.0000182	613	1815459400	2
559.0000012	559	117379894	569.0000012	569	117379894	5
771.0000109	771	1089197024	781.0000109	781	1089197024	2
622.00001	622	999200488	632.00001	632	999200488	3
783.0000082	783	819605537	793.0000082	793	819605537	1
595.0000047	595	467653601	605.0000047	605	467653601	5
916.000015	916	1498464941	926.000015	926	1498464941	4
915.0000067	915	671943535	925.0000067	925	671943535	2
602.0000121	602	1211234040	612.0000121	612	1211234040	2
987.0000012	987	124691322	997.0000012	997	124691322	2
783.0000121	783	1206651563	793.0000121	793	1206651563	5
815.0000177	815	1774117397	825.0000177	825	1774117397	3
904.0000021	904	206479395	914.0000021	914	206479395	5
567.0000207	567	2066517450	577.0000207	577	2066517450	3
534.0000086	534	859731269	544.0000086	544	859731269	2
776.0000084	776	835796970	786.0000084	786	835796970	2
848.0000085	848	849583704	858.0000085	858	849583704	1
605.0000199	605	1987121442	615.0000199	615	1987121442	4
854.0000086	854	861953469	864.0000086	864	861953469	5
685.0000142	685	1422094186	695.0000142	695	1422094186	4
643.0000042	643	420941224	653.0000042	653	420941224	4
567.0000096	567	959929686	577.0000096	577	959929686	3
784.0000167	784	1671512577	794.0000167	794	1671512577	4
778.0000017	778	166514456	788.0000017	788	166514456	3
521.0000108	521	1078735275	531.0000108	531	1078735275	4
695.0000042	695	419036089	705.0000042	705	419036089	5
988.0000017	988	174568437	998.0000017	998	174568437	1
874.000013	874	1304807432	884.000013	884	1304807432	3
857.0000072	857	722412443	867.0000072	867	722412443	4
973.0000079	973	790675369	983.0000079	983	790675369	2
992.0000201	992	2006345646	1002.00002	1002	2006345646	1
706.0000039	706	390388195	716.0000039	716	390388195	2
531.0000091	531	908055263	541.0000091	541	908055263	1
762.0000095	762	948059022	772.0000095	772	948059022	4
828.0000139	828	1389588684	838.0000139	838	1389588684	2
561.0000173	561	1727660800	571.0000173	571	1727660800	3
604.0000142	604	1415712624	614.0000142	614	1415712624	1
990.0000074	990	740569977	1000.000007	1000	740569977	5
976.0000025	976	252120688	986.0000025	986	252120688	4
706.0000048	706	479463016	716.0000048	716	479463016	4
977.0000087	977	865261300	987.0000087	987	865261300	4
504.0000146	504	1458772251	514.0000146	514	1458772251	4
767.0000011	767	106096765	777.0000011	777	106096765	3
626.0000107	626	1071740695	636.0000107	636	1071740695	3
571.0000138	571	1377806053	581.0000138	581	1377806053	3
547.0000097	547	965828034	557.0000097	557	965828034	4
902.0000191	902	1907537665	912.0000191	912	1907537665	1
666.0000008	666	79906110	676.0000008	676	79906110	5
652.0000081	652	805465828	662.0000081	662	805465828	4
501.0000062	501	622007486	511.0000062	511	622007486	1
597.000015	597	1502000296	607.000015	607	1502000296	4
541.0000123	541	1226407053	551.0000123	551	1226407053	4
569.0000158	569	1581937173	579.0000158	579	1581937173	5
881.0000103	881	1026029225	891.0000103	891	1026029225	2
566.0000139	566	1392921509	576.0000139	576	1392921509	1
590.0000051	590	513188800	600.0000051	600	513188800	4
822.0000145	822	1445065315	832.0000145	832	1445065315	2
553.0000157	553	1567489946	563.0000157	563	1567489946	2
711.0000182	711	1817996233	721.0000182	721	1817996233	3
678.0000002	678	19994110	688.0000002	688	19994110	2
526.0000021	526	210681667	536.0000021	536	210681667	5
702.0000168	702	1676858231	712.0000168	712	1676858231	5
630.0000041	630	410382306	640.0000041	640	410382306	1
804.0000112	804	1118736930	814.0000112	814	1118736930	2
711.0000048	711	477433605	721.0000048	721	477433605	5
959.000018	959	1799970990	969.000018	969	1799970990	2
865.000007	865	698914083	875.000007	875	698914083	4
561.0000189	561	1893146229	571.0000189	571	1893146229	5
948.0000039	948	393057319	958.0000039	958	393057319	3
586.0000095	586	951034771	596.0000095	596	951034771	5
513.0000023	513	225125597	523.0000023	523	225125597	1
670.0000126	670	1258318619	680.0000126	680	1258318619	3
837.0000026	837	262323374	847.0000026	847	262323374	3
781.0000033	781	331222362	791.0000033	791	331222362	3
542.0000018	542	182575666	552.0000018	552	182575666	1
655.0000164	655	1640129427	665.0000164	665	1640129427	2
828.000013	828	1297050397	838.000013	838	1297050397	4
945.0000209	945	2090113332	955.0000209	955	2090113332	3
821.0000172	821	1720035537	831.0000172	831	1720035537	1
727.000021	727	2102516225	737.000021	737	2102516225	2
946.0000056	946	564637170	956.0000056	956	564637170	3
918.0000107	918	1074552185	928.0000107	928	1074552185	4
768.0000118	768	1181439630	778.0000118	778	1181439630	1
514.0000215	514	2146574343	524.0000215	524	2146574343	5
545.000021	545	2100581411	555.000021	555	2100581411	3
834.0000043	834	426877491	844.0000043	844	426877491	3
852.0000051	852	512279496	862.0000051	862	512279496	5
613.000014	613	1398163078	623.000014	623	1398163078	1
634.0000199	634	1994367437	644.0000199	644	1994367437	1
809.0000018	809	182792081	819.0000018	819	182792081	2
538.0000142	538	1418157188	548.0000142	548	1418157188	4
907.0000006	907	57565456	917.0000006	917	57565456	2
757.0000186	757	1859650312	767.0000186	767	1859650312	3
668.0000183	668	1828539494	678.0000183	678	1828539494	4
710.0000118	710	1176302387	720.0000118	720	1176302387	3
968.0000019	968	189600269	978.0000019	978	189600269	2
873.0000148	873	1481026836	883.0000148	883	1481026836	2
822.0000188	822	1875216470	832.0000188	832	1875216470	4
775.0000208	775	2082746499	785.0000208	785	2082746499	4
567.0000187	567	1874084156	577.0000187	577	1874084156	2
654.0000068	654	678767593	664.0000068	664	678767593	3
789.0000016	789	160388448	799.0000016	799	160388448	4
737.0000098	737	984919127	747.0000098	747	984919127	4
738.0000094	738	941090967	748.0000094	748	941090967	2
569.0000049	569	491610811	579.0000049	579	491610811	3
780.0000117	780	1167494794	790.0000117	790	1167494794	1
893.0000043	893	433736746	903.0000043	903	433736746	3
643.0000179	643	1788661208	653.0000179	653	1788661208	1
971.0000111	971	1110124478	981.0000111	981	1110124478	4
713.0000001	713	6288636	723.0000001	723	6288636	3
870.0000174	870	1743693785	880.0000174	880	1743693785	5
662.0000167	662	1674761648	672.0000167	672	1674761648	3
877.0000108	877	1080840821	887.0000108	887	1080840821	4
885.0000078	885	777649768	895.0000078	895	777649768	2
924.0000167	924	1673852344	934.0000167	934	1673852344	4
668.0000103	668	1033938584	678.0000103	678	1033938584	3
965.000012	965	1204527259	975.000012	975	1204527259	4
775.0000004	775	38648192	785.0000004	785	38648192	3
782.0000028	782	284618014	792.0000028	792	284618014	3
598.0000105	598	1051411049	608.0000105	608	1051411049	2
583.0000022	583	221440273	593.0000022	593	221440273	4
820.000017	820	1702775203	830.000017	830	1702775203	3
504.0000111	504	1108976505	514.0000111	514	1108976505	3
840.0000208	840	2081090585	850.0000208	850	2081090585	1
988.0000138	988	1383831049	998.0000138	998	1383831049	2
962.0000014	962	137795244	972.0000014	972	137795244	1
554.0000012	554	123207206	564.0000012	564	123207206	5
861.0000072	861	717374238	871.0000072	871	717374238	5
529.0000201	529	2013011714	539.0000201	539	2013011714	4
575.0000006	575	58470057	585.0000006	585	58470057	3
928.0000044	928	443974746	938.0000044	938	443974746	1
683.0000054	683	544295659	693.0000054	693	544295659	3
864.0000022	864	218858506	874.0000022	874	218858506	3
911.0000143	911	1428893873	921.0000143	921	1428893873	2
667.0000149	667	1485386626	677.0000149	677	1485386626	4
679.0000071	679	710469317	689.0000071	689	710469317	2
937.0000045	937	448905019	947.0000045	947	448905019	4
559.0000192	559	1919123373	569.0000192	569	1919123373	1
823.0000035	823	351646877	833.0000035	833	351646877	5
907.0000156	907	1559029497	917.0000156	917	1559029497	2
772.0000193	772	1925412009	782.0000193	782	1925412009	5
939.000021	939	2095340662	949.000021	949	2095340662	4
569.0000109	569	1086307498	579.0000109	579	1086307498	2
896.0000086	896	858769182	906.0000086	906	858769182	3
stocks
7.116454915e+10	47612	71164549148	1
