items_number
200
stocks_number
1
digit
16
items
553.0000002	553	2041035707	563.0000002	563	2041035707	4
935.0000001	935	1093926542	945.0000001	945	1093926542	2
643.0000002	643	1834590394	653.0000002	653	1834590394	1
611	611	380416417	621	621	380416417	5
633.0000002	633	1739196517	643.0000002	643	1739196517	1
753.0000001	753	1134805823	763.0000001	763	1134805823	1
829.0000001	829	1173572362	839.0000001	839	1173572362	1
890.0000001	890	829190600	900.0000001	900	829190600	1
886	886	246231546	896	896	246231546	5
535	535	379849691	545	545	379849691	5
509.0000001	509	706549252	519.0000001	519	706549252	1
743.0000001	743	587468803	753.0000001	753	587468803	3
821.0000001	821	1044870152	831.0000001	831	1044870152	2
569.0000001	569	1162802516	579.0000001	579	1162802516	4
919	919	69235433	929	929	69235433	5
595.0000002	595	2071490365	605.0000002	605	2071490365	5
768.0000001	768	923770541	778.0000001	778	923770541	3
902.0000001	902	1075320672	912.0000001	912	1075320672	2
871.0000001	871	946951412	881.0000001	881	946951412	1
753.0000001	753	1088112331	763.0000001	763	1088112331	4
928	928	288974212	938	938	288974212	3
919.0000001	919	1281593351	929.0000001	929	1281593351	2
972	972	432988897	982	982	432988897	3
784	784	448406237	794	794	448406237	4
904	904	376424024	914	914	376424024	4
934	934	100881390	944	944	100881390	3
992.0000002	992	1887365074	1002	1002	1887365074	1
923	923	114490293	933	933	114490293	4
781.0000001	781	989625138	791.0000001	791	989625138	2
687	687	253889668	697	697	253889668	5
581.0000002	581	1846724806	591.0000002	591	1846724806	2
834.0000001	834	883177197	844.0000001	844	883177197	2
621.0000001	621	1347816210	631.0000001	631	1347816210	4
724.0000002	724	1533831552	734.0000002	734	1533831552	5
691.0000001	691	1263593615	701.0000001	701	1263593615	1
500.0000001	500	939529079	510.0000001	510	939529079	4
724.0000001	724	521153727	734.0000001	734	521153727	5
766	766	289682329	776	776	289682329	1
891.0000002	891	1768719680	901.0000002	901	1768719680	2
609.0000001	609	767385273	619.0000001	619	767385273	4
801.0000001	801	669532020	811.0000001	811	669532020	2
900	900	327785284	910	910	327785284	4
853.0000001	853	1354854077	863.0000001	863	1354854077	3
621.0000002	621	1714402173	631.0000002	631	1714402173	3
715.0000001	715	1490587800	725.0000001	725	1490587800	2
771.0000001	771	1424089510	781.0000001	781	1424089510	2
717.0000002	717	1638408890	727.0000002	727	1638408890	4
729	729	266874693	739	739	266874693	2
919	919	351926534	929	929	351926534	1
834	834	437876654	844	844	437876654	5
982.0000001	982	1354987025	992.0000001	992	1354987025	2
846.0000001	846	640900746	856.0000001	856	640900746	5
1000	1000	1719470005	1010	1010	1719470005	1
953.0000002	953	1787975922	963.0000002	963	1787975922	1
630.0000001	630	1089306983	640.0000001	640	1089306983	5
903.0000002	903	2095894030	913.0000002	913	2095894030	4
632.0000002	632	1888857313	642.0000002	642	1888857313	4
868.0000001	868	829188409	878.0000001	878	829188409	2
825	825	62900675	835	835	62900675	2
913.0000001	913	730998803	923.0000001	923	730998803	2
554.0000001	554	1083078077	564.0000001	564	1083078077	2
652.0000002	652	1909625482	662.0000002	662	1909625482	1
994.0000002	994	1614176000	1004	1004	1614176000	5
922	922	283410640	932	932	283410640	2
623.0000001	623	1295973386	633.0000001	633	1295973386	5
931.0000001	931	730285967	941.0000001	941	730285967	5
922.0000001	922	1222939719	932.0000001	932	1222939719	5
847.0000002	847	1817127114	857.0000002	857	1817127114	4
697.0000001	697	1019968296	707.0000001	707	1019968296	2
558.0000001	558	844175751	568.0000001	568	844175751	3
702	702	437028739	712	712	437028739	3
744.0000002	744	1689500317	754.0000002	754	1689500317	3
705.0000001	705	1171961036	715.0000001	715	1171961036	3
554.0000002	554	1791882816	564.0000002	564	1791882816	5
866.0000001	866	1256418842	876.0000001	876	1256418842	2
920.0000001	920	515065188	930.0000001	930	515065188	2
572.0000001	572	1068488678	582.0000001	582	1068488678	4
829.0000001	829	747344084	839.0000001	839	747344084	5
649.0000001	649	781939882	659.0000001	659	781939882	5
737.0000001	737	1420415212	747.0000001	747	1420415212	1
909.0000001	909	1185220739	919.0000001	919	1185220739	4
877.0000002	877	2136926907	887.0000002	887	2136926907	3
583.0000002	583	2061315959	593.0000002	593	2061315959	2
908.0000001	908	757207096	918.0000001	918	757207096	4
830.0000002	830	1777419181	840.0000002	840	1777419181	3
960.0000001	960	1003139294	970.0000001	970	1003139294	2
556.0000001	556	705617478	566.0000001	566	705617478	3
708.0000002	708	1518792846	718.0000002	718	1518792846	3
573.0000002	573	1832327704	583.0000002	583	1832327704	3
627.0000001	627	768518154	637.0000001	637	768518154	1
868	868	102308001	878	878	102308001	4
874.0000001	874	767922133	884.0000001	884	767922133	1
526.0000001	526	530659988	536.0000001	536	530659988	3
607.0000002	607	1716484002	617.0000002	617	1716484002	3
795.0000001	795	1051332773	805.0000001	805	1051332773	2
896.0000002	896	1826633374	906.0000002	906	1826633374	2
537	537	299286321	547	547	299286321	4
716	716	126788845	726	726	126788845	4
742.0000001	742	1496276840	752.0000001	752	1496276840	3
734.0000001	734	1319254618	744.0000001	744	1319254618	5
521.0000001	521	970964596	531.0000001	531	970964596	1
690.0000002	690	1933305580	700.0000002	700	1933305580	2
979.0000001	979	861271287	989.0000001	989	861271287	4
726.0000002	726	2142925632	736.0000002	736	2142925632	1
745.0000002	745	1577704748	755.0000002	755	1577704748	3
590.0000002	590	2117690129	600.0000002	600	2117690129	2
645.0000001	645	510507173	655.0000001	655	510507173	2
563	563	498709779	573	573	498709779	3
665.0000001	665	717550565	675.0000001	675	717550565	4
540.0000001	540	1292447055	550.0000001	550	1292447055	1
800.0000002	800	1919124991	810.0000002	810	1919124991	3
820.0000002	820	1902771304	830.0000002	830	1902771304	2
918.0000001	918	1281890314	928.0000001	928	1281890314	3
629.0000002	629	1832957302	639.0000002	639	1832957302	2
975.0000001	975	512494753	985.0000001	985	512494753	3
994.0000001	994	911825847	1004	1004	911825847	2
835.0000001	835	688612949	845.0000001	845	688612949	3
777.0000001	777	1218112231	787.0000001	787	1218112231	2
701	701	283135046	711	711	283135046	5
908	908	373457005	918	918	373457005	2
905.0000002	905	1986630385	915.0000002	915	1986630385	4
815	815	385443047	825	825	385443047	5
781.0000001	781	1141379138	791.0000001	791	1141379138	3
677	677	369806725	687	687	369806725	2
922.0000002	922	2101927049	932.0000002	932	2101927049	5
575	575	45228264	585	585	45228264	1
572	572	48956452	582	582	48956452	3
960	960	253729723	970	970	253729723	3
538	538	172017109	548	548	172017109	4
560.0000002	560	1545233292	570.0000002	570	1545233292	2
940.0000002	940	1572984341	950.0000002	950	1572984341	5
559.0000001	559	1142981705	569.0000001	569	1142981705	2
750.0000001	750	1331055224	760.0000001	760	1331055224	3
664	664	286771980	674	674	286771980	5
785.0000001	785	1138423690	795.0000001	795	1138423690	2
741.0000001	741	761276325	751.0000001	751	761276325	1
754	754	256978461	764	764	256978461	2
676.0000002	676	1648930863	686.0000002	686	1648930863	3
804.0000001	804	1259986104	814.0000001	814	1259986104	3
665.0000001	665	974529026	675.0000001	675	974529026	5
964.0000001	964	793894270	974.0000001	974	793894270	5
851.0000001	851	1031627447	861.0000001	861	1031627447	3
732.0000001	732	729816683	742.0000001	742	729816683	3
881.0000002	881	2075784584	891.0000002	891	2075784584	4
726.0000001	726	717101102	736.0000001	736	717101102	4
706.0000001	706	1242311436	716.0000001	716	1242311436	5
874.0000001	874	840126783	884.0000001	884	840126783	5
561.0000001	561	1405714051	571.0000001	571	1405714051	3
983	983	312940019	993	993	312940019	3
821.0000001	821	1123261829	831.0000001	831	1123261829	4
969.0000002	969	1779171056	979.0000002	979	1779171056	4
633	633	152086757	643	643	152086757	2
636.0000002	636	1508704877	646.0000002	646	1508704877	1
997.0000001	997	773066546	1007	1007	773066546	3
810.0000001	810	521893482	820.0000001	820	521893482	3
557.0000001	557	1463148278	567.0000001	567	1463148278	5
571.0000001	571	818294810	581.0000001	581	818294810	4
628.0000001	628	570849934	638.0000001	638	570849934	2
763.0000002	763	1716878001	773.0000002	773	1716878001	2
856.0000001	856	990311919	866.0000001	866	990311919	2
688.0000002	688	2116083227	698.0000002	698	2116083227	1
703.0000001	703	1142378694	713.0000001	713	1142378694	1
661.0000002	661	2133293625	671.0000002	671	2133293625	3
685.0000001	685	1299654803	695.0000001	695	1299654803	3
867.0000001	867	1429150674	877.0000001	877	1429150674	1
692.0000001	692	1124233667	702.0000001	702	1124233667	1
926.0000002	926	2060931128	936.0000002	936	2060931128	3
868.0000002	868	1686129135	878.0000002	878	1686129135	4
869.0000001	869	625680882	879.0000001	879	625680882	3
977.0000001	977	1173433584	987.0000001	987	1173433584	1
779.0000001	779	513174514	789.0000001	789	513174514	5
578.0000001	578	1419575152	588.0000001	588	1419575152	4
573	573	57577384	583	583	57577384	5
510.0000001	510	1242991197	520.0000001	520	1242991197	4
959.0000001	959	1347876088	969.0000001	969	1347876088	2
799.0000001	799	774678486	809.0000001	809	774678486	3
716	716	337818985	726	726	337818985	4
578	578	40519223	588	588	40519223	2
860	860	32908889	870	870	32908889	5
699.0000001	699	650759004	709.0000001	709	650759004	3
645.0000001	645	1163781053	655.0000001	655	1163781053	2
575.0000002	575	1812079945	585.0000002	585	1812079945	3
578.0000001	578	802845761	588.0000001	588	802845761	4
781.0000001	781	525002282	791.0000001	791	525002282	2
571	571	437662843	581	581	437662843	3
889.0000001	889	1324739244	899.0000001	899	1324739244	3
585.0000002	585	1988150560	595.0000002	595	1988150560	1
889.0000001	889	1255957654	899.0000001	899	1255957654	1
763.0000002	763	1895589178	773.0000002	773	1895589178	2
848.0000002	848	1557544914	858.0000002	858	1557544914	3
992	992	98785925	1002	1002	98785925	2
952.0000002	952	1864188757	962.0000002	962	1864188757	2
797.0000001	797	552439960	807.0000001	807	552439960	5
652	652	84595902	662	662	84595902	2
636.0000001	636	1016359913	646.0000001	646	1016359913	4
664.0000002	664	1981590635	674.0000002	674	1981590635	2
845.0000001	845	1208829569	855.0000001	855	1208829569	2
808.0000001	808	929807393	818.0000001	818	929807393	4
778.0000002	778	1520236122	788.0000002	788	1520236122	2
960.0000002	960	1834510451	970.0000002	970	1834510451	2
stocks
5.4733489e+10	41717	54733488996	1
