items_number
200
stocks_number
1
digit
16
items
686	686	208775254	696	696	208775254	2
988.0000002	988	1962944948	998.0000002	998	1962944948	5
615.0000002	615	1906025088	625.0000002	625	1906025088	4
594.0000001	594	1219895807	604.0000001	604	1219895807	4
733.0000001	733	548343573	743.0000001	743	548343573	3
521	521	441103717	531	531	441103717	3
677.0000001	677	657744964	687.0000001	687	657744964	4
995.0000001	995	1395689007	1005	1005	1395689007	2
993.0000001	993	639515913	1003	1003	639515913	2
954.0000001	954	1206777564	964.0000001	964	1206777564	3
846.0000001	846	508259563	856.0000001	856	508259563	4
521.0000001	521	621770023	531.0000001	531	621770023	4
884.0000001	884	1450918054	894.0000001	894	1450918054	4
727.0000002	727	1887139419	737.0000002	737	1887139419	3
871.0000002	871	1953073323	881.0000002	881	1953073323	3
937.0000001	937	1274513317	947.0000001	947	1274513317	5
802.0000001	802	517774489	812.0000001	812	517774489	1
930	930	292028590	940	940	292028590	5
873.0000001	873	658455203	883.0000001	883	658455203	2
946	946	42322939	956	956	42322939	3
850.0000002	850	1795716469	860.0000002	860	1795716469	5
800.0000001	800	684419228	810.0000001	810	684419228	2
915.0000001	915	1186910684	925.0000001	925	1186910684	4
687.0000002	687	1794003812	697.0000002	697	1794003812	1
888.0000002	888	1620673541	898.0000002	898	1620673541	2
945.0000001	945	599221987	955.0000001	955	599221987	1
636	636	409876558	646	646	409876558	2
992.0000001	992	1158160917	1002	1002	1158160917	5
518	518	286715492	528	528	286715492	4
526	526	390384622	536	536	390384622	1
596	596	389775792	606	606	389775792	4
952	952	495490746	962	962	495490746	2
513	513	205845922	523	523	205845922	2
958	958	148317232	968	968	148317232	4
545.0000002	545	1715386554	555.0000002	555	1715386554	2
993.0000001	993	754189496	1003	1003	754189496	2
979.0000001	979	589420949	989.0000001	989	589420949	3
969	969	225647870	979	979	225647870	5
987	987	2394855	997	997	2394855	3
971.0000001	971	1228936862	981.0000001	981	1228936862	5
669.0000001	669	1432425434	679.0000001	679	1432425434	4
579.0000001	579	510654418	589.0000001	589	510654418	1
993.0000002	993	1850706886	1003	1003	1850706886	5
552.0000001	552	735859840	562.0000001	562	735859840	2
806	806	250310190	816	816	250310190	1
609.0000002	609	1656296561	619.0000002	619	1656296561	4
989.0000002	989	2010373158	999.0000002	999	2010373158	3
854.0000001	854	768084679	864.0000001	864	768084679	3
785.0000002	785	1948325151	795.0000002	795	1948325151	3
607.0000001	607	521344713	617.0000001	617	521344713	1
800.0000001	800	810407618	810.0000001	810	810407618	1
634.0000002	634	1596557972	644.0000002	644	1596557972	5
907.0000001	907	1205763942	917.0000001	917	1205763942	2
961.0000002	961	1997318302	971.0000002	971	1997318302	1
568.0000001	568	1243078136	578.0000001	578	1243078136	5
795.0000001	795	678953835	805.0000001	805	678953835	5
905	905	449056641	915	915	449056641	1
704.0000002	704	1652954694	714.0000002	714	1652954694	1
532.0000002	532	1837114752	542.0000002	542	1837114752	5
670.0000001	670	735772133	680.0000001	680	735772133	1
977.0000002	977	2043339316	987.0000002	987	2043339316	3
875	875	79406897	885	885	79406897	5
621.0000001	621	1231262880	631.0000001	631	1231262880	5
736	736	101701591	746	746	101701591	4
833	833	227724129	843	843	227724129	3
913.0000001	913	799165786	923.0000001	923	799165786	1
729.0000001	729	855891087	739.0000001	739	855891087	2
811.0000001	811	817145079	821.0000001	821	817145079	5
627.0000001	627	1024813656	637.0000001	637	1024813656	3
962.0000001	962	858285942	972.0000001	972	858285942	4
528.0000002	528	2046081941	538.0000002	538	2046081941	1
796	796	309755442	806	806	309755442	1
540.0000001	540	1368940360	550.0000001	550	1368940360	2
767.0000002	767	1749305179	777.0000002	777	1749305179	5
848.0000001	848	1045615282	858.0000001	858	1045615282	5
846.0000002	846	1619250550	856.0000002	856	1619250550	2
876.0000001	876	1258118092	886.0000001	886	1258118092	3
583.0000001	583	908504792	593.0000001	593	908504792	4
947	947	239851582	957	957	239851582	1
660.0000001	660	1058959595	670.0000001	670	1058959595	3
937.0000001	937	1429849506	947.0000001	947	1429849506	5
746.0000001	746	1050259200	756.0000001	756	1050259200	1
541.0000001	541	508033919	551.0000001	551	508033919	2
844	844	488129800	854	854	488129800	3
953.0000001	953	900093855	963.0000001	963	900093855	3
856.0000002	856	1751112055	866.0000002	866	1751112055	3
885.0000001	885	1167083635	895.0000001	895	1167083635	3
858.0000001	858	1349150496	868.0000001	868	1349150496	4
806.0000001	806	1256583101	816.0000001	816	1256583101	3
917.0000001	917	856714740	927.0000001	927	856714740	4
527.0000002	527	2084922630	537.0000002	537	2084922630	1
782.0000001	782	1152438770	792.0000001	792	1152438770	5
792.0000001	792	936121637	802.0000001	802	936121637	3
895.0000001	895	1168701862	905.0000001	905	1168701862	5
764.0000001	764	1254140361	774.0000001	774	1254140361	5
871.0000001	871	1163845766	881.0000001	881	1163845766	2
807.0000002	807	1967867648	817.0000002	817	1967867648	3
993.0000002	993	2110031448	1003	1003	2110031448	4
681.0000002	681	1980990845	691.0000002	691	1980990845	3
934.0000001	934	845197656	944.0000001	944	845197656	5
955.0000001	955	820833742	965.0000001	965	820833742	2
956.0000002	956	1879589139	966.0000002	966	1879589139	4
977.0000001	977	1154953098	987.0000001	987	1154953098	2
995	995	42290454	1005	1005	42290454	5
722.0000001	722	1481410670	732.0000001	732	1481410670	3
570	570	53084732	580	580	53084732	1
587.0000002	587	1661541005	597.0000002	597	1661541005	3
844.0000001	844	592045115	854.0000001	854	592045115	3
900.0000001	900	961589525	910.0000001	910	961589525	5
533.0000002	533	1901392587	543.0000002	543	1901392587	4
751.0000002	751	1651004710	761.0000002	761	1651004710	2
837	837	243955383	847	847	243955383	4
525.0000001	525	804168139	535.0000001	535	804168139	1
538	538	11554982	548	548	11554982	5
680.0000001	680	732085183	690.0000001	690	732085183	1
978.0000002	978	1704261994	988.0000002	988	1704261994	4
894.0000002	894	1762667037	904.0000002	904	1762667037	2
811.0000002	811	1899168818	821.0000002	821	1899168818	5
581.0000001	581	905928843	591.0000001	591	905928843	4
699.0000001	699	871766491	709.0000001	709	871766491	4
727.0000001	727	608399910	737.0000001	737	608399910	3
608.0000001	608	843367825	618.0000001	618	843367825	4
981.0000002	981	2024205261	991.0000002	991	2024205261	5
765.0000002	765	1544521547	775.0000002	775	1544521547	2
502.0000002	502	2012069687	512.0000002	512	2012069687	1
744.0000001	744	1130861974	754.0000001	754	1130861974	1
635.0000001	635	560883666	645.0000001	645	560883666	3
555.0000002	555	1832453687	565.0000002	565	1832453687	5
984.0000001	984	1093409774	994.0000001	994	1093409774	4
563	563	394390863	573	573	394390863	1
736.0000001	736	530167695	746.0000001	746	530167695	4
684.0000002	684	1914243516	694.0000002	694	1914243516	3
518	518	126496354	528	528	126496354	1
959.0000002	959	1685120793	969.0000002	969	1685120793	5
678.0000002	678	1956533970	688.0000002	688	1956533970	4
741.0000002	741	1607907025	751.0000002	751	1607907025	5
528.0000002	528	1738205525	538.0000002	538	1738205525	3
511.0000001	511	1470591327	521.0000001	521	1470591327	2
831	831	52468492	841	841	52468492	2
929.0000001	929	552311402	939.0000001	939	552311402	2
791.0000001	791	1224500266	801.0000001	801	1224500266	2
581.0000002	581	1703473202	591.0000002	591	1703473202	5
765.0000001	765	796266785	775.0000001	775	796266785	2
562.0000002	562	2028668406	572.0000002	572	2028668406	2
619.0000002	619	1715028184	629.0000002	629	1715028184	4
691.0000002	691	1528351968	701.0000002	701	1528351968	4
540.0000002	540	1585446752	550.0000002	550	1585446752	5
512.0000001	512	1330211574	522.0000001	522	1330211574	5
501.0000001	501	1280037139	511.0000001	511	1280037139	4
621	621	343891947	631	631	343891947	3
711	711	54494417	721	721	54494417	5
975.0000002	975	1888437049	985.0000002	985	1888437049	3
977.0000001	977	1187259772	987.0000001	987	1187259772	4
938.0000002	938	2078699678	948.0000002	948	2078699678	4
740.0000001	740	1285474949	750.0000001	750	1285474949	5
725.0000001	725	1051845811	735.0000001	735	1051845811	1
929.0000001	929	1062078004	939.0000001	939	1062078004	2
621.0000002	621	1846358615	631.0000002	631	1846358615	4
527.0000001	527	736815850	537.0000001	537	736815850	5
658	658	8004130	668	668	8004130	2
684	684	93265830	694	694	93265830	4
509.0000001	509	1266983545	519.0000001	519	1266983545	5
842.0000002	842	1922247646	852.0000002	852	1922247646	4
950	950	219762185	960	960	219762185	4
968.0000001	968	804620690	978.0000001	978	804620690	1
766.0000002	766	1731297968	776.0000002	776	1731297968	3
937.0000002	937	1827669210	947.0000002	947	1827669210	4
996	996	395342568	1006	1006	395342568	3
778.0000001	778	1054405648	788.0000001	788	1054405648	1
767.0000002	767	1880137702	777.0000002	777	1880137702	2
924.0000001	924	947653970	934.0000001	934	947653970	1
815	815	131422266	825	825	131422266	2
849.0000001	849	1436127256	859.0000001	859	1436127256	2
935.0000002	935	1743920756	945.0000002	945	1743920756	2
878	878	12607024	888	888	12607024	5
968.0000001	968	1003671793	978.0000001	978	1003671793	5
625.0000001	625	1124789076	635.0000001	635	1124789076	3
664.0000002	664	1598053777	674.0000002	674	1598053777	5
727	727	186399719	737	737	186399719	2
626	626	257342567	636	636	257342567	1
785.0000002	785	1941945724	795.0000002	795	1941945724	4
684	684	240894136	694	694	240894136	1
601.0000002	601	2145779617	611.0000002	611	2145779617	3
507.0000001	507	981721849	517.0000001	517	981721849	2
622	622	172110166	632	632	172110166	2
587.0000001	587	1283770918	597.0000001	597	1283770918	4
980.0000002	980	2033567660	990.0000002	990	2033567660	4
797.0000001	797	1234188170	807.0000001	807	1234188170	3
708.0000001	708	982645885	718.0000001	718	982645885	3
506.0000001	506	622899863	516.0000001	516	622899863	3
701.0000001	701	1242192300	711.0000001	711	1242192300	4
639.0000001	639	1075911715	649.0000001	649	1075911715	3
515.0000002	515	1889883408	525.0000002	525	1889883408	2
542.0000001	542	1016956298	552.0000001	552	1016956298	5
588.0000001	588	1295673900	598.0000001	598	1295673900	4
729.0000001	729	547020451	739.0000001	739	547020451	3
808.0000001	808	600770618	818.0000001	818	600770618	4
524.0000001	524	975859462	534.0000001	534	975859462	2
724.0000001	724	942363019	734.0000001	734	942363019	2
832.0000002	832	1655176266	842.0000002	842	1655176266	4
stocks
7.974530135e+10	52020	79745301346	1
