items_number
200
stocks_number
1
digit
8
items
868.9898016	868	98980161	878.9898016	878	98980161	4
820.5878886	820	58788856	830.5878886	830	58788856	5
513.9138741	513	91387410	523.9138741	523	91387410	4
673.0044821	673	448213	683.0044821	683	448213	1
581.3539407	581	35394075	591.3539407	591	35394075	2
645.5443122	645	54431218	655.5443122	655	54431218	4
940.1714273	940	17142732	950.1714273	950	17142732	5
658.3745354	658	37453541	668.3745354	668	37453541	2
809.5399009	809	53990095	819.5399009	819	53990095	3
708.0127	708	1270002	718.0127	718	1270002	2
594.6948661	594	69486614	604.6948661	604	69486614	3
521.8219499	521	82194985	531.8219499	531	82194985	2
867.557414	867	55741397	877.557414	877	55741397	1
889.8499493	889	84994931	899.8499493	899	84994931	3
802.6755499	802	67554992	812.6755499	812	67554992	4
836.9783753	836	97837529	846.9783753	846	97837529	2
541.6935631	541	69356311	551.6935631	551	69356311	1
871.3922717	871	39227169	881.3922717	881	39227169	1
904.4166343	904	41663430	914.4166343	914	41663430	4
965.183486	965	18348602	975.183486	975	18348602	3
723.864792	723	86479200	733.864792	733	86479200	1
922.2083348	922	20833476	932.2083348	932	20833476	2
675.2253649	675	22536489	685.2253649	685	22536489	4
519.4651422	519	46514225	529.4651422	529	46514225	3
570.616209	570	61620905	580.616209	580	61620905	3
589.4202425	589	42024250	599.4202425	599	42024250	5
640.1916981	640	19169812	650.1916981	650	19169812	4
851.4395141	851	43951408	861.4395141	861	43951408	1
745.85937	745	85937002	755.85937	755	85937002	1
717.5352887	717	53528872	727.5352887	727	53528872	1
892.5918012	892	59180124	902.5918012	902	59180124	1
859.3743351	859	37433515	869.3743351	869	37433515	1
783.1231773	783	12317728	793.1231773	793	12317728	3
906.5056753	906	50567534	916.5056753	916	50567534	4
532.3788173	532	37881728	542.3788173	542	37881728	2
865.0022816	865	228156	875.0022816	875	228156	4
797.5751511	797	57515105	807.5751511	807	57515105	2
718.0754081	718	7540812	728.0754081	728	7540812	3
769.376817	769	37681697	779.376817	779	37681697	5
852.6402155	852	64021552	862.6402155	862	64021552	1
926.0881081	926	8810814	936.0881081	936	8810814	5
864.5968466	864	59684664	874.5968466	874	59684664	5
619.4621654	619	46216537	629.4621654	629	46216537	3
538.1706856	538	17068563	548.1706856	548	17068563	5
999.9719595	999	97195947	1009.971959	1009	97195947	4
921.1377153	921	13771529	931.1377153	931	13771529	3
875.1490609	875	14906092	885.1490609	885	14906092	3
539.6655226	539	66552258	549.6655226	549	66552258	5
791.0551505	791	5515051	801.0551505	801	5515051	5
524.0908588	524	9085875	534.0908588	534	9085875	1
751.8490086	751	84900860	761.8490086	761	84900860	2
513.445106	513	44510603	523.445106	523	44510603	5
692.2991935	692	29919351	702.2991935	702	29919351	4
926.599537	926	59953702	936.599537	936	59953702	5
780.9102483	780	91024828	790.9102483	790	91024828	5
763.4405661	763	44056608	773.4405661	773	44056608	3
761.544943	761	54494304	771.544943	771	54494304	1
920.1019464	920	10194640	930.1019464	930	10194640	5
860.8800802	860	88008016	870.8800802	870	88008016	3
505.4043131	505	40431307	515.4043131	515	40431307	2
883.6372351	883	63723512	893.6372351	893	63723512	5
751.9970449	751	99704492	761.9970449	761	99704492	5
611.3038117	611	30381174	621.3038117	621	30381174	2
665.2855759	665	28557593	675.2855759	675	28557593	2
903.0278838	903	2788379	913.0278838	913	2788379	5
890.682629	890	68262903	900.682629	900	68262903	3
529.813021	529	81302101	539.813021	539	81302101	2
699.6030348	699	60303484	709.6030348	709	60303484	4
607.7580371	607	75803715	617.7580371	617	75803715	1
545.7150015	545	71500150	555.7150015	555	71500150	4
797.2432504	797	24325036	807.2432504	807	24325036	4
779.3713088	779	37130882	789.3713088	789	37130882	2
655.3118481	655	31184814	665.3118481	665	31184814	3
916.2305793	916	23057926	926.2305793	926	23057926	3
817.067158	817	6715797	827.067158	827	6715797	1
653.2838076	653	28380761	663.2838076	663	28380761	1
836.8934581	836	89345807	846.8934581	846	89345807	5
938.2162189	938	21621890	948.2162189	948	21621890	5
939.9493302	939	94933020	949.9493302	949	94933020	2
873.9486086	873	94860858	883.9486086	883	94860858	1
963.3070776	963	30707765	973.3070776	973	30707765	2
689.3235023	689	32350232	699.3235023	699	32350232	5
633.3937146	633	39371462	643.3937146	643	39371462	3
901.1314347	901	13143468	911.1314347	911	13143468	5
861.9230393	861	92303934	871.9230393	871	92303934	1
913.8291264	913	82912642	923.8291264	923	82912642	2
663.5720008	663	57200076	673.5720008	673	57200076	2
621.4679824	621	46798239	631.4679824	631	46798239	2
832.4562364	832	45623635	842.4562364	842	45623635	3
769.9772444	769	97724444	779.9772444	779	97724444	1
874.397459	874	39745898	884.397459	884	39745898	3
714.618635	714	61863499	724.618635	724	61863499	2
767.9742894	767	97428936	777.9742894	777	97428936	1
985.7012707	985	70127072	995.7012707	995	70127072	1
625.9042109	625	90421092	635.9042109	635	90421092	1
669.0021731	669	217315	679.0021731	679	217315	2
620.9090633	620	90906327	630.9090633	630	90906327	1
902.2423955	902	24239545	912.2423955	912	24239545	2
615.1303715	615	13037151	625.1303715	625	13037151	5
727.1922639	727	19226395	737.1922639	737	19226395	3
947.957397	947	95739696	957.957397	957	95739696	5
658.8987854	658	89878540	668.8987854	668	89878540	4
752.0887363	752	8873629	762.0887363	762	8873629	4
601.7944086	601	79440862	611.7944086	611	79440862	4
574.1293647	574	12936466	584.1293647	584	12936466	3
568.1558943	568	15589426	578.1558943	578	15589426	4
754.0782162	754	7821624	764.0782162	764	7821624	2
656.0228227	656	2282273	666.0228227	666	2282273	3
506.3721132	506	37211316	516.3721132	516	37211316	5
692.55271	692	55270996	702.55271	702	55270996	3
529.4965948	529	49659484	539.4965948	539	49659484	5
715.2043543	715	20435433	725.2043543	725	20435433	1
628.8762123	628	87621228	638.8762123	638	87621228	5
662.415473	662	41547298	672.415473	672	41547298	2
615.335789	615	33578901	625.335789	625	33578901	2
989.3244152	989	32441515	999.3244152	999	32441515	5
821.7697629	821	76976292	831.7697629	831	76976292	5
525.4329533	525	43295329	535.4329533	535	43295329	5
610.3175611	610	31756106	620.3175611	620	31756106	1
652.2259993	652	22599927	662.2259993	662	22599927	2
540.4101977	540	41019773	550.4101977	550	41019773	5
730.71502	730	71502004	740.71502	740	71502004	5
612.8446343	612	84463427	622.8446343	622	84463427	4
807.3844871	807	38448710	817.3844871	817	38448710	2
714.9414543	714	94145428	724.9414543	724	94145428	1
737.2740087	737	27400871	747.2740087	747	27400871	1
723.9118238	723	91182377	733.9118238	733	91182377	4
834.8505176	834	85051756	844.8505176	844	85051756	3
638.5164042	638	51640417	648.5164042	648	51640417	2
584.0421953	584	4219529	594.0421953	594	4219529	5
807.0427815	807	4278151	817.0427815	817	4278151	5
584.9989646	584	99896465	594.9989646	594	99896465	4
742.4661442	742	46614421	752.4661442	752	46614421	3
558.1315178	558	13151780	568.1315178	568	13151780	3
685.7933733	685	79337327	695.7933733	695	79337327	2
562.5955089	562	59550887	572.5955089	572	59550887	1
626.8125756	626	81257558	636.8125756	636	81257558	3
685.396753	685	39675303	695.396753	695	39675303	3
719.1434951	719	14349512	729.1434951	729	14349512	5
879.1846887	879	18468875	889.1846887	889	18468875	2
624.949463	624	94946299	634.949463	634	94946299	3
995.1652535	995	16525348	1005.165253	1005	16525348	1
840.9142066	840	91420660	850.9142066	850	91420660	4
752.8256753	752	82567528	762.8256753	762	82567528	4
903.5807265	903	58072646	913.5807265	913	58072646	3
702.7751591	702	77515914	712.7751591	712	77515914	5
740.1500904	740	15009043	750.1500904	750	15009043	3
723.3504894	723	35048939	733.3504894	733	35048939	2
974.2081124	974	20811243	984.2081124	984	20811243	4
596.4676515	596	46765149	606.4676515	606	46765149	1
875.1016522	875	10165218	885.1016522	885	10165218	4
513.1434737	513	14347369	523.1434737	523	14347369	5
826.707835	826	70783505	836.707835	836	70783505	5
733.9462865	733	94628645	743.9462865	743	94628645	4
567.0531243	567	5312431	577.0531243	577	5312431	4
786.1744528	786	17445285	796.1744528	796	17445285	2
716.7454587	716	74545869	726.7454587	726	74545869	4
536.9649481	536	96494808	546.9649481	546	96494808	4
866.0249704	866	2497041	876.0249704	876	2497041	4
855.2618629	855	26186286	865.2618629	865	26186286	2
620.5323069	620	53230689	630.5323069	630	53230689	3
672.5929154	672	59291544	682.5929154	682	59291544	3
685.785991	685	78599103	695.785991	695	78599103	5
862.9984511	862	99845110	872.9984511	872	99845110	3
730.2495968	730	24959676	740.2495968	740	24959676	2
617.5793643	617	57936430	627.5793643	627	57936430	4
925.59396	925	59395997	935.59396	935	59395997	5
603.0621723	603	6217235	613.0621723	613	6217235	4
548.9761173	548	97611734	558.9761173	558	97611734	3
890.2626186	890	26261862	900.2626186	900	26261862	1
728.7720246	728	77202462	738.7720246	738	77202462	2
672.9255803	672	92558033	682.9255803	682	92558033	2
884.4278721	884	42787210	894.4278721	894	42787210	1
815.2113947	815	21139474	825.2113947	825	21139474	5
670.2764191	670	27641913	680.2764191	680	27641913	5
786.5337621	786	53376209	796.5337621	796	53376209	3
516.5117174	516	51171740	526.5117174	526	51171740	1
657.9516731	657	95167308	667.9516731	667	95167308	3
508.409415	508	40941500	518.409415	518	40941500	2
990.2449934	990	24499336	1000.244993	1000	24499336	1
753.9444881	753	94448809	763.9444881	763	94448809	3
629.5110672	629	51106718	639.5110672	639	51106718	5
749.3884671	749	38846705	759.3884671	759	38846705	3
826.6523231	826	65232314	836.6523231	836	65232314	4
608.9825172	608	98251716	618.9825172	618	98251716	5
562.4415914	562	44159136	572.4415914	572	44159136	1
611.3519395	611	35193952	621.3519395	621	35193952	1
824.7279759	824	72797585	834.7279759	834	72797585	3
598.4065394	598	40653944	608.4065394	608	40653944	4
978.9020734	978	90207345	988.9020734	988	90207345	1
678.5150022	678	51500223	688.5150022	688	51500223	4
718.9388463	718	93884634	728.9388463	728	93884634	3
649.4949889	649	49498890	659.4949889	659	49498890	4
610.3009933	610	30099326	620.3009933	620	30099326	1
827.462461	827	46246096	837.462461	837	46246096	2
626.2697492	626	26974918	636.2697492	636	26974918	5
727.8803576	727	88035756	737.8803576	737	88035756	4
998.5815845	998	58158446	1008.581584	1008	58158446	1
976.8570851	976	85708505	986.8570851	986	85708505	1
775.3816384	775	38163842	785.3816384	785	38163842	1
stocks
90259359.9	40123	90259359	1
