items_number
200
stocks_number
1
digit
18
items
863	863	1150326962	873	873	1150326962	5
727	727	421214010	737	737	421214010	1
828	828	642494337	838	838	642494337	3
658	658	667432276	668	668	667432276	3
770	770	1165911707	780	780	1165911707	4
704	704	104263821	714	714	104263821	3
970	970	908899214	980	980	908899214	3
965	965	1398938415	975	975	1398938415	3
557	557	1523254342	567	567	1523254342	2
871	871	726241589	881	881	726241589	1
750	750	767294561	760	760	767294561	3
895	895	190377041	905	905	190377041	4
614	614	1806897932	624	624	1806897932	4
781	781	1631488512	791	791	1631488512	3
704	704	679885526	714	714	679885526	5
518	518	2063262546	528	528	2063262546	1
865	865	33741664	875	875	33741664	2
969	969	422478409	979	979	422478409	5
720	720	1544533299	730	730	1544533299	1
961	961	1729632815	971	971	1729632815	5
566	566	363101389	576	576	363101389	2
833	833	115173344	843	843	115173344	5
884	884	1192325830	894	894	1192325830	1
889	889	1506054463	899	899	1506054463	2
904	904	392376171	914	914	392376171	1
953	953	199775490	963	963	199775490	2
573	573	1535604905	583	583	1535604905	5
901	901	1024391227	911	911	1024391227	5
966	966	541827716	976	976	541827716	4
603	603	681476796	613	613	681476796	2
844	844	616291271	854	854	616291271	5
575	575	1692154678	585	585	1692154678	5
830	830	1102690806	840	840	1102690806	5
671	671	1258785609	681	681	1258785609	2
733	733	212103306	743	743	212103306	5
846	846	121118865	856	856	121118865	5
875	875	1363049430	885	885	1363049430	1
949	949	1121002520	959	959	1121002520	4
810	810	1520057280	820	820	1520057280	3
678	678	738820125	688	688	738820125	2
566	566	1847244109	576	576	1847244109	1
559	559	139868193	569	569	139868193	2
573	573	929197166	583	583	929197166	3
680	680	1506658393	690	690	1506658393	1
841	841	1771356705	851	851	1771356705	4
523	523	1609082692	533	533	1609082692	4
698	698	1422437291	708	708	1422437291	1
952	952	1805098369	962	962	1805098369	3
992	992	2031561101	1002	1002	2031561101	3
665	665	819486942	675	675	819486942	1
658	658	1387247536	668	668	1387247536	2
804	804	247178842	814	814	247178842	1
998	998	934660287	1008	1008	934660287	3
541	541	432089718	551	551	432089718	3
940	940	1753233305	950	950	1753233305	3
902	902	1327036458	912	912	1327036458	5
994	994	631865209	1004	1004	631865209	1
512	512	1141354562	522	522	1141354562	2
548	548	203944037	558	558	203944037	2
706	706	1173692925	716	716	1173692925	1
615	615	1822831358	625	625	1822831358	5
892	892	820235309	902	902	820235309	1
781	781	718363956	791	791	718363956	3
691	691	778038516	701	701	778038516	4
809	809	2079020918	819	819	2079020918	4
513	513	930467262	523	523	930467262	2
536	536	899157381	546	546	899157381	1
930	930	1294586700	940	940	1294586700	1
709	709	2051469783	719	719	2051469783	2
593	593	271731013	603	603	271731013	5
608	608	2033406825	618	618	2033406825	5
775	775	1751230244	785	785	1751230244	2
652	652	411599206	662	662	411599206	1
928	928	815120343	938	938	815120343	2
955	955	1110404990	965	965	1110404990	2
739	739	35472263	749	749	35472263	4
951	951	276719387	961	961	276719387	5
899	899	385358633	909	909	385358633	5
938	938	1840570632	948	948	1840570632	1
688	688	160796840	698	698	160796840	5
563	563	1204845576	573	573	1204845576	2
595	595	1080334520	605	605	1080334520	5
739	739	407975683	749	749	407975683	2
808	808	2139505863	818	818	2139505863	4
884	884	1512424239	894	894	1512424239	4
678	678	13725340	688	688	13725340	4
709	709	1319058673	719	719	1319058673	1
623	623	2144289448	633	633	2144289448	1
937	937	1155079903	947	947	1155079903	2
503	503	1523002711	513	513	1523002711	2
829	829	1170498725	839	839	1170498725	2
798	798	830427613	808	808	830427613	2
641	641	195754372	651	651	195754372	4
609	609	1888862681	619	619	1888862681	4
989	989	1608466130	999	999	1608466130	2
950	950	127291642	960	960	127291642	2
870	870	671846296	880	880	671846296	2
771	771	360139863	781	781	360139863	2
879	879	1421878342	889	889	1421878342	2
825	825	575832431	835	835	575832431	5
610	610	631870877	620	620	631870877	1
733	733	1307801520	743	743	1307801520	1
599	599	179579027	609	609	179579027	1
509	509	1043470083	519	519	1043470083	3
907	907	2122921863	917	917	2122921863	4
800	800	1289984017	810	810	1289984017	4
748	748	1078942347	758	758	1078942347	2
857	857	252157603	867	867	252157603	1
698	698	1675342651	708	708	1675342651	5
932	932	772029331	942	942	772029331	4
792	792	412954443	802	802	412954443	2
508	508	732704579	518	518	732704579	2
774	774	1852363852	784	784	1852363852	3
530	530	820930126	540	540	820930126	3
562	562	724726794	572	572	724726794	2
657	657	1217304443	667	667	1217304443	3
955	955	834655467	965	965	834655467	2
771	771	2043785467	781	781	2043785467	2
780	780	1214110243	790	790	1214110243	4
891	891	1989735370	901	901	1989735370	3
520	520	1419304530	530	530	1419304530	5
856	856	237125320	866	866	237125320	5
935	935	672679335	945	945	672679335	1
661	661	1615058902	671	671	1615058902	3
965	965	2125988002	975	975	2125988002	5
669	669	133661817	679	679	133661817	3
610	610	1742350544	620	620	1742350544	1
580	580	650350650	590	590	650350650	3
940	940	493801681	950	950	493801681	1
735	735	1016745239	745	745	1016745239	5
905	905	1226183081	915	915	1226183081	4
797	797	1125672558	807	807	1125672558	4
969	969	177063111	979	979	177063111	5
503	503	1405762108	513	513	1405762108	1
806	806	21658993	816	816	21658993	3
875	875	152501326	885	885	152501326	1
549	549	548262478	559	559	548262478	4
800	800	1100601340	810	810	1100601340	4
979	979	404658929	989	989	404658929	1
995	995	76121481	1005	1005	76121481	1
732	732	1872630672	742	742	1872630672	3
516	516	817613373	526	526	817613373	2
502	502	808826060	512	512	808826060	2
752	752	1577510876	762	762	1577510876	2
793	793	1638543499	803	803	1638543499	1
564	564	1533552854	574	574	1533552854	5
909	909	647331671	919	919	647331671	5
747	747	325715318	757	757	325715318	4
581	581	1429854673	591	591	1429854673	4
935	935	1861441914	945	945	1861441914	3
884	884	167967040	894	894	167967040	2
601	601	701675556	611	611	701675556	3
790	790	2098567234	800	800	2098567234	4
818	818	840646376	828	828	840646376	4
762	762	169250810	772	772	169250810	3
501	501	2077071588	511	511	2077071588	5
987	987	974308193	997	997	974308193	3
618	618	1911601355	628	628	1911601355	3
828	828	579938590	838	838	579938590	4
672	672	1468109874	682	682	1468109874	1
853	853	780862946	863	863	780862946	2
733	733	1806121671	743	743	1806121671	2
969	969	446298784	979	979	446298784	4
567	567	957926057	577	577	957926057	4
983	983	1064400132	993	993	1064400132	2
520	520	467957778	530	530	467957778	1
689	689	1110427383	699	699	1110427383	4
532	532	1612662610	542	542	1612662610	2
821	821	1568559118	831	831	1568559118	2
914	914	1515086313	924	924	1515086313	1
526	526	1688784091	536	536	1688784091	2
799	799	1293706142	809	809	1293706142	1
930	930	185216038	940	940	185216038	4
775	775	350126503	785	785	350126503	5
550	550	723733370	560	560	723733370	2
969	969	1823759537	979	979	1823759537	4
585	585	1883679357	595	595	1883679357	5
705	705	1371065041	715	715	1371065041	3
715	715	1991208	725	725	1991208	3
666	666	1166050382	676	676	1166050382	3
886	886	1085023307	896	896	1085023307	5
845	845	169958248	855	855	169958248	1
513	513	1867725938	523	523	1867725938	2
923	923	1036106894	933	933	1036106894	5
909	909	1010604624	919	919	1010604624	4
521	521	2036976749	531	531	2036976749	4
924	924	965694834	934	934	965694834	1
895	895	1984912818	905	905	1984912818	4
639	639	1801094456	649	649	1801094456	2
751	751	1545633425	761	761	1545633425	4
813	813	1305539044	823	823	1305539044	4
738	738	434473754	748	748	434473754	3
730	730	1204271448	740	740	1204271448	5
528	528	1751837829	538	538	1751837829	4
552	552	1392399811	562	562	1392399811	1
960	960	121187932	970	970	121187932	1
548	548	72311959	558	558	72311959	1
988	988	355343546	998	998	355343546	1
992	992	1733850542	1002	1002	1733850542	5
869	869	1640871077	879	879	1640871077	4
stocks
1839	1839	2138591938	1
