items_number
200
stocks_number
1
digit
8
items
825.1056409	825	10564087	835.1056409	835	10564087	1
599.6888341	599	68883414	609.6888341	609	68883414	1
647.2511911	647	25119115	657.2511911	657	25119115	1
605.4235771	605	42357713	615.4235771	615	42357713	1
659.9166824	659	91668236	669.9166824	669	91668236	5
585.1052905	585	10529051	595.1052905	595	10529051	4
770.4582235	770	45822346	780.4582235	780	45822346	5
571.8678908	571	86789085	581.8678908	581	86789085	1
774.7590999	774	75909989	784.7590999	784	75909989	5
868.9401522	868	94015216	878.9401522	878	94015216	2
686.7755616	686	77556161	696.7755616	696	77556161	3
794.7337532	794	73375319	804.7337532	804	73375319	1
817.9108749	817	91087488	827.9108749	827	91087488	4
922.3915988	922	39159884	932.3915988	932	39159884	3
782.0015301	782	153007	792.0015301	792	153007	3
594.4870256	594	48702557	604.4870256	604	48702557	1
604.4392505	604	43925047	614.4392505	614	43925047	5
598.1970964	598	19709637	608.1970964	608	19709637	1
521.8116067	521	81160668	531.8116067	531	81160668	1
663.9273003	663	92730027	673.9273003	673	92730027	5
811.825324	811	82532400	821.825324	821	82532400	4
506.5939488	506	59394879	516.5939488	516	59394879	1
689.2860305	689	28603049	699.2860305	699	28603049	3
655.9660604	655	96606043	665.9660604	665	96606043	5
831.1912938	831	19129382	841.1912938	841	19129382	5
909.1492666	909	14926661	919.1492666	919	14926661	5
702.7082699	702	70826993	712.7082699	712	70826993	3
898.2490389	898	24903892	908.2490389	908	24903892	1
995.1127	995	11269997	1005.1127	1005	11269997	5
808.331761	808	33176105	818.331761	818	33176105	3
682.9311234	682	93112341	692.9311234	692	93112341	2
566.7435044	566	74350437	576.7435044	576	74350437	3
653.0205952	653	2059520	663.0205952	663	2059520	5
575.1823146	575	18231456	585.1823146	585	18231456	2
671.692245	671	69224502	681.692245	681	69224502	5
812.4624411	812	46244108	822.4624411	822	46244108	4
660.2876051	660	28760508	670.2876051	670	28760508	1
688.1504685	688	15046849	698.1504685	698	15046849	5
883.3303319	883	33033194	893.3303319	893	33033194	4
681.5718685	681	57186849	691.5718685	691	57186849	5
802.6157842	802	61578417	812.6157842	812	61578417	3
569.1058936	569	10589355	579.1058936	579	10589355	3
721.8307852	721	83078520	731.8307852	731	83078520	2
865.5266591	865	52665906	875.5266591	875	52665906	1
737.0226559	737	2265591	747.0226559	747	2265591	3
502.8323153	502	83231528	512.8323153	512	83231528	1
959.5388482	959	53884815	969.5388482	969	53884815	1
841.4619064	841	46190638	851.4619064	851	46190638	2
848.0294117	848	2941165	858.0294117	858	2941165	2
726.3504548	726	35045483	736.3504548	736	35045483	3
750.9143702	750	91437018	760.9143702	760	91437018	1
905.3798992	905	37989917	915.3798992	915	37989917	2
732.9444036	732	94440362	742.9444036	742	94440362	5
940.2004007	940	20040067	950.2004007	950	20040067	4
807.8711231	807	87112312	817.8711231	817	87112312	2
810.1356974	810	13569745	820.1356974	820	13569745	4
848.3496673	848	34966728	858.3496673	858	34966728	5
508.5793931	508	57939305	518.5793931	518	57939305	4
707.3847364	707	38473637	717.3847364	717	38473637	1
588.9875308	588	98753078	598.9875308	598	98753078	2
562.4363176	562	43631763	572.4363176	572	43631763	3
889.8410233	889	84102330	899.8410233	899	84102330	3
654.7310352	654	73103515	664.7310352	664	73103515	4
716.9820764	716	98207635	726.9820764	726	98207635	5
711.5485014	711	54850138	721.5485014	721	54850138	1
572.9484437	572	94844369	582.9484437	582	94844369	3
527.4445174	527	44451743	537.4445174	537	44451743	5
871.36127	871	36126998	881.36127	881	36126998	3
760.0989122	760	9891218	770.0989122	770	9891218	4
911.3000129	911	30001289	921.3000129	921	30001289	1
551.458302	551	45830199	561.458302	561	45830199	4
561.7146964	561	71469636	571.7146964	571	71469636	1
726.93107	726	93106996	736.93107	736	93106996	3
773.2890872	773	28908720	783.2890872	783	28908720	3
926.7665189	926	76651894	936.7665189	936	76651894	3
709.9537259	709	95372587	719.9537259	719	95372587	2
521.1214025	521	12140248	531.1214025	531	12140248	3
630.3053671	630	30536709	640.3053671	640	30536709	5
549.9407958	549	94079578	559.9407958	559	94079578	4
615.6759777	615	67597765	625.6759777	625	67597765	1
856.6558219	856	65582192	866.6558219	866	65582192	2
545.855166	545	85516596	555.855166	555	85516596	1
520.5810403	520	58104034	530.5810403	530	58104034	3
834.1253891	834	12538906	844.1253891	844	12538906	1
731.0555666	731	5556663	741.0555666	741	5556663	1
573.4521635	573	45216347	583.4521635	583	45216347	1
643.78625	643	78625003	653.78625	653	78625003	2
578.9303974	578	93039744	588.9303974	588	93039744	1
581.55672	581	55672004	591.55672	591	55672004	1
596.6961499	596	69614992	606.6961499	606	69614992	4
667.9179282	667	91792822	677.9179282	677	91792822	2
890.9930377	890	99303767	900.9930377	900	99303767	3
732.5371732	732	53717322	742.5371732	742	53717322	1
567.1741269	567	17412689	577.1741269	577	17412689	2
605.975114	605	97511402	615.975114	615	97511402	4
943.6108381	943	61083813	953.6108381	953	61083813	4
886.1225706	886	12257058	896.1225706	896	12257058	1
880.944795	880	94479498	890.944795	890	94479498	4
559.4972716	559	49727163	569.4972716	569	49727163	3
645.2214828	645	22148277	655.2214828	655	22148277	5
536.2448079	536	24480787	546.2448079	546	24480787	4
611.9555736	611	95557363	621.9555736	621	95557363	2
953.4613427	953	46134265	963.4613427	963	46134265	2
508.1758778	508	17587784	518.1758778	518	17587784	3
630.2446608	630	24466083	640.2446608	640	24466083	4
624.7530251	624	75302511	634.7530251	634	75302511	5
717.6547672	717	65476723	727.6547672	727	65476723	5
898.8912268	898	89122683	908.8912268	908	89122683	3
754.0583922	754	5839220	764.0583922	764	5839220	1
766.595563	766	59556301	776.595563	776	59556301	5
513.092368	513	9236800	523.092368	523	9236800	1
609.2393776	609	23937764	619.2393776	619	23937764	3
557.9758925	557	97589249	567.9758925	567	97589249	5
780.6734083	780	67340834	790.6734083	790	67340834	3
690.8899302	690	88993022	700.8899302	700	88993022	5
789.5566227	789	55662265	799.5566227	799	55662265	3
853.1255718	853	12557181	863.1255718	863	12557181	5
833.6761803	833	67618026	843.6761803	843	67618026	3
613.0121836	613	1218361	623.0121836	623	1218361	3
680.2074554	680	20745538	690.2074554	690	20745538	5
930.3723302	930	37233018	940.3723302	940	37233018	2
526.9301118	526	93011183	536.9301118	536	93011183	1
569.200493	569	20049305	579.200493	579	20049305	4
661.4346669	661	43466693	671.4346669	671	43466693	4
594.6294022	594	62940224	604.6294022	604	62940224	2
922.7007706	922	70077060	932.7007706	932	70077060	3
850.0455051	850	4550506	860.0455051	860	4550506	4
980.7519728	980	75197282	990.7519728	990	75197282	2
801.6455656	801	64556558	811.6455656	811	64556558	1
909.5427767	909	54277669	919.5427767	919	54277669	2
872.4986191	872	49861911	882.4986191	882	49861911	3
583.415537	583	41553697	593.415537	593	41553697	1
519.0235138	519	2351384	529.0235138	529	2351384	3
570.4851253	570	48512528	580.4851253	580	48512528	5
591.5914148	591	59141481	601.5914148	601	59141481	3
896.2681747	896	26817467	906.2681747	906	26817467	3
695.2381504	695	23815039	705.2381504	705	23815039	1
808.2461821	808	24618205	818.2461821	818	24618205	4
540.684565	540	68456502	550.684565	550	68456502	5
695.8217061	695	82170611	705.8217061	705	82170611	1
820.3669086	820	36690858	830.3669086	830	36690858	3
800.776933	800	77693302	810.776933	810	77693302	5
551.5862473	551	58624727	561.5862473	561	58624727	5
877.8679646	877	86796460	887.8679646	887	86796460	5
579.4503414	579	45034137	589.4503414	589	45034137	4
741.4761775	741	47617750	751.4761775	751	47617750	2
665.4245872	665	42458725	675.4245872	675	42458725	4
678.1010767	678	10107670	688.1010767	688	10107670	3
573.6775213	573	67752128	583.6775213	583	67752128	4
779.4367709	779	43677086	789.4367709	789	43677086	1
604.8336956	604	83369560	614.8336956	614	83369560	4
749.0498515	749	4985146	759.0498515	759	4985146	2
805.8920462	805	89204621	815.8920462	815	89204621	3
920.5593522	920	55935218	930.5593522	930	55935218	3
656.4845184	656	48451839	666.4845184	666	48451839	1
645.5214484	645	52144845	655.5214484	655	52144845	1
841.7852863	841	78528630	851.7852863	851	78528630	5
505.055187	505	5518697	515.055187	515	5518697	1
872.7985848	872	79858479	882.7985848	882	79858479	4
888.4308519	888	43085188	898.4308519	898	43085188	5
915.1231272	915	12312719	925.1231272	925	12312719	2
743.8223674	743	82236743	753.8223674	753	82236743	2
971.3715524	971	37155237	981.3715524	981	37155237	5
680.146641	680	14664103	690.146641	690	14664103	4
813.3074927	813	30749271	823.3074927	823	30749271	3
808.9629672	808	96296719	818.9629672	818	96296719	4
823.9399792	823	93997923	833.9399792	833	93997923	1
754.5456431	754	54564311	764.5456431	764	54564311	5
615.7343128	615	73431276	625.7343128	625	73431276	5
863.6245442	863	62454425	873.6245442	873	62454425	3
950.8925127	950	89251274	960.8925127	960	89251274	2
935.6263849	935	62638486	945.6263849	945	62638486	2
662.4014773	662	40147728	672.4014773	672	40147728	4
500.47876	500	47876002	510.47876	510	47876002	4
812.019513	812	1951298	822.019513	822	1951298	3
988.3769822	988	37698217	998.3769822	998	37698217	5
988.480101	988	48010104	998.480101	998	48010104	5
723.4441002	723	44410023	733.4441002	733	44410023	1
665.0032224	665	322239	675.0032224	675	322239	4
560.1576223	560	15762232	570.1576223	570	15762232	5
748.4060346	748	40603461	758.4060346	758	40603461	3
515.3620815	515	36208152	525.3620815	525	36208152	3
556.2074738	556	20747378	566.2074738	566	20747378	2
800.8232443	800	82324434	810.8232443	810	82324434	5
935.9214337	935	92143370	945.9214337	945	92143370	5
712.2171557	712	21715570	722.2171557	722	21715570	4
691.8698563	691	86985631	701.8698563	701	86985631	2
522.70672	522	70672000	532.70672	532	70672000	4
965.2723427	965	27234267	975.2723427	975	27234267	4
562.1936046	562	19360463	572.1936046	572	19360463	1
910.6627354	910	66273540	920.6627354	920	66273540	5
879.9206334	879	92063338	889.9206334	889	92063338	1
551.0159721	551	1597206	561.0159721	561	1597206	4
627.0342878	627	3428777	637.0342878	637	3428777	1
805.0672744	805	6727442	815.0672744	815	6727442	1
865.3234648	865	32346477	875.3234648	875	32346477	3
681.5224185	681	52241848	691.5224185	691	52241848	1
627.0072537	627	725365	637.0072537	637	725365	4
618.3942714	618	39427140	628.3942714	628	39427140	4
797.7818948	797	78189476	807.7818948	807	78189476	5
stocks
45498972.45	46533	45498972	1
