items_number
200
stocks_number
1
digit
14
items
946.000016	946	1596276092	946.000016	946	1596276092	4
852.0000103	852	1026000325	852.0000103	852	1026000325	5
966.000013	966	1304590800	966.000013	966	1304590800	3
742.0000099	742	991936004	742.0000099	742	991936004	5
567.0000126	567	1260571508	567.0000126	567	1260571508	5
936.0000211	936	2112681158	936.0000211	936	2112681158	3
962.000014	962	1402644446	962.000014	962	1402644446	4
845.0000127	845	1270410507	845.0000127	845	1270410507	5
967.0000214	967	2141292389	967.0000214	967	2141292389	2
807.0000143	807	1427782844	807.0000143	807	1427782844	3
836.0000184	836	1841810275	836.0000184	836	1841810275	1
799.0000012	799	119231316	799.0000012	799	119231316	1
784.0000199	784	1991829850	784.0000199	784	1991829850	2
806.0000137	806	1368297652	806.0000137	806	1368297652	2
764.0000184	764	1843056034	764.0000184	764	1843056034	1
987.0000092	987	918925664	987.0000092	987	918925664	1
662.0000172	662	1720780275	662.0000172	662	1720780275	2
887.0000073	887	733196887	887.0000073	887	733196887	5
536.0000179	536	1788964924	536.0000179	536	1788964924	4
876.0000016	876	158952994	876.0000016	876	158952994	3
623.0000204	623	2036784163	623.0000204	623	2036784163	4
626.0000148	626	1477901411	626.0000148	626	1477901411	5
952.0000083	952	827957615	952.0000083	952	827957615	3
833.0000063	833	634877165	833.0000063	833	634877165	5
716.0000106	716	1056977553	716.0000106	716	1056977553	3
839.0000022	839	215325555	839.0000022	839	215325555	2
555.0000078	555	784754550	555.0000078	555	784754550	5
840.0000158	840	1576807951	840.0000158	840	1576807951	2
540.0000046	540	455964940	540.0000046	540	455964940	3
658.0000004	658	36043838	658.0000004	658	36043838	4
828.0000152	828	1523314495	828.0000152	828	1523314495	4
733.0000205	733	2052241033	733.0000205	733	2052241033	3
510.0000106	510	1062044163	510.0000106	510	1062044163	1
539.0000068	539	680421648	539.0000068	539	680421648	3
975.000009	975	896693389	975.000009	975	896693389	2
824.0000018	824	175132023	824.0000018	824	175132023	2
722.0000065	722	645619158	722.0000065	722	645619158	5
936.0000015	936	151854187	936.0000015	936	151854187	3
669.0000145	669	1445542530	669.0000145	669	1445542530	1
688.0000064	688	639427899	688.0000064	688	639427899	3
742.0000158	742	1579637031	742.0000158	742	1579637031	5
504.0000114	504	1139869157	504.0000114	504	1139869157	4
988.0000076	988	758659215	988.0000076	988	758659215	5
773.0000142	773	1423983233	773.0000142	773	1423983233	3
556.0000036	556	360683162	556.0000036	556	360683162	2
998.0000045	998	454231601	998.0000045	998	454231601	5
759.000002	759	195425249	759.000002	759	195425249	4
719.0000208	719	2081463437	719.0000208	719	2081463437	4
631.0000119	631	1187428488	631.0000119	631	1187428488	1
541.0000198	541	1984390173	541.0000198	541	1984390173	4
841.0000009	841	92932783	841.0000009	841	92932783	3
754.0000108	754	1076729003	754.0000108	754	1076729003	5
668.0000131	668	1314807937	668.0000131	668	1314807937	5
792.0000092	792	920890398	792.0000092	792	920890398	5
833.0000171	833	1711606168	833.0000171	833	1711606168	1
630.0000022	630	224301842	630.0000022	630	224301842	2
877.0000114	877	1136215953	877.0000114	877	1136215953	4
634.0000035	634	348877070	634.0000035	634	348877070	2
716.000018	716	1801109794	716.000018	716	1801109794	5
917.0000159	917	1592180894	917.0000159	917	1592180894	1
793.0000038	793	384920908	793.0000038	793	384920908	2
543.0000118	543	1176940641	543.0000118	543	1176940641	5
649.000015	649	1496938279	649.000015	649	1496938279	3
549.0000145	549	1446965071	549.0000145	549	1446965071	2
830.0000186	830	1857362289	830.0000186	830	1857362289	4
870.0000025	870	246148020	870.0000025	870	246148020	2
873.0000162	873	1622097095	873.0000162	873	1622097095	3
551.0000036	551	355497799	551.0000036	551	355497799	3
805.000004	805	398002207	805.000004	805	398002207	4
788.0000092	788	920155977	788.0000092	788	920155977	1
986.0000099	986	994925698	986.0000099	986	994925698	3
794.0000198	794	1977639238	794.0000198	794	1977639238	5
538.0000206	538	2060025135	538.0000206	538	2060025135	1
719.0000175	719	1753584913	719.0000175	719	1753584913	4
566.0000125	566	1254138823	566.0000125	566	1254138823	2
595.0000027	595	273224649	595.0000027	595	273224649	2
717.0000006	717	60332866	717.0000006	717	60332866	4
571.0000145	571	1449564073	571.0000145	571	1449564073	2
560.0000021	560	207204438	560.0000021	560	207204438	2
848.0000125	848	1247761354	848.0000125	848	1247761354	1
613.0000129	613	1286470598	613.0000129	613	1286470598	1
647.000003	647	300137222	647.000003	647	300137222	5
848.0000018	848	177006710	848.0000018	848	177006710	5
527.0000045	527	453794887	527.0000045	527	453794887	2
685.0000122	685	1221027620	685.0000122	685	1221027620	1
680.0000189	680	1888612878	680.0000189	680	1888612878	2
657.0000068	657	678096730	657.0000068	657	678096730	1
561.0000021	561	209759926	561.0000021	561	209759926	4
561.0000009	561	90006301	561.0000009	561	90006301	3
873.0000033	873	331722876	873.0000033	873	331722876	5
724.000018	724	1801940820	724.000018	724	1801940820	4
854.0000047	854	474927209	854.0000047	854	474927209	2
663.0000151	663	1508663517	663.0000151	663	1508663517	2
620.0000115	620	1151395451	620.0000115	620	1151395451	4
903.0000192	903	1921892281	903.0000192	903	1921892281	3
993.0000122	993	1218542159	993.0000122	993	1218542159	5
990.000014	990	1397543471	990.000014	990	1397543471	5
775.000014	775	1396505728	775.000014	775	1396505728	3
790.0000157	790	1574039958	790.0000157	790	1574039958	5
541.000018	541	1795545678	541.000018	541	1795545678	5
563.0000017	563	169178057	563.0000017	563	169178057	5
775.0000042	775	421482009	775.0000042	775	421482009	4
835.0000163	835	1625701268	835.0000163	835	1625701268	4
601.0000008	601	81719544	601.0000008	601	81719544	5
995.0000003	995	27583274	995.0000003	995	27583274	2
901.0000073	901	732356443	901.0000073	901	732356443	5
943.0000035	943	354944193	943.0000035	943	354944193	3
958.0000009	958	87916141	958.0000009	958	87916141	2
718.0000003	718	34436868	718.0000003	718	34436868	4
749.0000056	749	562148632	749.0000056	749	562148632	5
805.0000134	805	1335677495	805.0000134	805	1335677495	3
577.0000132	577	1320907467	577.0000132	577	1320907467	1
896.0000086	896	862285854	896.0000086	896	862285854	4
899.0000151	899	1512684205	899.0000151	899	1512684205	4
604.0000177	604	1774702354	604.0000177	604	1774702354	2
580.0000208	580	2083313474	580.0000208	580	2083313474	1
825.0000125	825	1253813436	825.0000125	825	1253813436	1
507.0000031	507	305315436	507.0000031	507	305315436	2
888.0000015	888	145589752	888.0000015	888	145589752	5
886.0000134	886	1343819737	886.0000134	886	1343819737	5
627.0000064	627	637038312	627.0000064	627	637038312	4
612.0000195	612	1947530572	612.0000195	612	1947530572	5
739.0000182	739	1818746946	739.0000182	739	1818746946	1
790.0000215	790	2145701830	790.0000215	790	2145701830	2
732.0000095	732	951442375	732.0000095	732	951442375	3
888.0000159	888	1593155579	888.0000159	888	1593155579	1
528.0000122	528	1216760341	528.0000122	528	1216760341	1
968.000002	968	201502198	968.000002	968	201502198	4
910.0000084	910	842177659	910.0000084	910	842177659	3
818.0000064	818	643316651	818.0000064	818	643316651	2
508.00002	508	1997047876	508.00002	508	1997047876	3
719.0000101	719	1011355717	719.0000101	719	1011355717	4
839.0000106	839	1064798660	839.0000106	839	1064798660	5
843.0000148	843	1475265496	843.0000148	843	1475265496	3
566.0000109	566	1093075261	566.0000109	566	1093075261	3
833.0000109	833	1092381935	833.0000109	833	1092381935	4
990.0000006	990	60138292	990.0000006	990	60138292	5
756.0000145	756	1448019455	756.0000145	756	1448019455	5
536.0000118	536	1180298076	536.0000118	536	1180298076	5
955.0000009	955	94575160	955.0000009	955	94575160	3
504.0000201	504	2010168087	504.0000201	504	2010168087	4
587.0000037	587	368491923	587.0000037	587	368491923	4
531.0000142	531	1415482627	531.0000142	531	1415482627	3
647.0000072	647	724970293	647.0000072	647	724970293	4
986.0000188	986	1881176129	986.0000188	986	1881176129	3
636.0000104	636	1042701334	636.0000104	636	1042701334	1
974.0000066	974	660800119	974.0000066	974	660800119	5
811.0000099	811	987505917	811.0000099	811	987505917	5
890.0000135	890	1348016770	890.0000135	890	1348016770	3
608.0000081	608	806389872	608.0000081	608	806389872	1
943.0000018	943	183842006	943.0000018	943	183842006	4
516.0000199	516	1985055083	516.0000199	516	1985055083	3
720.0000061	720	606436796	720.0000061	720	606436796	5
929.00002	929	2002588952	929.00002	929	2002588952	2
552.0000198	552	1983273265	552.0000198	552	1983273265	4
698.0000156	698	1557879172	698.0000156	698	1557879172	5
816.0000145	816	1448260884	816.0000145	816	1448260884	2
827.0000105	827	1052549958	827.0000105	827	1052549958	1
912.0000176	912	1759381370	912.0000176	912	1759381370	3
972.0000014	972	142954895	972.0000014	972	142954895	1
891.000017	891	1695866609	891.000017	891	1695866609	3
921.0000161	921	1608945599	921.0000161	921	1608945599	3
690.0000115	690	1154310612	690.0000115	690	1154310612	4
730.0000061	730	613181622	730.0000061	730	613181622	4
509.0000094	509	936727447	509.0000094	509	936727447	5
503.000001	503	99902226	503.000001	503	99902226	3
809.0000171	809	1705563557	809.0000171	809	1705563557	2
746.00001	746	996865739	746.00001	746	996865739	4
759.0000155	759	1547921681	759.0000155	759	1547921681	2
846.0000074	846	738377985	846.0000074	846	738377985	2
700.0000109	700	1091440900	700.0000109	700	1091440900	3
509.0000141	509	1410606120	509.0000141	509	1410606120	3
933.0000111	933	1106869908	933.0000111	933	1106869908	5
978.0000036	978	359439879	978.0000036	978	359439879	5
903.0000214	903	2135576413	903.0000214	903	2135576413	3
665.0000084	665	840562389	665.0000084	665	840562389	4
860.000014	860	1402141213	860.000014	860	1402141213	3
623.0000065	623	648892884	623.0000065	623	648892884	4
722.0000183	722	1828068306	722.0000183	722	1828068306	3
750.000006	750	602674336	750.000006	750	602674336	5
731.0000146	731	1455282756	731.0000146	731	1455282756	4
664.0000201	664	2011910312	664.0000201	664	2011910312	4
766.0000044	766	440245771	766.0000044	766	440245771	4
951.0000206	951	2061719553	951.0000206	951	2061719553	4
592.0000187	592	1867015617	592.0000187	592	1867015617	5
565.0000028	565	276035388	565.0000028	565	276035388	2
895.0000147	895	1472115077	895.0000147	895	1472115077	3
655.0000117	655	1167792853	655.0000117	655	1167792853	3
892.0000133	892	1328585346	892.0000133	892	1328585346	2
806.0000108	806	1084012799	806.0000108	806	1084012799	2
626.0000131	626	1310747748	626.0000131	626	1310747748	5
783.0000088	783	876968307	783.0000088	783	876968307	1
973.0000055	973	545474750	973.0000055	973	545474750	4
563.0000032	563	317574713	563.0000032	563	317574713	5
512.0000149	512	1490149929	512.0000149	512	1490149929	5
729.0000148	729	1482202198	729.0000148	729	1482202198	1
813.0000042	813	417476939	813.0000042	813	417476939	2
567.0000105	567	1048229838	567.0000105	567	1048229838	1
975.0000033	975	331584289	975.0000033	975	331584289	1
571.0000197	571	1965398620	571.0000197	571	1965398620	5
stocks
7.553410637e+10	53648	75534106367	1
