items_number
200
stocks_number
1
digit
2
items
692.76	692	76	692.76	692	76	5
626.34	626	34	626.34	626	34	1
896.04	896	4	896.04	896	4	1
520.89	520	89	520.89	520	89	5
675.49	675	49	675.49	675	49	1
604.72	604	72	604.72	604	72	3
705.28	705	28	705.28	705	28	1
533.85	533	85	533.85	533	85	3
932.71	932	71	932.71	932	71	1
988.53	988	53	988.53	988	53	2
557.68	557	68	557.68	557	68	5
726.71	726	71	726.71	726	71	4
665.2	665	20	665.2	665	20	5
871.44	871	44	871.44	871	44	2
619.55	619	55	619.55	619	55	1
628.58	628	58	628.58	628	58	5
920.14	920	14	920.14	920	14	1
992.83	992	83	992.83	992	83	3
602.55	602	55	602.55	602	55	2
682.01	682	1	682.01	682	1	3
777.3	777	30	777.3	777	30	2
826.24	826	24	826.24	826	24	5
720.85	720	85	720.85	720	85	2
662.39	662	39	662.39	662	39	4
913.96	913	96	913.96	913	96	1
987.27	987	27	987.27	987	27	5
794.74	794	74	794.74	794	74	4
919.07	919	7	919.07	919	7	5
898.93	898	93	898.93	898	93	4
648.18	648	18	648.18	648	18	3
653.91	653	91	653.91	653	91	2
836.69	836	69	836.69	836	69	5
520.52	520	52	520.52	520	52	5
548.47	548	47	548.47	548	47	2
857.59	857	59	857.59	857	59	1
695.53	695	53	695.53	695	53	5
899.19	899	19	899.19	899	19	5
808.39	808	39	808.39	808	39	1
728.9	728	90	728.9	728	90	5
830.9	830	90	830.9	830	90	2
795.93	795	93	795.93	795	93	5
786.58	786	58	786.58	786	58	1
803.13	803	13	803.13	803	13	2
707.65	707	65	707.65	707	65	4
903.03	903	3	903.03	903	3	2
668.68	668	68	668.68	668	68	2
835.75	835	75	835.75	835	75	3
569.69	569	69	569.69	569	69	2
659.04	659	4	659.04	659	4	1
683.31	683	31	683.31	683	31	2
998.22	998	22	998.22	998	22	2
936.86	936	86	936.86	936	86	2
755.07	755	7	755.07	755	7	3
964.59	964	59	964.59	964	59	5
844.25	844	25	844.25	844	25	3
667.04	667	4	667.04	667	4	5
696.86	696	86	696.86	696	86	1
638.52	638	52	638.52	638	52	3
832.11	832	11	832.11	832	11	4
593.32	593	32	593.32	593	32	1
532.22	532	22	532.22	532	22	5
985.55	985	55	985.55	985	55	1
675.53	675	53	675.53	675	53	1
552.74	552	74	552.74	552	74	1
532.54	532	54	532.54	532	54	4
531.64	531	64	531.64	531	64	1
994.28	994	28	994.28	994	28	3
678.26	678	26	678.26	678	26	5
585.04	585	4	585.04	585	4	2
721.18	721	18	721.18	721	18	2
507.68	507	68	507.68	507	68	1
881.49	881	49	881.49	881	49	1
753.29	753	29	753.29	753	29	2
556.82	556	82	556.82	556	82	3
834.14	834	14	834.14	834	14	1
903.84	903	84	903.84	903	84	5
724.02	724	2	724.02	724	2	1
668.89	668	89	668.89	668	89	1
972.53	972	53	972.53	972	53	3
883.06	883	6	883.06	883	6	2
851.72	851	72	851.72	851	72	4
969.28	969	28	969.28	969	28	1
564.92	564	92	564.92	564	92	3
853.8	853	80	853.8	853	80	1
678.87	678	87	678.87	678	87	5
909.7	909	70	909.7	909	70	2
519.84	519	84	519.84	519	84	2
874.26	874	26	874.26	874	26	3
793.74	793	74	793.74	793	74	4
852.47	852	47	852.47	852	47	1
713.58	713	58	713.58	713	58	3
571.96	571	96	571.96	571	96	5
582.54	582	54	582.54	582	54	3
888.63	888	63	888.63	888	63	3
623.7	623	70	623.7	623	70	1
862.09	862	9	862.09	862	9	3
666.28	666	28	666.28	666	28	1
616.5	616	50	616.5	616	50	3
539.35	539	35	539.35	539	35	3
751.32	751	32	751.32	751	32	2
583.21	583	21	583.21	583	21	1
793.03	793	3	793.03	793	3	5
878.33	878	33	878.33	878	33	4
583.5	583	50	583.5	583	50	2
850.37	850	37	850.37	850	37	2
711.47	711	47	711.47	711	47	1
986.86	986	86	986.86	986	86	3
820.4	820	40	820.4	820	40	3
625.88	625	88	625.88	625	88	3
703.39	703	39	703.39	703	39	5
703.46	703	46	703.46	703	46	1
723.61	723	61	723.61	723	61	1
918.67	918	67	918.67	918	67	1
513.91	513	91	513.91	513	91	3
575.41	575	41	575.41	575	41	3
595.55	595	55	595.55	595	55	2
668.13	668	13	668.13	668	13	5
841.77	841	77	841.77	841	77	5
969.33	969	33	969.33	969	33	4
961.87	961	87	961.87	961	87	5
939.24	939	24	939.24	939	24	2
681.91	681	91	681.91	681	91	2
531.83	531	83	531.83	531	83	5
521.79	521	79	521.79	521	79	1
815.54	815	54	815.54	815	54	1
901.05	901	5	901.05	901	5	5
883.88	883	88	883.88	883	88	3
727.34	727	34	727.34	727	34	1
763.56	763	56	763.56	763	56	4
668.75	668	75	668.75	668	75	5
979.18	979	18	979.18	979	18	4
847.29	847	29	847.29	847	29	4
707.3	707	30	707.3	707	30	5
602.51	602	51	602.51	602	51	4
676.31	676	31	676.31	676	31	2
803.68	803	68	803.68	803	68	3
560.5	560	50	560.5	560	50	2
908.17	908	17	908.17	908	17	4
623.08	623	8	623.08	623	8	2
685.91	685	91	685.91	685	91	4
610.08	610	8	610.08	610	8	3
572.06	572	6	572.06	572	6	2
654.52	654	52	654.52	654	52	2
527.28	527	28	527.28	527	28	3
585.97	585	97	585.97	585	97	2
729.45	729	45	729.45	729	45	1
622.35	622	35	622.35	622	35	2
754.62	754	62	754.62	754	62	3
817.22	817	22	817.22	817	22	5
837.68	837	68	837.68	837	68	5
961.49	961	49	961.49	961	49	2
755.98	755	98	755.98	755	98	3
764.59	764	59	764.59	764	59	3
739.84	739	84	739.84	739	84	1
522.77	522	77	522.77	522	77	3
578.65	578	65	578.65	578	65	4
639.9	639	90	639.9	639	90	2
651.17	651	17	651.17	651	17	1
552	552	0	552	552	0	1
649.98	649	98	649.98	649	98	5
819.44	819	44	819.44	819	44	5
777.18	777	18	777.18	777	18	5
996.27	996	27	996.27	996	27	5
526.75	526	75	526.75	526	75	1
879.7	879	70	879.7	879	70	5
918.1	918	10	918.1	918	10	1
575.43	575	43	575.43	575	43	4
939.72	939	72	939.72	939	72	1
825.79	825	79	825.79	825	79	4
698.51	698	51	698.51	698	51	5
871.63	871	63	871.63	871	63	5
935.87	935	87	935.87	935	87	4
770.09	770	9	770.09	770	9	2
524.67	524	67	524.67	524	67	3
708.15	708	15	708.15	708	15	3
602.59	602	59	602.59	602	59	5
500.12	500	12	500.12	500	12	3
576.5	576	50	576.5	576	50	4
856.21	856	21	856.21	856	21	2
817.86	817	86	817.86	817	86	5
913.18	913	18	913.18	913	18	4
562.23	562	23	562.23	562	23	3
818.85	818	85	818.85	818	85	2
676.29	676	29	676.29	676	29	1
801.07	801	7	801.07	801	7	4
841.14	841	14	841.14	841	14	5
500.47	500	47	500.47	500	47	1
687.97	687	97	687.97	687	97	2
992.32	992	32	992.32	992	32	2
552.47	552	47	552.47	552	47	2
836.47	836	47	836.47	836	47	4
811.76	811	76	811.76	811	76	3
829.17	829	17	829.17	829	17	3
577.74	577	74	577.74	577	74	3
583.03	583	3	583.03	583	3	4
955.39	955	39	955.39	955	39	2
995.36	995	36	995.36	995	36	4
658.46	658	46	658.46	658	46	4
639.12	639	12	639.12	639	12	5
565.15	565	15	565.15	565	15	4
stocks
6.06	35292	6	1
