items_number
200
stocks_number
1
digit
18
items
818	818	2128612601	818	818	2128612601	2
562	562	924604548	562	562	924604548	3
508	508	1312750598	508	508	1312750598	3
615	615	1320088923	615	615	1320088923	4
918	918	795774120	918	918	795774120	1
849	849	564042050	849	849	564042050	4
874	874	230260991	874	874	230260991	4
909	909	1345728427	909	909	1345728427	3
975	975	1819837952	975	975	1819837952	3
764	764	26739563	764	764	26739563	5
533	533	532685317	533	533	532685317	1
785	785	377450304	785	785	377450304	2
617	617	820831516	617	617	820831516	5
891	891	479654045	891	891	479654045	3
826	826	1731147601	826	826	1731147601	1
890	890	1976771711	890	890	1976771711	5
620	620	1641428015	620	620	1641428015	4
787	787	1068501463	787	787	1068501463	3
643	643	1140124083	643	643	1140124083	1
540	540	911877606	540	540	911877606	1
534	534	1816779343	534	534	1816779343	3
961	961	1870769743	961	961	1870769743	4
560	560	909170052	560	560	909170052	2
548	548	1148817232	548	548	1148817232	5
648	648	1421436483	648	648	1421436483	4
561	561	2043755333	561	561	2043755333	2
690	690	567372941	690	690	567372941	1
585	585	355142825	585	585	355142825	5
888	888	1335239219	888	888	1335239219	3
709	709	99082812	709	709	99082812	5
953	953	2146178133	953	953	2146178133	3
953	953	1316368173	953	953	1316368173	4
517	517	1023687360	517	517	1023687360	2
961	961	1311445083	961	961	1311445083	5
814	814	488973448	814	814	488973448	2
682	682	1819461480	682	682	1819461480	5
555	555	1875487134	555	555	1875487134	1
687	687	719234439	687	687	719234439	3
590	590	1017706259	590	590	1017706259	2
529	529	1547841438	529	529	1547841438	5
951	951	745974002	951	951	745974002	2
870	870	1550391576	870	870	1550391576	4
560	560	1925291743	560	560	1925291743	1
815	815	1566805518	815	815	1566805518	1
760	760	2030045621	760	760	2030045621	2
887	887	1508955696	887	887	1508955696	3
704	704	1396093581	704	704	1396093581	3
880	880	1523989988	880	880	1523989988	5
920	920	429973511	920	920	429973511	5
593	593	388734016	593	593	388734016	3
666	666	288383946	666	666	288383946	5
955	955	99269207	955	955	99269207	5
800	800	112020112	800	800	112020112	3
974	974	1197553998	974	974	1197553998	3
749	749	1248086439	749	749	1248086439	4
948	948	1533456595	948	948	1533456595	3
534	534	1093825683	534	534	1093825683	2
685	685	1815459380	685	685	1815459380	2
533	533	1888599420	533	533	1888599420	2
923	923	281581254	923	923	281581254	4
640	640	1914542192	640	640	1914542192	1
732	732	1887293906	732	732	1887293906	2
621	621	1597949427	621	621	1597949427	3
658	658	790745904	658	658	790745904	4
939	939	1051255341	939	939	1051255341	3
935	935	2086922875	935	935	2086922875	1
840	840	462723736	840	840	462723736	5
994	994	779258827	994	994	779258827	5
869	869	658673666	869	869	658673666	5
676	676	1480429995	676	676	1480429995	4
769	769	179616618	769	769	179616618	5
819	819	1404647669	819	819	1404647669	2
545	545	883337923	545	545	883337923	2
829	829	2104908361	829	829	2104908361	2
880	880	823969539	880	880	823969539	4
806	806	765899896	806	806	765899896	3
962	962	1466380409	962	962	1466380409	2
830	830	72579473	830	830	72579473	1
932	932	142406236	932	932	142406236	5
882	882	1896353921	882	882	1896353921	3
670	670	461313489	670	670	461313489	1
598	598	430790182	598	598	430790182	4
582	582	1995623128	582	582	1995623128	2
970	970	573333601	970	970	573333601	5
571	571	1628344180	571	571	1628344180	4
831	831	1096225919	831	831	1096225919	3
664	664	2106790196	664	664	2106790196	3
605	605	574686215	605	605	574686215	5
762	762	764201652	762	762	764201652	4
697	697	1847905969	697	697	1847905969	1
774	774	856267470	774	774	856267470	3
903	903	531260196	903	903	531260196	1
675	675	1587716227	675	675	1587716227	4
641	641	306733249	641	641	306733249	2
807	807	1322006101	807	807	1322006101	1
613	613	491487920	613	613	491487920	2
576	576	246172477	576	576	246172477	5
646	646	1784729837	646	646	1784729837	1
606	606	1270746748	606	606	1270746748	3
691	691	904846143	691	691	904846143	4
568	568	1117676185	568	568	1117676185	4
875	875	1450363366	875	875	1450363366	4
756	756	162010164	756	756	162010164	5
613	613	2001014108	613	613	2001014108	5
950	950	1407788079	950	950	1407788079	3
636	636	985979704	636	636	985979704	1
665	665	619430357	665	665	619430357	5
912	912	726684840	912	912	726684840	4
966	966	1058559177	966	966	1058559177	1
597	597	761836593	597	597	761836593	4
539	539	475555113	539	539	475555113	3
635	635	1519872666	635	635	1519872666	3
942	942	1192626776	942	942	1192626776	4
621	621	323694593	621	621	323694593	5
852	852	2093206268	852	852	2093206268	3
759	759	673487308	759	759	673487308	2
698	698	1419920513	698	698	1419920513	2
515	515	2052512816	515	515	2052512816	2
864	864	1248173524	864	864	1248173524	3
706	706	36638517	706	706	36638517	2
712	712	1752935137	712	712	1752935137	2
885	885	2104440994	885	885	2104440994	1
608	608	567898713	608	608	567898713	2
633	633	1193167716	633	633	1193167716	3
525	525	263690595	525	525	263690595	4
915	915	1889904814	915	915	1889904814	4
746	746	1684655637	746	746	1684655637	1
848	848	509863072	848	848	509863072	3
807	807	1527151004	807	807	1527151004	1
598	598	807918737	598	598	807918737	3
538	538	1414709216	538	538	1414709216	2
875	875	497343541	875	875	497343541	4
719	719	110798455	719	719	110798455	2
795	795	1576719380	795	795	1576719380	3
735	735	350874001	735	735	350874001	1
668	668	1518586534	668	668	1518586534	1
677	677	415215436	677	677	415215436	3
900	900	970304358	900	900	970304358	2
826	826	97787726	826	826	97787726	1
642	642	1473774613	642	642	1473774613	1
743	743	1732140952	743	743	1732140952	5
865	865	573342840	865	865	573342840	3
524	524	846163632	524	524	846163632	3
684	684	777284080	684	684	777284080	5
986	986	897037433	986	986	897037433	4
876	876	791886252	876	876	791886252	2
943	943	1450771388	943	943	1450771388	2
930	930	169474298	930	930	169474298	5
891	891	696915420	891	891	696915420	5
553	553	551461264	553	553	551461264	1
636	636	206112815	636	636	206112815	3
849	849	302366910	849	849	302366910	4
684	684	508418610	684	684	508418610	1
991	991	774011529	991	991	774011529	1
982	982	1495534626	982	982	1495534626	1
956	956	772109206	956	956	772109206	2
652	652	516432695	652	652	516432695	5
974	974	1032706615	974	974	1032706615	1
804	804	1281972278	804	804	1281972278	4
959	959	2043583699	959	959	2043583699	5
571	571	1840625352	571	571	1840625352	3
588	588	549197846	588	588	549197846	2
580	580	393443592	580	580	393443592	1
790	790	1951423807	790	790	1951423807	1
629	629	2125917227	629	629	2125917227	2
815	815	744317594	815	815	744317594	3
704	704	1322526693	704	704	1322526693	1
806	806	393649015	806	806	393649015	4
961	961	1714621952	961	961	1714621952	4
530	530	1420314420	530	530	1420314420	3
949	949	1867423629	949	949	1867423629	1
704	704	1299279256	704	704	1299279256	5
895	895	1993657260	895	895	1993657260	1
973	973	566103613	973	973	566103613	1
634	634	2076563336	634	634	2076563336	4
627	627	743211045	627	627	743211045	4
594	594	1357989865	594	594	1357989865	2
824	824	1379851077	824	824	1379851077	2
556	556	912685344	556	556	912685344	1
985	985	2054905285	985	985	2054905285	4
623	623	1931312341	623	623	1931312341	3
939	939	1118798159	939	939	1118798159	3
833	833	209788547	833	833	209788547	2
807	807	292247304	807	807	292247304	5
930	930	1892809688	930	930	1892809688	1
560	560	1705323174	560	560	1705323174	2
762	762	1064356510	762	762	1064356510	1
581	581	261758736	581	581	261758736	5
533	533	590546141	533	533	590546141	2
812	812	198845140	812	812	198845140	2
786	786	157858787	786	786	157858787	1
604	604	283687846	604	604	283687846	1
901	901	748042987	901	901	748042987	5
866	866	551302380	866	866	551302380	1
640	640	87628005	640	640	87628005	4
529	529	726476566	529	529	726476566	1
927	927	1295619974	927	927	1295619974	3
844	844	1410154699	844	844	1410154699	1
836	836	1120125581	836	836	1120125581	2
888	888	862758278	888	888	862758278	3
stocks
0	0	0	1
