items_number
200
stocks_number
1
digit
4
items
589.8533	589	8533	589.8533	589	8533	5
612.0399	612	399	612.0399	612	399	3
596.9132	596	9132	596.9132	596	9132	5
967.2007	967	2007	967.2007	967	2007	2
503.9495	503	9495	503.9495	503	9495	2
648.2894	648	2894	648.2894	648	2894	2
963.712	963	7120	963.712	963	7120	4
688.2209	688	2209	688.2209	688	2209	2
838.0895	838	895	838.0895	838	895	1
541.1644	541	1644	541.1644	541	1644	3
947.8474	947	8474	947.8474	947	8474	5
975.5411	975	5411	975.5411	975	5411	1
537.21	537	2100	537.21	537	2100	1
612.7682	612	7682	612.7682	612	7682	2
670.561	670	5610	670.561	670	5610	2
707.4518	707	4518	707.4518	707	4518	1
989.6981	989	6981	989.6981	989	6981	3
515.9635	515	9635	515.9635	515	9635	5
922.2193	922	2193	922.2193	922	2193	1
504.4367	504	4367	504.4367	504	4367	2
895.7828	895	7828	895.7828	895	7828	1
563.2286	563	2286	563.2286	563	2286	3
783.1078	783	1078	783.1078	783	1078	2
593.0491	593	491	593.0491	593	491	1
825.7623	825	7623	825.7623	825	7623	1
959.7232	959	7232	959.7232	959	7232	3
964.5177	964	5177	964.5177	964	5177	3
553.1483	553	1483	553.1483	553	1483	2
811.5866	811	5866	811.5866	811	5866	3
917.2397	917	2397	917.2397	917	2397	3
821.7189	821	7189	821.7189	821	7189	4
900.4399	900	4399	900.4399	900	4399	4
775.9148	775	9148	775.9148	775	9148	5
917.6321	917	6321	917.6321	917	6321	3
866.2759	866	2759	866.2759	866	2759	1
524.8643	524	8643	524.8643	524	8643	3
565.5568	565	5568	565.5568	565	5568	1
574.6231	574	6231	574.6231	574	6231	1
712.7205	712	7205	712.7205	712	7205	2
903.6463	903	6463	903.6463	903	6463	1
863.7876	863	7876	863.7876	863	7876	3
905.5679	905	5679	905.5679	905	5679	1
623.8226	623	8226	623.8226	623	8226	1
646.6328	646	6328	646.6328	646	6328	5
516.3361	516	3361	516.3361	516	3361	2
539.0189	539	189	539.0189	539	189	5
853.7198	853	7198	853.7198	853	7198	3
505.0342	505	342	505.0342	505	342	1
554.9824	554	9824	554.9824	554	9824	4
520.9391	520	9391	520.9391	520	9391	5
509.1061	509	1061	509.1061	509	1061	2
695.7652	695	7652	695.7652	695	7652	1
831.803	831	8030	831.803	831	8030	2
538.2139	538	2139	538.2139	538	2139	5
789.4495	789	4495	789.4495	789	4495	1
655.5653	655	5653	655.5653	655	5653	3
998.9371	998	9371	998.9371	998	9371	4
999.9673	999	9673	999.9673	999	9673	5
708.3489	708	3489	708.3489	708	3489	1
554.1589	554	1589	554.1589	554	1589	2
915.207	915	2070	915.207	915	2070	2
528.0678	528	678	528.0678	528	678	4
700.2341	700	2341	700.2341	700	2341	5
936.7571	936	7571	936.7571	936	7571	4
945.3351	945	3351	945.3351	945	3351	3
812.51	812	5100	812.51	812	5100	2
960.2566	960	2566	960.2566	960	2566	3
756.8919	756	8919	756.8919	756	8919	3
886.1331	886	1331	886.1331	886	1331	2
918.9771	918	9771	918.9771	918	9771	4
905.1734	905	1734	905.1734	905	1734	1
748.5559	748	5559	748.5559	748	5559	4
822.545	822	5450	822.545	822	5450	1
527.6313	527	6313	527.6313	527	6313	3
895.1887	895	1887	895.1887	895	1887	1
839.5163	839	5163	839.5163	839	5163	3
566.6502	566	6502	566.6502	566	6502	2
994.9086	994	9086	994.9086	994	9086	3
590.5505	590	5505	590.5505	590	5505	3
867.6326	867	6326	867.6326	867	6326	2
514.4829	514	4829	514.4829	514	4829	2
846.6566	846	6566	846.6566	846	6566	2
809.0331	809	331	809.0331	809	331	3
591.2859	591	2859	591.2859	591	2859	3
631.5057	631	5057	631.5057	631	5057	3
844.4826	844	4826	844.4826	844	4826	5
746.8513	746	8513	746.8513	746	8513	2
628.4429	628	4429	628.4429	628	4429	4
842.4499	842	4499	842.4499	842	4499	5
700.2002	700	2002	700.2002	700	2002	2
929.6018	929	6018	929.6018	929	6018	2
503.2922	503	2922	503.2922	503	2922	3
728.9032	728	9032	728.9032	728	9032	2
628.4711	628	4711	628.4711	628	4711	3
685.6845	685	6845	685.6845	685	6845	3
919.2383	919	2383	919.2383	919	2383	1
940.9811	940	9811	940.9811	940	9811	5
645.9411	645	9411	645.9411	645	9411	1
675.7655	675	7655	675.7655	675	7655	1
825.1143	825	1143	825.1143	825	1143	1
809.9183	809	9183	809.9183	809	9183	4
579.9389	579	9389	579.9389	579	9389	1
820.6702	820	6702	820.6702	820	6702	2
878.4633	878	4633	878.4633	878	4633	2
854.2054	854	2054	854.2054	854	2054	3
961.4942	961	4942	961.4942	961	4942	4
963.9797	963	9797	963.9797	963	9797	4
666.8556	666	8556	666.8556	666	8556	2
954.4028	954	4028	954.4028	954	4028	1
552.1654	552	1654	552.1654	552	1654	3
780.1235	780	1235	780.1235	780	1235	3
714.8857	714	8857	714.8857	714	8857	4
644.4573	644	4573	644.4573	644	4573	1
588.1566	588	1566	588.1566	588	1566	2
551.1717	551	1717	551.1717	551	1717	3
775.963	775	9630	775.963	775	9630	1
678.6392	678	6392	678.6392	678	6392	4
797.6582	797	6582	797.6582	797	6582	5
649.0411	649	411	649.0411	649	411	1
519.7244	519	7244	519.7244	519	7244	5
997.4936	997	4936	997.4936	997	4936	3
577.2782	577	2782	577.2782	577	2782	2
522.6518	522	6518	522.6518	522	6518	2
971.3968	971	3968	971.3968	971	3968	2
705.7493	705	7493	705.7493	705	7493	1
955.3363	955	3363	955.3363	955	3363	5
636.2703	636	2703	636.2703	636	2703	2
891.3657	891	3657	891.3657	891	3657	5
599.9126	599	9126	599.9126	599	9126	2
811.671	811	6710	811.671	811	6710	2
716.48	716	4800	716.48	716	4800	3
654.8309	654	8309	654.8309	654	8309	2
636.61	636	6100	636.61	636	6100	4
782.7854	782	7854	782.7854	782	7854	1
531.9295	531	9295	531.9295	531	9295	3
736.8154	736	8154	736.8154	736	8154	2
742.2796	742	2796	742.2796	742	2796	4
994.5444	994	5444	994.5444	994	5444	3
903.3063	903	3063	903.3063	903	3063	5
942.3176	942	3176	942.3176	942	3176	1
792.345	792	3450	792.345	792	3450	3
929.4298	929	4298	929.4298	929	4298	2
903.2034	903	2034	903.2034	903	2034	4
937.8023	937	8023	937.8023	937	8023	5
516.2216	516	2216	516.2216	516	2216	1
954.0103	954	103	954.0103	954	103	1
958.4006	958	4006	958.4006	958	4006	5
694.496	694	4960	694.496	694	4960	1
998.3037	998	3037	998.3037	998	3037	2
607.0769	607	769	607.0769	607	769	2
960.2204	960	2204	960.2204	960	2204	5
740.7973	740	7973	740.7973	740	7973	5
931.3551	931	3551	931.3551	931	3551	3
729.5074	729	5074	729.5074	729	5074	3
711.8293	711	8293	711.8293	711	8293	3
636.7397	636	7397	636.7397	636	7397	1
683.4789	683	4789	683.4789	683	4789	2
847.7348	847	7348	847.7348	847	7348	1
773.1054	773	1054	773.1054	773	1054	5
528.3916	528	3916	528.3916	528	3916	5
904.4059	904	4059	904.4059	904	4059	5
989.2206	989	2206	989.2206	989	2206	4
682.2225	682	2225	682.2225	682	2225	2
786.6511	786	6511	786.6511	786	6511	3
516.6412	516	6412	516.6412	516	6412	1
961.152	961	1520	961.152	961	1520	4
522.1017	522	1017	522.1017	522	1017	1
758.5561	758	5561	758.5561	758	5561	4
700.3316	700	3316	700.3316	700	3316	2
671.408	671	4080	671.408	671	4080	5
947.8737	947	8737	947.8737	947	8737	4
993.6767	993	6767	993.6767	993	6767	4
599.473	599	4730	599.473	599	4730	4
849.7123	849	7123	849.7123	849	7123	4
675.479	675	4790	675.479	675	4790	5
862.6946	862	6946	862.6946	862	6946	1
802.3578	802	3578	802.3578	802	3578	5
632.5148	632	5148	632.5148	632	5148	5
802.1907	802	1907	802.1907	802	1907	1
545.6615	545	6615	545.6615	545	6615	1
986.5918	986	5918	986.5918	986	5918	3
507.0463	507	463	507.0463	507	463	5
786.094	786	940	786.094	786	940	2
917.5821	917	5821	917.5821	917	5821	3
736.5538	736	5538	736.5538	736	5538	2
997.5585	997	5585	997.5585	997	5585	1
799.957	799	9570	799.957	799	9570	3
919.6679	919	6679	919.6679	919	6679	1
589.2934	589	2934	589.2934	589	2934	2
571.6976	571	6976	571.6976	571	6976	2
693.0595	693	595	693.0595	693	595	2
993.6993	993	6993	993.6993	993	6993	3
807.9182	807	9182	807.9182	807	9182	3
622.9173	622	9173	622.9173	622	9173	3
524.9856	524	9856	524.9856	524	9856	5
823.1947	823	1947	823.1947	823	1947	3
582.7045	582	7045	582.7045	582	7045	4
546.0873	546	873	546.0873	546	873	3
581.7508	581	7508	581.7508	581	7508	4
782.0362	782	362	782.0362	782	362	5
stocks
9891.9891	36607	9891	1
