items_number
200
stocks_number
1
digit
2
items
726.26	726	26	726.26	726	26	4
645.42	645	42	645.42	645	42	4
600.68	600	68	600.68	600	68	3
691.03	691	3	691.03	691	3	5
966.99	966	99	966.99	966	99	4
786.19	786	19	786.19	786	19	1
876.4	876	40	876.4	876	40	5
530.17	530	17	530.17	530	17	5
821.66	821	66	821.66	821	66	2
541.88	541	88	541.88	541	88	4
964.1	964	10	964.1	964	10	4
553.56	553	56	553.56	553	56	5
891.73	891	73	891.73	891	73	4
929.85	929	85	929.85	929	85	1
883.02	883	2	883.02	883	2	5
880.35	880	35	880.35	880	35	1
693.35	693	35	693.35	693	35	2
791.88	791	88	791.88	791	88	1
653.71	653	71	653.71	653	71	5
624.88	624	88	624.88	624	88	3
709.25	709	25	709.25	709	25	1
571.41	571	41	571.41	571	41	1
564.75	564	75	564.75	564	75	3
649.04	649	4	649.04	649	4	5
608.15	608	15	608.15	608	15	2
678.68	678	68	678.68	678	68	3
916.17	916	17	916.17	916	17	2
938.8	938	80	938.8	938	80	4
761.09	761	9	761.09	761	9	5
575.71	575	71	575.71	575	71	2
530.66	530	66	530.66	530	66	5
733.35	733	35	733.35	733	35	5
720.65	720	65	720.65	720	65	5
631.86	631	86	631.86	631	86	5
925.9	925	90	925.9	925	90	1
686.64	686	64	686.64	686	64	3
663.06	663	6	663.06	663	6	5
546.31	546	31	546.31	546	31	5
963.34	963	34	963.34	963	34	3
730.72	730	72	730.72	730	72	3
834.71	834	71	834.71	834	71	5
672.44	672	44	672.44	672	44	3
529.81	529	81	529.81	529	81	2
725.44	725	44	725.44	725	44	3
601.81	601	81	601.81	601	81	5
912.83	912	83	912.83	912	83	2
851.31	851	31	851.31	851	31	3
540.68	540	68	540.68	540	68	1
949.23	949	23	949.23	949	23	4
751.02	751	2	751.02	751	2	4
664.08	664	8	664.08	664	8	3
904	904	0	904	904	0	2
822.96	822	96	822.96	822	96	2
975.84	975	84	975.84	975	84	3
552.04	552	4	552.04	552	4	1
930.63	930	63	930.63	930	63	5
652.04	652	4	652.04	652	4	2
714.21	714	21	714.21	714	21	2
614.43	614	43	614.43	614	43	3
659.13	659	13	659.13	659	13	1
789.44	789	44	789.44	789	44	3
891.09	891	9	891.09	891	9	3
893.01	893	1	893.01	893	1	5
756.1	756	10	756.1	756	10	3
521.96	521	96	521.96	521	96	4
563.91	563	91	563.91	563	91	5
688.26	688	26	688.26	688	26	2
931.02	931	2	931.02	931	2	5
856.74	856	74	856.74	856	74	1
897.12	897	12	897.12	897	12	1
661.26	661	26	661.26	661	26	3
690.45	690	45	690.45	690	45	5
569.09	569	9	569.09	569	9	3
690.07	690	7	690.07	690	7	4
661.41	661	41	661.41	661	41	4
917.42	917	42	917.42	917	42	4
849.42	849	42	849.42	849	42	2
758.73	758	73	758.73	758	73	2
957.63	957	63	957.63	957	63	2
797.17	797	17	797.17	797	17	1
508.27	508	27	508.27	508	27	2
867.71	867	71	867.71	867	71	1
948.17	948	17	948.17	948	17	2
577.23	577	23	577.23	577	23	3
841.55	841	55	841.55	841	55	3
1000.22	1000	22	1000.22	1000	22	4
753.86	753	86	753.86	753	86	3
739.59	739	59	739.59	739	59	1
714.95	714	95	714.95	714	95	5
613.82	613	82	613.82	613	82	5
898.73	898	73	898.73	898	73	1
749.92	749	92	749.92	749	92	4
504.91	504	91	504.91	504	91	4
790.74	790	74	790.74	790	74	2
751.02	751	2	751.02	751	2	3
772.39	772	39	772.39	772	39	2
599.17	599	17	599.17	599	17	3
939.8	939	80	939.8	939	80	5
703.93	703	93	703.93	703	93	2
956.92	956	92	956.92	956	92	3
836.45	836	45	836.45	836	45	5
610.72	610	72	610.72	610	72	4
892.89	892	89	892.89	892	89	4
905.54	905	54	905.54	905	54	5
546.31	546	31	546.31	546	31	4
552.31	552	31	552.31	552	31	5
567.48	567	48	567.48	567	48	3
895.74	895	74	895.74	895	74	1
556.04	556	4	556.04	556	4	1
523.11	523	11	523.11	523	11	4
939.43	939	43	939.43	939	43	1
565.31	565	31	565.31	565	31	4
636.83	636	83	636.83	636	83	5
886.61	886	61	886.61	886	61	4
889.07	889	7	889.07	889	7	2
977.38	977	38	977.38	977	38	4
631.35	631	35	631.35	631	35	2
888.45	888	45	888.45	888	45	1
715.5	715	50	715.5	715	50	5
591.3	591	30	591.3	591	30	1
501.27	501	27	501.27	501	27	5
859.75	859	75	859.75	859	75	2
841.74	841	74	841.74	841	74	1
752.71	752	71	752.71	752	71	4
896.01	896	1	896.01	896	1	4
838.28	838	28	838.28	838	28	4
523.62	523	62	523.62	523	62	2
995.18	995	18	995.18	995	18	1
523.09	523	9	523.09	523	9	3
973.08	973	8	973.08	973	8	3
696.62	696	62	696.62	696	62	1
859.06	859	6	859.06	859	6	2
582.8	582	80	582.8	582	80	3
834.52	834	52	834.52	834	52	1
509.6	509	60	509.6	509	60	1
629.11	629	11	629.11	629	11	2
886.83	886	83	886.83	886	83	5
576.08	576	8	576.08	576	8	4
770.37	770	37	770.37	770	37	2
689.39	689	39	689.39	689	39	2
846.72	846	72	846.72	846	72	4
708.81	708	81	708.81	708	81	4
500.22	500	22	500.22	500	22	3
982.55	982	55	982.55	982	55	3
840.42	840	42	840.42	840	42	2
889.29	889	29	889.29	889	29	4
704.45	704	45	704.45	704	45	4
972.29	972	29	972.29	972	29	3
522.27	522	27	522.27	522	27	4
665.47	665	47	665.47	665	47	3
809.59	809	59	809.59	809	59	5
523.06	523	6	523.06	523	6	5
770.22	770	22	770.22	770	22	4
649.86	649	86	649.86	649	86	5
775.29	775	29	775.29	775	29	5
665.23	665	23	665.23	665	23	2
734.14	734	14	734.14	734	14	3
545.92	545	92	545.92	545	92	2
907.94	907	94	907.94	907	94	5
757.23	757	23	757.23	757	23	2
517.52	517	52	517.52	517	52	1
849.56	849	56	849.56	849	56	2
862.29	862	29	862.29	862	29	4
600.32	600	32	600.32	600	32	4
683.08	683	8	683.08	683	8	4
617.41	617	41	617.41	617	41	1
976.95	976	95	976.95	976	95	2
815.43	815	43	815.43	815	43	1
940.02	940	2	940.02	940	2	1
745.33	745	33	745.33	745	33	5
503.82	503	82	503.82	503	82	4
785.74	785	74	785.74	785	74	5
700.14	700	14	700.14	700	14	3
503.05	503	5	503.05	503	5	1
512.81	512	81	512.81	512	81	4
539.08	539	8	539.08	539	8	1
638.86	638	86	638.86	638	86	4
963.78	963	78	963.78	963	78	2
757.37	757	37	757.37	757	37	5
661.13	661	13	661.13	661	13	4
627.26	627	26	627.26	627	26	1
566.48	566	48	566.48	566	48	1
684.2	684	20	684.2	684	20	4
897	897	0	897	897	0	5
962.34	962	34	962.34	962	34	5
706.49	706	49	706.49	706	49	3
809.76	809	76	809.76	809	76	3
695.49	695	49	695.49	695	49	5
998.93	998	93	998.93	998	93	4
715.7	715	70	715.7	715	70	4
952.24	952	24	952.24	952	24	1
514.45	514	45	514.45	514	45	2
563.26	563	26	563.26	563	26	2
813.06	813	6	813.06	813	6	1
861.29	861	29	861.29	861	29	5
993.35	993	35	993.35	993	35	1
930.99	930	99	930.99	930	99	2
582.25	582	25	582.25	582	25	3
808.78	808	78	808.78	808	78	3
869.01	869	1	869.01	869	1	4
stocks
73.73	47148	73	1
