items_number
200
stocks_number
1
digit
6
items
577.95537	577	955370	577.95537	577	955370	5
686.298563	686	298563	686.298563	686	298563	2
516.294748	516	294748	516.294748	516	294748	2
620.913359	620	913359	620.913359	620	913359	1
903.55573	903	555730	903.55573	903	555730	1
741.246305	741	246305	741.246305	741	246305	1
534.166229	534	166229	534.166229	534	166229	2
959.281349	959	281349	959.281349	959	281349	5
681.126519	681	126519	681.126519	681	126519	2
732.646672	732	646672	732.646672	732	646672	1
508.89339	508	893390	508.89339	508	893390	3
999.340996	999	340996	999.340996	999	340996	5
530.791254	530	791254	530.791254	530	791254	5
974.06811	974	68110	974.06811	974	68110	2
508.493466	508	493466	508.493466	508	493466	5
663.214593	663	214593	663.214593	663	214593	4
833.243157	833	243157	833.243157	833	243157	2
540.739061	540	739061	540.739061	540	739061	5
664.216014	664	216014	664.216014	664	216014	1
547.436415	547	436415	547.436415	547	436415	3
612.973	612	973000	612.973	612	973000	5
963.178319	963	178319	963.178319	963	178319	2
955.459507	955	459507	955.459507	955	459507	2
790.163745	790	163745	790.163745	790	163745	2
701.502919	701	502919	701.502919	701	502919	4
638.732304	638	732304	638.732304	638	732304	2
652.09253	652	92530	652.09253	652	92530	5
500.096905	500	96905	500.096905	500	96905	1
724.811557	724	811557	724.811557	724	811557	4
772.89169	772	891690	772.89169	772	891690	1
973.784268	973	784268	973.784268	973	784268	1
801.283279	801	283279	801.283279	801	283279	3
704.706605	704	706605	704.706605	704	706605	2
735.595368	735	595368	735.595368	735	595368	3
668.196639	668	196639	668.196639	668	196639	5
853.778687	853	778687	853.778687	853	778687	4
976.841673	976	841673	976.841673	976	841673	5
949.362868	949	362868	949.362868	949	362868	2
811.060036	811	60036	811.060036	811	60036	3
904.484544	904	484544	904.484544	904	484544	1
927.525892	927	525892	927.525892	927	525892	2
819.953427	819	953427	819.953427	819	953427	5
902.82554	902	825540	902.82554	902	825540	2
957.833498	957	833498	957.833498	957	833498	3
538.537889	538	537889	538.537889	538	537889	3
656.319006	656	319006	656.319006	656	319006	3
866.048091	866	48091	866.048091	866	48091	1
871.781047	871	781047	871.781047	871	781047	2
696.574419	696	574419	696.574419	696	574419	2
776.780457	776	780457	776.780457	776	780457	4
918.733814	918	733814	918.733814	918	733814	4
555.54742	555	547420	555.54742	555	547420	4
986.958776	986	958776	986.958776	986	958776	5
618.709673	618	709673	618.709673	618	709673	3
845.227517	845	227517	845.227517	845	227517	2
686.978047	686	978047	686.978047	686	978047	3
756.958329	756	958329	756.958329	756	958329	4
743.836399	743	836399	743.836399	743	836399	4
934.074953	934	74953	934.074953	934	74953	4
727.286238	727	286238	727.286238	727	286238	2
761.728089	761	728089	761.728089	761	728089	4
906.859221	906	859221	906.859221	906	859221	4
774.569518	774	569518	774.569518	774	569518	1
965.434694	965	434694	965.434694	965	434694	2
641.454589	641	454589	641.454589	641	454589	3
942.766157	942	766157	942.766157	942	766157	1
818.213381	818	213381	818.213381	818	213381	5
616.296262	616	296262	616.296262	616	296262	4
890.645377	890	645377	890.645377	890	645377	2
875.78977	875	789770	875.78977	875	789770	2
519.297158	519	297158	519.297158	519	297158	1
562.171269	562	171269	562.171269	562	171269	5
941.743197	941	743197	941.743197	941	743197	3
667.122698	667	122698	667.122698	667	122698	4
518.521119	518	521119	518.521119	518	521119	2
979.281086	979	281086	979.281086	979	281086	5
570.958056	570	958056	570.958056	570	958056	1
630.56921	630	569210	630.56921	630	569210	5
596.578485	596	578485	596.578485	596	578485	3
512.532476	512	532476	512.532476	512	532476	5
907.349667	907	349667	907.349667	907	349667	3
760.828651	760	828651	760.828651	760	828651	2
567.596248	567	596248	567.596248	567	596248	3
638.824795	638	824795	638.824795	638	824795	2
879.538324	879	538324	879.538324	879	538324	4
658.340117	658	340117	658.340117	658	340117	4
824.802842	824	802842	824.802842	824	802842	2
881.013006	881	13006	881.013006	881	13006	4
901.176516	901	176516	901.176516	901	176516	2
757.394147	757	394147	757.394147	757	394147	2
607.299244	607	299244	607.299244	607	299244	2
908.904605	908	904605	908.904605	908	904605	2
910.253368	910	253368	910.253368	910	253368	2
628.868762	628	868762	628.868762	628	868762	2
619.855651	619	855651	619.855651	619	855651	3
550.224309	550	224309	550.224309	550	224309	2
569.151271	569	151271	569.151271	569	151271	2
683.585384	683	585384	683.585384	683	585384	4
913.036923	913	36923	913.036923	913	36923	5
706.796648	706	796648	706.796648	706	796648	5
557.375154	557	375154	557.375154	557	375154	5
679.334081	679	334081	679.334081	679	334081	1
768.484269	768	484269	768.484269	768	484269	1
998.118351	998	118351	998.118351	998	118351	4
592.973131	592	973131	592.973131	592	973131	4
533.005388	533	5388	533.005388	533	5388	5
723.91579	723	915790	723.91579	723	915790	1
662.931188	662	931188	662.931188	662	931188	5
910.09095	910	90950	910.09095	910	90950	4
819.010627	819	10627	819.010627	819	10627	3
675.980016	675	980016	675.980016	675	980016	1
562.956969	562	956969	562.956969	562	956969	3
825.839279	825	839279	825.839279	825	839279	1
742.576264	742	576264	742.576264	742	576264	3
700.298116	700	298116	700.298116	700	298116	4
703.893955	703	893955	703.893955	703	893955	1
901.432733	901	432733	901.432733	901	432733	3
524.617311	524	617311	524.617311	524	617311	2
831.906961	831	906961	831.906961	831	906961	4
547.609249	547	609249	547.609249	547	609249	2
527.011458	527	11458	527.011458	527	11458	3
684.206206	684	206206	684.206206	684	206206	5
702.030206	702	30206	702.030206	702	30206	3
937.781179	937	781179	937.781179	937	781179	2
812.59132	812	591320	812.59132	812	591320	4
821.885857	821	885857	821.885857	821	885857	3
733.005488	733	5488	733.005488	733	5488	3
628.742592	628	742592	628.742592	628	742592	2
503.471241	503	471241	503.471241	503	471241	1
646.042412	646	42412	646.042412	646	42412	2
580.055592	580	55592	580.055592	580	55592	2
560.362748	560	362748	560.362748	560	362748	3
825.892845	825	892845	825.892845	825	892845	2
848.056214	848	56214	848.056214	848	56214	4
805.997451	805	997451	805.997451	805	997451	1
663.865977	663	865977	663.865977	663	865977	3
627.061602	627	61602	627.061602	627	61602	3
774.913241	774	913241	774.913241	774	913241	3
826.797165	826	797165	826.797165	826	797165	4
537.668905	537	668905	537.668905	537	668905	3
839.923869	839	923869	839.923869	839	923869	1
747.293533	747	293533	747.293533	747	293533	4
599.142226	599	142226	599.142226	599	142226	5
663.2795	663	279500	663.2795	663	279500	3
989.386149	989	386149	989.386149	989	386149	1
800.440343	800	440343	800.440343	800	440343	1
613.173455	613	173455	613.173455	613	173455	4
635.818882	635	818882	635.818882	635	818882	5
570.057654	570	57654	570.057654	570	57654	2
944.080417	944	80417	944.080417	944	80417	2
930.428131	930	428131	930.428131	930	428131	1
597.585464	597	585464	597.585464	597	585464	2
627.802975	627	802975	627.802975	627	802975	4
631.458337	631	458337	631.458337	631	458337	4
781.366643	781	366643	781.366643	781	366643	3
686.394295	686	394295	686.394295	686	394295	4
952.860546	952	860546	952.860546	952	860546	3
513.888484	513	888484	513.888484	513	888484	5
814.136887	814	136887	814.136887	814	136887	5
701.848139	701	848139	701.848139	701	848139	3
659.447248	659	447248	659.447248	659	447248	1
894.708832	894	708832	894.708832	894	708832	3
761.210887	761	210887	761.210887	761	210887	5
730.340093	730	340093	730.340093	730	340093	5
988.765046	988	765046	988.765046	988	765046	2
812.208339	812	208339	812.208339	812	208339	3
894.20607	894	206070	894.20607	894	206070	4
615.343	615	343000	615.343	615	343000	1
585.637932	585	637932	585.637932	585	637932	5
966.519587	966	519587	966.519587	966	519587	2
899.011905	899	11905	899.011905	899	11905	4
670.561801	670	561801	670.561801	670	561801	2
712.81312	712	813120	712.81312	712	813120	2
998.670484	998	670484	998.670484	998	670484	3
834.357653	834	357653	834.357653	834	357653	5
700.199269	700	199269	700.199269	700	199269	4
543.110827	543	110827	543.110827	543	110827	3
947.531109	947	531109	947.531109	947	531109	3
582.018151	582	18151	582.018151	582	18151	3
613.684833	613	684833	613.684833	613	684833	2
636.127878	636	127878	636.127878	636	127878	1
511.962634	511	962634	511.962634	511	962634	4
958.786649	958	786649	958.786649	958	786649	3
509.930853	509	930853	509.930853	509	930853	1
889.420971	889	420971	889.420971	889	420971	4
738.669645	738	669645	738.669645	738	669645	5
695.8415	695	841500	695.8415	695	841500	4
586.281517	586	281517	586.281517	586	281517	1
751.558129	751	558129	751.558129	751	558129	1
508.978388	508	978388	508.978388	508	978388	4
787.646009	787	646009	787.646009	787	646009	5
657.521729	657	521729	657.521729	657	521729	3
648.203572	648	203572	648.203572	648	203572	1
794.856896	794	856896	794.856896	794	856896	5
887.861822	887	861822	887.861822	887	861822	4
636.968618	636	968618	636.968618	636	968618	2
853.065235	853	65235	853.065235	853	65235	4
526.584245	526	584245	526.584245	526	584245	2
998.311618	998	311618	998.311618	998	311618	3
938.703168	938	703168	938.703168	938	703168	5
stocks
403410.4034	34771	403410	1
