items_number
200
stocks_number
1
digit
18
items
779	779	1185271936	779	779	1185271936	1
943	943	1934327907	943	943	1934327907	5
547	547	983306391	547	547	983306391	3
620	620	1654544643	620	620	1654544643	3
668	668	1982648693	668	668	1982648693	5
510	510	1186896202	510	510	1186896202	5
696	696	696889022	696	696	696889022	5
847	847	228984371	847	847	228984371	2
576	576	419504445	576	576	419504445	3
666	666	48386783	666	666	48386783	1
559	559	1614721686	559	559	1614721686	3
833	833	1233863486	833	833	1233863486	3
900	900	1075940181	900	900	1075940181	2
649	649	1710926660	649	649	1710926660	5
935	935	1510510216	935	935	1510510216	1
577	577	982226277	577	577	982226277	2
597	597	1042976345	597	597	1042976345	4
520	520	907983996	520	520	907983996	1
957	957	2047254181	957	957	2047254181	1
729	729	636444176	729	729	636444176	1
518	518	2009593672	518	518	2009593672	2
582	582	1333988863	582	582	1333988863	1
895	895	79898519	895	895	79898519	3
722	722	1913049422	722	722	1913049422	3
575	575	1319922178	575	575	1319922178	1
515	515	583346312	515	515	583346312	2
830	830	498056620	830	830	498056620	1
820	820	371279960	820	820	371279960	1
881	881	1531664213	881	881	1531664213	1
620	620	124200507	620	620	124200507	4
861	861	1763797282	861	861	1763797282	1
907	907	569452501	907	907	569452501	1
810	810	2058528415	810	810	2058528415	5
908	908	599620025	908	908	599620025	1
526	526	76513496	526	526	76513496	1
978	978	1893693460	978	978	1893693460	4
665	665	1786516227	665	665	1786516227	5
722	722	773402519	722	722	773402519	2
570	570	2122677831	570	570	2122677831	3
741	741	58537025	741	741	58537025	4
889	889	821789302	889	889	821789302	2
876	876	1589915870	876	876	1589915870	2
573	573	1292400511	573	573	1292400511	1
534	534	1897729483	534	534	1897729483	5
524	524	1153358882	524	524	1153358882	2
754	754	655427079	754	754	655427079	4
611	611	732472113	611	611	732472113	3
622	622	48851579	622	622	48851579	2
774	774	1563411075	774	774	1563411075	4
568	568	632242646	568	568	632242646	1
597	597	685295755	597	597	685295755	2
538	538	1425521099	538	538	1425521099	5
650	650	1966231509	650	650	1966231509	3
738	738	765194275	738	738	765194275	2
760	760	1191086873	760	760	1191086873	5
972	972	1138670039	972	972	1138670039	3
1000	1000	1348540587	1000	1000	1348540587	3
836	836	1689143494	836	836	1689143494	5
792	792	1509950000	792	792	1509950000	5
881	881	732721153	881	881	732721153	3
703	703	1813344001	703	703	1813344001	3
652	652	1126263634	652	652	1126263634	1
533	533	1302173654	533	533	1302173654	1
512	512	1724388768	512	512	1724388768	4
560	560	1725883659	560	560	1725883659	3
559	559	1378687151	559	559	1378687151	3
736	736	1470598580	736	736	1470598580	2
972	972	1364916239	972	972	1364916239	2
527	527	4606022	527	527	4606022	4
806	806	1445792764	806	806	1445792764	1
712	712	1423453264	712	712	1423453264	1
916	916	826395324	916	916	826395324	2
928	928	888224986	928	928	888224986	3
532	532	568370127	532	532	568370127	3
950	950	576641159	950	950	576641159	1
699	699	2041583868	699	699	2041583868	1
532	532	1223797206	532	532	1223797206	1
808	808	1309113272	808	808	1309113272	5
821	821	2090435447	821	821	2090435447	2
553	553	639724633	553	553	639724633	1
876	876	1941355918	876	876	1941355918	5
664	664	628247554	664	664	628247554	5
591	591	2065245733	591	591	2065245733	3
772	772	1760103780	772	772	1760103780	2
903	903	1393441829	903	903	1393441829	1
852	852	1108848958	852	852	1108848958	2
990	990	751290171	990	990	751290171	1
902	902	594498769	902	902	594498769	1
687	687	650508804	687	687	650508804	1
781	781	113756523	781	781	113756523	1
528	528	1327219922	528	528	1327219922	3
636	636	316369158	636	636	316369158	5
680	680	1240020157	680	680	1240020157	3
561	561	481909928	561	561	481909928	5
648	648	2040757926	648	648	2040757926	3
987	987	818420169	987	987	818420169	5
867	867	1860597079	867	867	1860597079	2
884	884	1363872859	884	884	1363872859	1
958	958	35852760	958	958	35852760	3
895	895	1865203101	895	895	1865203101	2
936	936	662181975	936	936	662181975	2
669	669	1459306024	669	669	1459306024	5
556	556	544114777	556	556	544114777	3
610	610	1550406961	610	610	1550406961	1
948	948	2027676151	948	948	2027676151	3
753	753	1120755937	753	753	1120755937	5
809	809	1444507181	809	809	1444507181	3
981	981	1103989709	981	981	1103989709	5
560	560	282385561	560	560	282385561	5
876	876	1387458980	876	876	1387458980	1
533	533	1743714342	533	533	1743714342	1
682	682	76257832	682	682	76257832	1
539	539	2015706534	539	539	2015706534	5
624	624	1661476427	624	624	1661476427	3
700	700	1836361612	700	700	1836361612	5
688	688	1261664716	688	688	1261664716	3
976	976	622841738	976	976	622841738	4
689	689	440168135	689	689	440168135	2
837	837	1856163485	837	837	1856163485	3
910	910	1273350542	910	910	1273350542	1
971	971	553924659	971	971	553924659	4
611	611	1035899759	611	611	1035899759	2
545	545	1589719700	545	545	1589719700	5
897	897	1793944816	897	897	1793944816	1
673	673	1517809687	673	673	1517809687	2
941	941	1482993979	941	941	1482993979	2
883	883	464881337	883	883	464881337	2
786	786	1230923119	786	786	1230923119	5
824	824	699383190	824	824	699383190	4
840	840	500734097	840	840	500734097	2
680	680	948642572	680	680	948642572	2
506	506	1361565165	506	506	1361565165	5
755	755	1960040121	755	755	1960040121	1
737	737	1492757350	737	737	1492757350	1
616	616	764488478	616	616	764488478	2
703	703	1840232624	703	703	1840232624	5
736	736	466029639	736	736	466029639	1
925	925	61512011	925	925	61512011	4
683	683	796738685	683	683	796738685	5
796	796	748415200	796	796	748415200	2
800	800	1448970991	800	800	1448970991	1
963	963	392969380	963	963	392969380	2
978	978	824673032	978	978	824673032	2
585	585	1317193877	585	585	1317193877	1
586	586	2054445807	586	586	2054445807	1
924	924	513550996	924	924	513550996	3
774	774	431374945	774	774	431374945	5
809	809	529803897	809	809	529803897	4
612	612	953719132	612	612	953719132	5
610	610	140054782	610	610	140054782	2
718	718	1803154440	718	718	1803154440	1
829	829	1507643791	829	829	1507643791	3
721	721	1175954541	721	721	1175954541	5
509	509	1245390492	509	509	1245390492	5
725	725	1154104959	725	725	1154104959	1
640	640	546280581	640	640	546280581	3
950	950	580900823	950	950	580900823	3
854	854	1618986297	854	854	1618986297	2
927	927	1777203700	927	927	1777203700	3
520	520	1280284013	520	520	1280284013	1
693	693	2119720394	693	693	2119720394	5
853	853	578362624	853	853	578362624	1
526	526	494365530	526	526	494365530	3
695	695	1932276868	695	695	1932276868	1
836	836	2071119974	836	836	2071119974	1
642	642	1258854008	642	642	1258854008	1
644	644	1625025844	644	644	1625025844	5
571	571	389665965	571	571	389665965	1
813	813	1320366019	813	813	1320366019	5
573	573	274280882	573	573	274280882	1
613	613	1138081166	613	613	1138081166	4
612	612	621853362	612	612	621853362	5
535	535	667250262	535	535	667250262	2
837	837	1962754198	837	837	1962754198	1
944	944	1939047240	944	944	1939047240	2
621	621	574212421	621	621	574212421	2
760	760	328821547	760	760	328821547	3
717	717	222938537	717	717	222938537	1
930	930	1104016319	930	930	1104016319	2
873	873	1282540679	873	873	1282540679	4
573	573	362993320	573	573	362993320	4
894	894	759687111	894	894	759687111	2
948	948	642700822	948	948	642700822	2
541	541	1538947861	541	541	1538947861	4
904	904	2005077603	904	904	2005077603	3
673	673	1796805781	673	673	1796805781	2
681	681	2085228442	681	681	2085228442	1
599	599	438494779	599	599	438494779	2
526	526	1268308430	526	526	1268308430	5
854	854	1714948494	854	854	1714948494	5
619	619	1718778792	619	619	1718778792	3
967	967	1240545177	967	967	1240545177	5
707	707	145827471	707	707	145827471	5
645	645	65660675	645	645	65660675	2
908	908	1025338397	908	908	1025338397	5
789	789	69463797	789	789	69463797	1
533	533	1324514683	533	533	1324514683	2
551	551	502880593	551	551	502880593	1
861	861	459129763	861	861	459129763	3
846	846	497397055	846	846	497397055	3
stocks
4.990833488e+10	30224	49908334884	1
