items_number
200
stocks_number
1
digit
6
items
849.235052	849	235052	757.866213	757	866213	4
832.482895	832	482895	630.403743	630	403743	2
911.29107	911	291070	853.636796	853	636796	3
891.267289	891	267289	895.602906	895	602906	3
758.252692	758	252692	745.179133	745	179133	4
660.946072	660	946072	894.363365	894	363365	5
898.696489	898	696489	652.799889	652	799889	2
669.992151	669	992151	587.340013	587	340013	2
503.900042	503	900042	949.814093	949	814093	2
952.826725	952	826725	509.316019	509	316019	4
573.33077	573	330770	554.43554	554	435540	1
653.561257	653	561257	733.530111	733	530111	3
816.067405	816	67405	835.793871	835	793871	5
561.568985	561	568985	987.406253	987	406253	5
843.026249	843	26249	790.641338	790	641338	3
694.145633	694	145633	754.723152	754	723152	1
726.195433	726	195433	997.856517	997	856517	3
806.36464	806	364640	508.481529	508	481529	1
682.88214	682	882140	995.625518	995	625518	5
740.897738	740	897738	699.147906	699	147906	3
976.933953	976	933953	968.982861	968	982861	2
778.92344	778	923440	638.145004	638	145004	4
702.195505	702	195505	870.830406	870	830406	5
629.155406	629	155406	979.62213	979	622130	1
543.334823	543	334823	760.595067	760	595067	3
978.109186	978	109186	520.959397	520	959397	1
774.532718	774	532718	837.276603	837	276603	1
638.991355	638	991355	959.45073	959	450730	2
838.591652	838	591652	574.533501	574	533501	4
720.752628	720	752628	879.54826	879	548260	5
552.306038	552	306038	682.321636	682	321636	3
933.343057	933	343057	831.916066	831	916066	3
798.235523	798	235523	755.468356	755	468356	1
963.11346	963	113460	782.474784	782	474784	5
823.610346	823	610346	972.518972	972	518972	2
802.488216	802	488216	1000.163841	1000	163841	4
869.575884	869	575884	922.838149	922	838149	1
720.823188	720	823188	624.318861	624	318861	5
718.480367	718	480367	834.503854	834	503854	5
873.992278	873	992278	870.168594	870	168594	2
918.166265	918	166265	880.151232	880	151232	3
791.32749	791	327490	634.455746	634	455746	3
525.553535	525	553535	602.698706	602	698706	1
733.750023	733	750023	961.461455	961	461455	4
852.896475	852	896475	867.861999	867	861999	2
614.579785	614	579785	638.856396	638	856396	5
673.895656	673	895656	961.184607	961	184607	5
825.60826	825	608260	863.234868	863	234868	2
920.460777	920	460777	893.854278	893	854278	3
855.777797	855	777797	956.326477	956	326477	4
564.505998	564	505998	561.382775	561	382775	1
895.911082	895	911082	861.837139	861	837139	4
879.701237	879	701237	840.471482	840	471482	4
512.701504	512	701504	677.729533	677	729533	5
771.066489	771	66489	839.975621	839	975621	5
922.552412	922	552412	599.066549	599	66549	1
990.81069	990	810690	697.688931	697	688931	2
544.115559	544	115559	675.768577	675	768577	5
560.543768	560	543768	804.033632	804	33632	4
573.918694	573	918694	517.222432	517	222432	3
510.384539	510	384539	801.316837	801	316837	4
859.366158	859	366158	732.355268	732	355268	2
505.261751	505	261751	595.65485	595	654850	5
554.620062	554	620062	802.301545	802	301545	4
821.99597	821	995970	513.346404	513	346404	3
575.38845	575	388450	566.173822	566	173822	3
856.62463	856	624630	548.465386	548	465386	4
937.571854	937	571854	681.700905	681	700905	1
795.211638	795	211638	937.009035	937	9035	2
573.62135	573	621350	882.485592	882	485592	5
555.564132	555	564132	550.869499	550	869499	4
960.377903	960	377903	562.676619	562	676619	1
611.94884	611	948840	515.941339	515	941339	2
827.63402	827	634020	899.084557	899	84557	5
692.127926	692	127926	523.138074	523	138074	5
709.361667	709	361667	882.31969	882	319690	1
942.730157	942	730157	536.940954	536	940954	1
612.539935	612	539935	984.839033	984	839033	1
533.969927	533	969927	991.554559	991	554559	4
861.190934	861	190934	676.795232	676	795232	3
713.317732	713	317732	685.16551	685	165510	4
844.475925	844	475925	798.453686	798	453686	1
502.102016	502	102016	783.148723	783	148723	2
592.535321	592	535321	524.636992	524	636992	2
856.693781	856	693781	975.183219	975	183219	5
773.684857	773	684857	868.640697	868	640697	3
513.087733	513	87733	870.219894	870	219894	4
845.020823	845	20823	919.388502	919	388502	1
563.316768	563	316768	790.409274	790	409274	4
820.147853	820	147853	920.253526	920	253526	5
918.939518	918	939518	936.127286	936	127286	3
820.701307	820	701307	590.242463	590	242463	2
678.030363	678	30363	652.125146	652	125146	1
670.201269	670	201269	777.782136	777	782136	4
874.32137	874	321370	892.544009	892	544009	2
746.026333	746	26333	912.47155	912	471550	5
745.106071	745	106071	844.47231	844	472310	3
976.462352	976	462352	686.525747	686	525747	2
929.114539	929	114539	593.172455	593	172455	5
786.317709	786	317709	526.481345	526	481345	1
549.083702	549	83702	567.01134	567	11340	1
984.195024	984	195024	890.041954	890	41954	4
745.211965	745	211965	589.674316	589	674316	2
660.548894	660	548894	829.469031	829	469031	5
556.829044	556	829044	789.126512	789	126512	5
684.339891	684	339891	612.81239	612	812390	3
869.910561	869	910561	957.305073	957	305073	2
998.559201	998	559201	571.583818	571	583818	5
796.879826	796	879826	842.651423	842	651423	3
649.39684	649	396840	947.859632	947	859632	2
605.266487	605	266487	994.37905	994	379050	5
508.71391	508	713910	774.333286	774	333286	3
993.389118	993	389118	744.313318	744	313318	2
607.368503	607	368503	776.044125	776	44125	1
600.249231	600	249231	544.48663	544	486630	1
849.082899	849	82899	966.01289	966	12890	1
880.569713	880	569713	644.684822	644	684822	5
861.853317	861	853317	915.706524	915	706524	1
940.103723	940	103723	884.401392	884	401392	3
689.886481	689	886481	934.094096	934	94096	3
927.517522	927	517522	834.476402	834	476402	5
604.043241	604	43241	565.528679	565	528679	3
508.587789	508	587789	770.33656	770	336560	1
852.547886	852	547886	732.1179	732	117900	2
774.760862	774	760862	843.310815	843	310815	3
882.425511	882	425511	908.396921	908	396921	2
597.090571	597	90571	644.58945	644	589450	2
765.866934	765	866934	933.783126	933	783126	1
857.887863	857	887863	594.922668	594	922668	3
772.721463	772	721463	984.278257	984	278257	1
550.700995	550	700995	705.780823	705	780823	3
652.487918	652	487918	661.45036	661	450360	5
501.916487	501	916487	873.836564	873	836564	1
796.91296	796	912960	794.45514	794	455140	4
558.553164	558	553164	737.435743	737	435743	4
557.261883	557	261883	908.479428	908	479428	5
980.769204	980	769204	652.26753	652	267530	3
674.980078	674	980078	693.740817	693	740817	5
802.337436	802	337436	726.063246	726	63246	2
521.165382	521	165382	741.435306	741	435306	5
823.376918	823	376918	887.600449	887	600449	1
907.603923	907	603923	719.958648	719	958648	1
529.879293	529	879293	761.284944	761	284944	4
815.766036	815	766036	877.43012	877	430120	2
513.488778	513	488778	996.002773	996	2773	3
630.644876	630	644876	805.771574	805	771574	4
910.848936	910	848936	842.44301	842	443010	4
639.058491	639	58491	886.687596	886	687596	4
737.014545	737	14545	966.994451	966	994451	5
850.469011	850	469011	972.844402	972	844402	4
828.944973	828	944973	819.781692	819	781692	1
663.532068	663	532068	546.470853	546	470853	4
954.512252	954	512252	537.373081	537	373081	1
582.049114	582	49114	835.634604	835	634604	1
514.596306	514	596306	778.588754	778	588754	1
974.789466	974	789466	626.683897	626	683897	5
710.474625	710	474625	742.031525	742	31525	4
858.686877	858	686877	668.694556	668	694556	4
738.172752	738	172752	805.983375	805	983375	2
813.87884	813	878840	836.470546	836	470546	3
629.924692	629	924692	651.972814	651	972814	1
788.873748	788	873748	509.764198	509	764198	5
966.88311	966	883110	744.920906	744	920906	2
877.841179	877	841179	771.32573	771	325730	2
583.786708	583	786708	550.219338	550	219338	5
770.436275	770	436275	981.35665	981	356650	1
935.619414	935	619414	678.805158	678	805158	3
809.072264	809	72264	949.003221	949	3221	3
690.932705	690	932705	920.613819	920	613819	2
736.95685	736	956850	904.868404	904	868404	1
830.237647	830	237647	689.954879	689	954879	4
512.309623	512	309623	806.214268	806	214268	3
889.560773	889	560773	623.827052	623	827052	1
860.11694	860	116940	950.239823	950	239823	3
574.592012	574	592012	683.16074	683	160740	1
902.049552	902	49552	865.346177	865	346177	5
736.278168	736	278168	755.011397	755	11397	1
730.9573	730	957300	771.60375	771	603750	2
787.624395	787	624395	750.033773	750	33773	3
719.292714	719	292714	720.005848	720	5848	2
579.426311	579	426311	743.964505	743	964505	5
861.08572	861	85720	815.331818	815	331818	5
882.824782	882	824782	766.993054	766	993054	1
779.454915	779	454915	526.337586	526	337586	2
943.134834	943	134834	649.966422	649	966422	5
643.421088	643	421088	791.09816	791	98160	3
752.244381	752	244381	899.537835	899	537835	3
652.125811	652	125811	891.5143	891	514300	5
747.624317	747	624317	959.309068	959	309068	1
990.417134	990	417134	950.52121	950	521210	5
965.521004	965	521004	974.984846	974	984846	2
623.54901	623	549010	857.798234	857	798234	1
524.290882	524	290882	959.801761	959	801761	4
676.404114	676	404114	964.422104	964	422104	4
1000.906541	1000	906541	627.123964	627	123964	4
854.593942	854	593942	755.021099	755	21099	5
693.356741	693	356741	690.295106	690	295106	4
934.525956	934	525956	551.929122	551	929122	4
663.182559	663	182559	704.540672	704	540672	2
883.289446	883	289446	609.908925	609	908925	5
stocks
588648.5886	39688	588648	1
