items_number
200
stocks_number
1
digit
14
items
535.0000158	535	1580712882	613.0000029	613	292709894	5
907.0000167	907	1671780541	562.0000189	562	1892717616	4
744.000002	744	202913099	626.0000003	626	33293571	4
839.0000146	839	1460391383	639.0000088	639	884495174	1
608.0000175	608	1748814209	534.0000176	534	1759325571	3
955.0000004	955	40376322	659.0000124	659	1235030492	5
664.0000091	664	906390897	663.0000194	663	1940923297	3
716.0000051	716	510704751	568.0000115	568	1148842222	1
564.0000069	564	694938574	700.0000198	700	1981083304	3
787.0000069	787	692306024	850.0000118	850	1180593739	3
884.0000091	884	909594697	577.0000043	577	431512987	5
533.0000209	533	2090440308	970.0000074	970	739218734	1
555.0000076	555	761368139	984.0000127	984	1271270983	4
879.0000163	879	1633475054	546.0000063	546	632649934	1
790.0000007	790	69980892	568.0000163	568	1634493867	5
913.0000068	913	677967490	586.0000026	586	258697767	4
889.0000028	889	277421728	893.0000114	893	1141689985	3
586.0000117	586	1168963487	862.000019	862	1901162955	4
922.0000021	922	205946769	1000.000001	1000	77273099	3
679.0000012	679	120265487	665.000003	665	302601570	4
673.0000208	673	2075482934	537.0000142	537	1419966606	3
956.0000101	956	1013778483	993.0000058	993	576971794	2
792.0000104	792	1041425024	1000.000014	1000	1362189861	5
674.0000099	674	985078414	878.0000196	878	1964576767	3
797.0000034	797	335554054	966.0000075	966	753017075	1
523.0000044	523	440003205	837.0000128	837	1277221657	2
770.0000203	770	2029028186	862.0000012	862	120371610	4
567.0000199	567	1986279419	542.0000137	542	1374893400	5
538.0000012	538	118895128	753.0000001	753	13861942	3
779.0000022	779	216184073	897.0000193	897	1932440421	4
811.0000184	811	1840122936	631.0000053	631	534488475	5
820.000017	820	1699608010	612.0000031	612	306571836	4
932.0000189	932	1887964614	705.0000168	705	1677674389	4
801.0000204	801	2043036035	503.0000057	503	567782046	5
658.0000101	658	1012515745	751.0000119	751	1191067010	1
540.0000149	540	1489295175	987.0000129	987	1289516313	4
501.0000208	501	2083412357	663.000018	663	1802812538	4
823.0000192	823	1918906643	660.0000098	660	984506660	4
502.00002	502	1999999926	554.0000029	554	290874887	4
565.0000063	565	630867284	609.0000164	609	1636412194	3
856.0000046	856	463729019	756.0000002	756	17616751	1
633.0000076	633	762110975	631.0000072	631	722387874	5
598.0000057	598	573823944	579.0000023	579	228147281	5
911.0000123	911	1225097158	740.0000129	740	1288887734	4
511.0000025	511	248102381	677.0000136	677	1355037808	5
635.0000064	635	643804836	647.0000186	647	1862641148	4
569.000019	569	1903064649	826.0000155	826	1547585502	4
900.0000053	900	525524110	817.0000035	817	349244146	5
968.0000181	968	1812768323	755.0000162	755	1616320455	4
992.0000211	992	2109011418	825.0000162	825	1624858601	2
825.0000065	825	645789597	982.0000065	982	651845716	5
888.0000174	888	1740767609	792.0000089	792	888803414	1
693.0000098	693	975306253	564.0000005	564	54346748	3
864.0000169	864	1687214622	727.0000201	727	2014035577	4
561.0000058	561	578362375	670.0000071	670	705896533	5
990.0000131	990	1310860308	529.0000081	529	807363823	5
887.0000213	887	2127217827	810.0000114	810	1143773586	5
832.0000046	832	459906914	778.0000083	778	826268143	5
804.0000115	804	1149656079	819.0000003	819	34773575	5
925.000001	925	98629307	563.0000116	563	1157635528	4
857.0000068	857	676090987	674.0000061	674	611224916	4
861.0000084	861	842295367	950.0000057	950	569262050	4
744.000018	744	1798237317	922.0000146	922	1464207365	3
788.0000042	788	416571953	879.0000014	879	141415658	2
909.0000074	909	737847754	700.0000114	700	1137044096	3
649.0000066	649	663269415	673.0000051	673	507790727	3
828.0000191	828	1905867128	611.0000143	611	1430931971	5
910.0000067	910	673776463	863.0000079	863	792372986	3
718.0000043	718	434692410	833.0000149	833	1492297387	3
577.0000176	577	1758383406	665.0000172	665	1721806858	5
722.000013	722	1304643747	972.0000028	972	281301533	2
820.000009	820	898421429	589.0000151	589	1509914138	4
710.0000037	710	373010733	542.000003	542	296711084	5
566.0000188	566	1878467692	797.0000051	797	509448814	1
730.0000212	730	2123518588	829.0000065	829	651318225	4
721.0000062	721	621113115	720.0000165	720	1651748892	4
701.0000037	701	374788880	944.0000022	944	224606314	4
546.0000188	546	1879099589	901.0000005	901	51420079	3
620.0000115	620	1146637225	783.00002	783	2000993038	3
916.0000004	916	40073556	699.0000184	699	1840926770	3
784.0000184	784	1840627359	973.0000168	973	1676278680	4
946.0000179	946	1792426822	510.0000051	510	505355106	2
803.0000178	803	1780841165	737.0000058	737	582246536	5
977.0000067	977	668449965	536.0000173	536	1730625428	3
809.0000133	809	1332157796	737.0000037	737	371907035	2
864.0000021	864	211719893	653.0000129	653	1288143069	2
713.0000198	713	1979310273	812.0000039	812	390505604	3
942.0000131	942	1311891975	546.0000152	546	1515680621	1
942.0000067	942	671626807	931.0000211	931	2114411212	1
763.0000098	763	981482704	630.0000043	630	425279179	4
613.0000141	613	1410521282	856.0000053	856	525832502	5
798.0000135	798	1347717794	604.0000058	604	578152480	4
623.0000182	623	1823778071	827.0000099	827	994541230	2
857.0000106	857	1061274952	778.0000199	778	1990039867	4
833.0000176	833	1764289747	730.0000072	730	719568138	1
531.0000041	531	414142177	526.0000213	526	2131585326	1
752.0000172	752	1724544367	697.0000035	697	350346946	3
660.0000152	660	1522673227	587	587	3016461	2
688.0000109	688	1087918640	635.0000078	635	776474665	3
970.0000001	970	11753129	529.0000184	529	1842644334	3
737.0000113	737	1133572985	753.0000172	753	1724823319	2
910.0000025	910	245078740	853.0000106	853	1057776198	1
789.0000091	789	910174558	865.0000121	865	1205074824	1
693.0000151	693	1506583718	795.0000202	795	2021534403	1
722.0000212	722	2123546432	650.0000157	650	1567225012	1
766.0000089	766	886209498	940.0000186	940	1856393049	1
914.0000213	914	2127696833	761.0000153	761	1525799648	1
924.0000035	924	350851664	840.0000179	840	1791831326	1
558.0000062	558	617825439	841.0000191	841	1907813128	3
534.0000113	534	1126850410	543.0000138	543	1379309038	1
585.0000039	585	390925220	785.0000149	785	1485274448	5
842.0000031	842	310969151	813.0000144	813	1436608161	3
726.0000077	726	771793585	800.0000188	800	1884664145	4
888.0000002	888	24282738	522.0000207	522	2067520984	2
818.0000098	818	979419116	849.0000102	849	1019749941	1
781.000021	781	2103951381	536.0000011	536	109087532	1
998.0000024	998	236002631	675.0000121	675	1208180405	3
777.0000081	777	811245741	907.0000141	907	1410255545	5
722.0000127	722	1268359709	830.0000162	830	1624768154	1
940.0000091	940	907629438	853.0000118	853	1175107969	3
539.0000179	539	1792728445	537.0000184	537	1835534725	3
581.0000053	581	531397343	685	685	3117008	2
984.0000011	984	107863584	703.0000175	703	1753260450	2
663.0000147	663	1469022868	864.0000068	864	682592307	1
685.0000159	685	1592672295	709.0000199	709	1993156875	2
816.0000187	816	1872153331	933.0000033	933	325344940	4
941.0000188	941	1883165045	636.0000067	636	666693985	1
937.0000117	937	1169733014	906.000002	906	196020173	2
723.0000125	723	1247342910	520.0000033	520	328361402	5
628.0000082	628	823600037	771.0000144	771	1443168650	5
653.0000118	653	1181486143	682.0000204	682	2038664507	4
706.0000023	706	233432247	519.0000205	519	2053184721	3
784.0000107	784	1068678777	623.0000035	623	353461200	5
942.0000209	942	2091660702	793.000011	793	1096255684	1
900.0000174	900	1740015965	560.0000193	560	1927235477	5
506.0000104	506	1044741561	773.0000192	773	1920686212	2
954.0000083	954	830386552	733.0000081	733	805165085	1
559.0000172	559	1720229151	568.0000131	568	1305551477	1
676.000014	676	1395593226	860.0000157	860	1565033891	2
511.0000145	511	1448211992	820.0000057	820	565494566	4
593.000007	593	699595913	858.0000054	858	537376867	1
507.0000179	507	1786518446	644.000009	644	902824691	2
599.0000176	599	1759181143	632.00002	632	2002102727	3
565.0000147	565	1471389498	658.0000027	658	274557364	1
895.0000181	895	1810801184	913.0000082	913	822862028	3
664.0000059	664	591116611	727.0000087	727	874369020	5
592.0000143	592	1427857232	694.0000038	694	383644897	1
638.0000205	638	2046803815	835.0000203	835	2031042433	2
941.000014	941	1402362352	633.0000014	633	137140918	4
561.0000055	561	548733293	770.0000201	770	2008413051	4
824.0000081	824	806949605	687.0000106	687	1058666755	4
727.0000105	727	1047607149	917.0000197	917	1972675643	3
642.0000108	642	1080130636	956.0000201	956	2011530059	2
808.0000091	808	914813189	890.0000066	890	664443557	5
636.0000037	636	369146369	526.0000051	526	507784302	3
827.0000053	827	525319284	911.0000186	911	1857203286	1
870.0000064	870	639482872	569.0000099	569	989788497	5
576.000001	576	104827766	662.0000117	662	1174478287	5
764.000017	764	1695052298	563.0000205	563	2053223459	2
839.0000189	839	1886825782	836.0000132	836	1318149899	2
952.0000093	952	928427803	933.0000047	933	470163290	1
663.0000073	663	729054794	992.0000194	992	1944404319	5
792.0000212	792	2120258029	855.0000122	855	1223850973	4
982.00002	982	1997106581	803.0000082	803	823624490	5
604.0000067	604	673231848	784.0000089	784	893176355	5
938.0000171	938	1712790347	661.00001	661	1003602802	4
734.0000089	734	894364494	822.000006	822	596827055	3
805.000015	805	1503618400	763.000017	763	1698341440	5
997.0000129	997	1285535850	729.0000016	729	161670631	1
910.0000014	910	142474072	681.0000001	681	14377298	5
562.000008	562	804346744	829.0000012	829	116352358	5
837.0000199	837	1985131763	587.000007	587	699047498	3
917.0000193	917	1928992519	572.0000092	572	917201989	3
909.0000042	909	416044239	961.0000212	961	2118455085	3
902.0000131	902	1309037614	745.0000097	745	973604863	3
557.0000159	557	1592310055	985.0000174	985	1740064017	2
572.0000101	572	1007160850	934.0000085	934	845340458	4
741.0000059	741	589411198	685.0000136	685	1357249760	1
696.0000149	696	1491630223	819.0000162	819	1623622803	3
759.0000026	759	262039554	814.0000098	814	982481376	5
802.0000114	802	1138144491	956.0000122	956	1218179163	1
766.0000015	766	151096180	752.0000053	752	534805910	3
986.0000131	986	1309646703	977.0000081	977	807673371	2
690.0000007	690	70791479	657.0000108	657	1082225574	2
573.0000107	573	1065909370	642.000012	642	1199249467	5
621.0000168	621	1678793072	503.0000132	503	1315457673	2
517.000006	517	596110763	814.0000079	814	791945212	2
690.0000171	690	1705392242	711.0000004	711	41554316	4
698.0000178	698	1783620838	665.0000034	665	342452312	1
527.0000014	527	143679414	877.000007	877	697685023	3
775.0000144	775	1444734377	793.0000136	793	1359704216	5
896.0000056	896	564564994	845.0000081	845	812615602	4
690.0000087	690	872734208	614.0000049	614	494605694	4
566.0000142	566	1417508758	894.0000044	894	436071541	1
877.0000041	877	414187927	647.0000164	647	1636240093	3
540.0000155	540	1545966056	645.0000139	645	1387782049	3
503.0000098	503	982815457	554.0000144	554	1439674343	1
611.0000131	611	1308552421	715.0000009	715	85583500	3
591.000009	591	902100808	908.0000094	908	938639842	5
500.0000012	500	120867659	784.000016	784	1601344974	1
stocks
7.039192592e+10	48237	70391925919	1
