items_number
200
stocks_number
1
digit
2
items
549.25	549	25	919.65	919	65	2
708.71	708	71	642.61	642	61	1
779.89	779	89	695.89	695	89	5
945.35	945	35	885.49	885	49	2
550.57	550	57	990.06	990	6	3
553.94	553	94	558.57	558	57	2
760.23	760	23	635.64	635	64	1
502.2	502	20	775.48	775	48	5
624.9	624	90	546.21	546	21	2
867.07	867	7	726.16	726	16	5
625.31	625	31	812.48	812	48	3
955.74	955	74	688.46	688	46	5
601.07	601	7	750.5	750	50	5
958.98	958	98	988.67	988	67	4
586.82	586	82	829.55	829	55	4
738.28	738	28	810.01	810	1	2
758.11	758	11	703.88	703	88	1
950.61	950	61	691.53	691	53	2
516.42	516	42	843.01	843	1	4
663.58	663	58	555.2	555	20	4
516.85	516	85	593	593	0	1
638.97	638	97	526.61	526	61	2
926.48	926	48	823.85	823	85	4
795.56	795	56	551.43	551	43	1
805.7	805	70	553.36	553	36	2
961.22	961	22	629.03	629	3	3
973.71	973	71	674.48	674	48	2
529.1	529	10	894.54	894	54	1
844.61	844	61	902.42	902	42	3
868.71	868	71	572.03	572	3	1
681.58	681	58	525.33	525	33	4
640.39	640	39	566.08	566	8	4
576.95	576	95	714.17	714	17	4
960.47	960	47	720.74	720	74	5
831.74	831	74	951.09	951	9	3
873.52	873	52	950.75	950	75	1
759.41	759	41	779.84	779	84	1
590.49	590	49	585.73	585	73	5
875.73	875	73	971.24	971	24	2
884.83	884	83	571.57	571	57	4
957.09	957	9	557.42	557	42	5
746.56	746	56	528.24	528	24	1
584.57	584	57	506.55	506	55	1
804.16	804	16	807.44	807	44	1
704.54	704	54	762.43	762	43	4
917.92	917	92	581.1	581	10	1
788.44	788	44	863.45	863	45	2
708.17	708	17	966.31	966	31	1
866.05	866	5	518.63	518	63	3
805.38	805	38	705.98	705	98	2
617.27	617	27	520.51	520	51	2
882.9	882	90	611.63	611	63	5
689.36	689	36	731.59	731	59	3
543.75	543	75	844.89	844	89	2
923.99	923	99	662.58	662	58	5
740.58	740	58	530.96	530	96	2
750.97	750	97	719.44	719	44	4
895.22	895	22	583.58	583	58	1
769.68	769	68	924.5	924	50	4
840.11	840	11	620.87	620	87	1
509.45	509	45	655.14	655	14	4
950.26	950	26	949.36	949	36	4
980.5	980	50	686.47	686	47	1
832.4	832	40	615.31	615	31	2
656.73	656	73	915.62	915	62	5
811.76	811	76	636.56	636	56	5
704.93	704	93	811.06	811	6	4
915.66	915	66	940.46	940	46	5
647.25	647	25	968.82	968	82	5
826.18	826	18	527.82	527	82	2
544.5	544	50	511.03	511	3	5
604.86	604	86	771.24	771	24	1
571.26	571	26	555.06	555	6	2
629.59	629	59	517.11	517	11	2
908.02	908	2	824.68	824	68	3
521.8	521	80	563.49	563	49	5
545.03	545	3	845.21	845	21	3
696.99	696	99	686.65	686	65	4
729.5	729	50	528.8	528	80	2
658.09	658	9	863.85	863	85	5
747.37	747	37	637.63	637	63	1
847.77	847	77	796.84	796	84	3
786.51	786	51	721	721	0	4
936.25	936	25	868.23	868	23	5
636.05	636	5	886.25	886	25	4
709.5	709	50	629.11	629	11	5
675.35	675	35	644.71	644	71	3
632.54	632	54	604.69	604	69	2
603.24	603	24	712.21	712	21	3
691.03	691	3	567.73	567	73	3
972.65	972	65	725.08	725	8	4
612.7	612	70	613.35	613	35	1
887.29	887	29	762.61	762	61	1
698.67	698	67	657.55	657	55	2
690.1	690	10	975.66	975	66	4
542.54	542	54	677.76	677	76	5
508.43	508	43	540.64	540	64	1
641.55	641	55	785.25	785	25	4
704.21	704	21	863.22	863	22	1
902.21	902	21	507.46	507	46	5
967.73	967	73	812.07	812	7	5
748.23	748	23	874.78	874	78	3
505.07	505	7	525.22	525	22	2
784.99	784	99	613.14	613	14	1
877.82	877	82	637.89	637	89	4
660.1	660	10	849.42	849	42	4
806.32	806	32	677.15	677	15	2
669.86	669	86	982.62	982	62	1
602.61	602	61	535.07	535	7	3
781.34	781	34	952.96	952	96	5
827.47	827	47	591.47	591	47	2
849.5	849	50	672.22	672	22	5
874.11	874	11	747.32	747	32	3
859.98	859	98	812	812	0	2
530.28	530	28	787.97	787	97	1
756.68	756	68	632.57	632	57	3
567.49	567	49	941.63	941	63	2
705.63	705	63	931.2	931	20	1
888.23	888	23	984.26	984	26	2
671.25	671	25	900.84	900	84	4
642.67	642	67	745.46	745	46	3
860.88	860	88	708.35	708	35	2
529.95	529	95	512.72	512	72	1
529.48	529	48	506.07	506	7	1
557.08	557	8	611.42	611	42	3
720.58	720	58	734.9	734	90	4
818.55	818	55	930.83	930	83	5
812.51	812	51	651.06	651	6	4
861.13	861	13	518.15	518	15	2
521.28	521	28	793.58	793	58	3
713.72	713	72	906.04	906	4	5
573.39	573	39	577.75	577	75	3
770.51	770	51	913.88	913	88	5
966.8	966	80	931.78	931	78	2
857.9	857	90	937.41	937	41	5
893.33	893	33	797.29	797	29	3
625.42	625	42	779.2	779	20	5
909.74	909	74	860.56	860	56	3
808.71	808	71	524.91	524	91	4
974.55	974	55	560.79	560	79	4
937.08	937	8	812.04	812	4	2
881.18	881	18	615.91	615	91	2
822.05	822	5	980.02	980	2	5
810.72	810	72	805.36	805	36	1
740.17	740	17	927.91	927	91	4
852.33	852	33	512.99	512	99	3
813.4	813	40	684.93	684	93	1
807.18	807	18	868.06	868	6	5
803.49	803	49	689.2	689	20	3
947.63	947	63	667.72	667	72	2
978.43	978	43	513.42	513	42	3
692.68	692	68	934.66	934	66	2
806.04	806	4	621.07	621	7	3
754.91	754	91	772.14	772	14	3
721.16	721	16	687.25	687	25	2
609.64	609	64	732.49	732	49	3
974.49	974	49	505.57	505	57	3
538.23	538	23	863.61	863	61	4
667.15	667	15	884.08	884	8	1
580.14	580	14	771.72	771	72	1
807.51	807	51	902.71	902	71	1
881.4	881	40	789.64	789	64	2
653.05	653	5	594.99	594	99	3
576.02	576	2	815.59	815	59	5
592.2	592	20	966.43	966	43	5
756.48	756	48	530.92	530	92	2
715.88	715	88	858.88	858	88	4
964.14	964	14	991.15	991	15	2
665.22	665	22	637.49	637	49	4
523.59	523	59	882.79	882	79	4
937.69	937	69	551.95	551	95	5
848.83	848	83	695.05	695	5	2
650.3	650	30	998.22	998	22	1
758.26	758	26	777.49	777	49	2
904.55	904	55	1000.42	1000	42	3
890.99	890	99	924.13	924	13	4
856.12	856	12	789	789	0	4
716.95	716	95	930.87	930	87	3
697.17	697	17	537.71	537	71	5
905.61	905	61	978.2	978	20	3
663.11	663	11	596.59	596	59	1
921.12	921	12	550.14	550	14	2
596.29	596	29	658.38	658	38	1
715.67	715	67	964.66	964	66	3
674.55	674	55	569.8	569	80	1
817.97	817	97	591.16	591	16	5
825.31	825	31	696.68	696	68	5
894.56	894	56	574.37	574	37	5
602.21	602	21	954.77	954	77	5
992.98	992	98	826.28	826	28	2
720.23	720	23	845.62	845	62	5
655.72	655	72	856.48	856	48	5
618.38	618	38	861.44	861	44	1
619.28	619	28	939.61	939	61	4
978.27	978	27	917.59	917	59	1
710.1	710	10	826.87	826	87	5
876.28	876	28	716.54	716	54	2
692.15	692	15	520.47	520	47	1
920.24	920	24	816.55	816	55	1
787.51	787	51	853.55	853	55	5
stocks
35.35	42972	35	1
