items_number
200
stocks_number
1
digit
8
items
890.7861434	890	78614342	845.4493117	845	44931175	2
679.1266617	679	12666169	776.772667	776	77266698	5
718.6694779	718	66947787	914.3734872	914	37348718	1
505.7994965	505	79949652	563.1883574	563	18835738	3
687.1488098	687	14880980	647.957525	647	95752505	2
968.6046832	968	60468325	870.199382	870	19938199	3
801.105768	801	10576799	825.8897342	825	88973419	1
651.2151491	651	21514910	621.1419279	621	14192790	2
938.9505651	938	95056510	911.5127807	911	51278074	4
782.1984855	782	19848553	526.5552139	526	55521391	3
799.6745319	799	67453190	555.9134201	555	91342011	1
564.334619	564	33461902	687.1219356	687	12193559	4
560.0389305	560	3893053	993.1248459	993	12484592	2
656.1490565	656	14905651	919.8319427	919	83194273	3
693.2885628	693	28856280	504.7717191	504	77171910	2
863.4631207	863	46312070	710.5029023	710	50290230	1
545.6354141	545	63541411	811.9388591	811	93885908	3
884.2400258	884	24002578	663.7686179	663	76861787	5
831.9531705	831	95317052	672.526404	672	52640403	1
810.1721733	810	17217333	545.4318988	545	43189876	5
982.9711575	982	97115751	520.107849	520	10784900	5
784.4772406	784	47724064	646.9649909	646	96499089	3
800.8380826	800	83808261	937.1848228	937	18482277	3
645.1901304	645	19013041	707.1622269	707	16222694	3
958.2402845	958	24028451	505.0591525	505	5915250	5
653.0784782	653	7847825	899.6907846	899	69078459	2
811.7793173	811	77931728	788.6413068	788	64130682	5
889.7267276	889	72672756	642.7292364	642	72923643	5
940.7646729	940	76467295	549.8717583	549	87175826	3
701.1320804	701	13208039	770.8067757	770	80677567	4
561.115598	561	11559802	914.7014761	914	70147615	2
829.0759799	829	7597989	640.32107	640	32107001	5
881.7839056	881	78390561	545.1046062	545	10460617	3
525.3102394	525	31023941	574.0749633	574	7496334	4
580.4006399	580	40063993	703.5094274	703	50942739	4
814.9327154	814	93271541	692.0621312	692	6213123	1
739.9149227	739	91492266	690.7995089	690	79950885	1
628.0315714	628	3157144	775.3991616	775	39916158	4
711.1478645	711	14786452	813.7292226	813	72922265	2
676.3906513	676	39065129	600.3122896	600	31228959	2
910.7552205	910	75522050	547.479539	547	47953901	1
510.3475599	510	34755994	869.6426428	869	64264276	4
740.7252703	740	72527031	788.4342252	788	43422518	5
970.794151	970	79415103	539.6043849	539	60438494	4
666.4966165	666	49661645	533.999749	533	99974901	1
679.5389966	679	53899663	792.2059443	792	20594429	4
579.2572717	579	25727174	996.6324508	996	63245076	2
711.1320306	711	13203056	590.9386081	590	93860809	5
563.3041859	563	30418593	955.4997257	955	49972568	5
910.2104423	910	21044226	668.1588548	668	15885479	2
767.8293674	767	82936742	635.8956704	635	89567037	1
791.2753434	791	27534344	722.6075747	722	60757468	2
693.2128464	693	21284643	560.6490092	560	64900921	2
813.66745	813	66745003	818.0804932	818	8049315	4
937.9906374	937	99063738	929.2949652	929	29496515	4
650.4531309	650	45313094	565.7081617	565	70816171	1
966.2710918	966	27109180	717.2964413	717	29644126	2
747.2951182	747	29511818	964.936272	964	93627197	4
785.705022	785	70502203	707.9625617	707	96256166	2
906.5609283	906	56092827	512.693363	512	69336304	1
949.9523621	949	95236209	733.2682112	733	26821116	4
592.8206201	592	82062005	868.6640378	868	66403781	1
981.6369082	981	63690817	652.5395966	652	53959657	5
575.7362677	575	73626770	525.3728173	525	37281734	3
617.656023	617	65602299	942.7390012	942	73900115	4
561.5627116	561	56271162	601.049024	601	4902397	4
889.1941466	889	19414664	717.4349486	717	43494857	4
857.5709456	857	57094565	631.0636735	631	6367352	2
936.5942831	936	59428307	876.9733491	876	97334907	4
600.8671747	600	86717468	777.1641712	777	16417122	2
532.4867605	532	48676046	732.3759631	732	37596311	3
845.3495036	845	34950357	923.9780516	923	97805161	5
857.2147346	857	21473462	892.3319775	892	33197750	3
773.7371943	773	73719429	766.3353518	766	33535182	4
561.6688181	561	66881812	709.1076001	709	10760007	5
522.7113511	522	71135107	671.3317265	671	33172651	5
698.8013544	698	80135444	557.0664596	557	6645963	4
640.9260899	640	92608986	704.7400508	704	74005083	3
980.3685452	980	36854516	507.7954981	507	79549812	5
507.1055404	507	10554038	512.5661853	512	56618531	4
796.6616956	796	66169565	618.8989056	618	89890563	2
993.7230761	993	72307610	889.6911685	889	69116850	2
799.9060473	799	90604734	981.17376	981	17375999	5
735.3997056	735	39970560	678.0730784	678	7307836	3
805.3905261	805	39052613	707.2968252	707	29682517	2
982.4218482	982	42184824	655.9938887	655	99388866	5
631.8528365	631	85283654	990.7812401	990	78124007	5
771.1867815	771	18678145	670.5932664	670	59326643	3
728.7169664	728	71696642	618.4553242	618	45532415	5
917.5578586	917	55785857	697.7438017	697	74380173	4
923.7477097	923	74770972	682.811793	682	81179300	4
923.194492	923	19449204	598.7235353	598	72353532	3
755.9036421	755	90364215	811.9330031	811	93300306	1
903.3846179	903	38461789	834.3513896	834	35138957	5
744.4559233	744	45592326	623.6215162	623	62151618	3
873.0848287	873	8482866	999.1971677	999	19716774	4
710.9473295	710	94732952	935.9255771	935	92557706	5
633.6500699	633	65006990	586.0564648	586	5646475	1
729.6557743	729	65577431	876.2608413	876	26084126	2
645.5416126	645	54161259	557.8989261	557	89892614	4
980.5172446	980	51724458	609.7457995	609	74579949	4
761.6676983	761	66769830	854.1619679	854	16196790	1
737.4162797	737	41627968	726.4021413	726	40214127	5
836.7319792	836	73197920	500.077777	500	7777699	3
780.4048926	780	40489259	619.4973197	619	49731972	2
544.0850978	544	8509780	935.5097413	935	50974134	1
604.9684938	604	96849380	918.934667	918	93466702	3
725.206247	725	20624704	677.5637794	677	56377935	5
684.5363512	684	53635119	886.2497922	886	24979217	4
583.8622025	583	86220248	671.7301651	671	73016514	4
732.8369509	732	83695094	936.1299647	936	12996466	5
726.1980468	726	19804684	503.6738613	503	67386132	5
822.5852786	822	58527858	560.4213336	560	42133364	5
530.7429983	530	74299828	662.8288882	662	82888817	1
961.122916	961	12291596	929.7469397	929	74693968	4
626.5009682	626	50096823	513.2433223	513	24332233	2
758.1648465	758	16484653	817.8227768	817	82277684	1
591.500916	591	50091602	918.5281798	918	52817975	5
643.6877497	643	68774968	683.3617523	683	36175229	1
733.4069765	733	40697647	936.8032645	936	80326451	5
754.0587746	754	5877460	861.797145	861	79714500	3
565.4354594	565	43545940	865.1735453	865	17354529	1
902.6014685	902	60146851	533.5267998	533	52679983	5
509.4875803	509	48758027	671.7301481	671	73014807	5
715.8200773	715	82007730	945.5249349	945	52493486	1
646.0573918	646	5739178	656.148316	656	14831601	2
882.5724089	882	57240893	916.4524793	916	45247933	1
925.2925703	925	29257034	625.4505119	625	45051193	5
779.7074617	779	70746168	989.7299443	989	72994428	4
857.7533468	857	75334676	792.7133206	792	71332059	2
817.3593464	817	35934645	929.8746016	929	87460159	5
504.7498698	504	74986979	598.0009073	598	90729	4
864.4210451	864	42104506	645.8752885	645	87528849	3
553.7756261	553	77562613	655.2767429	655	27674286	4
840.481849	840	48184899	845.6038478	845	60384780	2
891.8259377	891	82593766	765.3726082	765	37260821	1
597.3858875	597	38588745	589.7864842	589	78648420	2
944.9755063	944	97550631	763.0636783	763	6367834	1
615.5573482	615	55734822	688.4615511	688	46155108	5
527.9222386	527	92223864	975.5614399	975	56143989	5
773.8377088	773	83770879	934.7938435	934	79384349	4
593.3942992	593	39429916	870.5915157	870	59151574	2
1000.645449	1000	64544900	725.2353012	725	23530122	1
594.9481509	594	94815089	740.7403407	740	74034065	5
871.1372974	871	13729744	531.4204039	531	42040392	2
960.768365	960	76836496	653.9822409	653	98224090	4
967.4491191	967	44911912	753.983663	753	98366299	3
628.8273075	628	82730749	848.7683443	848	76834428	4
797.269281	797	26928099	817.0355842	817	3558418	5
857.1368688	857	13686880	936.3454153	936	34541528	4
861.234284	861	23428397	529.0967723	529	9677231	1
551.8532191	551	85321911	678.8327292	678	83272918	5
922.5723282	922	57232821	546.5189606	546	51896057	4
763.8357525	763	83575248	562.1487357	562	14873567	5
807.8659629	807	86596290	595.0880408	595	8804077	4
883.917569	883	91756903	737.0438954	737	4389543	1
909.4183078	909	41830778	965.2970517	965	29705168	3
688.4383718	688	43837183	758.5405201	758	54052010	4
808.7353029	808	73530289	863.0195709	863	1957088	3
934.1257695	934	12576947	954.5521595	954	55215949	3
791.7168821	791	71688211	549.7790042	549	77900422	1
871.0946493	871	9464934	791.8941725	791	89417247	2
938.4008028	938	40080278	551.0782303	551	7823030	1
654.6630907	654	66309070	941.6542927	941	65429271	5
670.395439	670	39543899	692.1709153	692	17091533	3
523.4078153	523	40781529	896.2072416	896	20724163	2
791.4890284	791	48902836	952.5520644	952	55206445	5
513.7813264	513	78132644	782.482563	782	48256305	4
713.3833216	713	38332161	905.27092	905	27091997	4
906.5715401	906	57154010	639.0136155	639	1361553	1
787.2287286	787	22872861	502.0440029	502	4400295	5
732.7461939	732	74619392	585.0647635	585	6476346	2
1000.965839	1000	96583926	508.1302948	508	13029480	2
786.8741776	786	87417761	974.8044677	974	80446769	5
826.6943448	826	69434482	825.3302676	825	33026764	4
870.1031367	870	10313670	539.5506987	539	55069872	1
745.6425426	745	64254258	873.7867086	873	78670859	3
538.1434639	538	14346394	578.3139306	578	31393063	1
744.4556077	744	45560772	634.8442065	634	84420652	4
541.4369871	541	43698709	690.8222928	690	82229277	2
895.2803327	895	28033275	760.1845094	760	18450943	1
605.6898917	605	68989169	663.9409788	663	94097883	4
839.2902062	839	29020620	614.1801855	614	18018548	1
563.3778245	563	37782448	553.2286335	553	22863352	5
614.0508077	614	5080769	973.0897145	973	8971450	5
645.1561691	645	15616910	956.2682262	956	26822625	2
946.2953935	946	29539351	790.7976925	790	79769247	2
522.4691155	522	46911548	937.9119297	937	91192971	4
579.1197044	579	11970445	713.3339099	713	33390988	5
1000.030696	1000	3069640	899.8172634	899	81726336	4
702.1200485	702	12004847	636.9892527	636	98925272	1
870.3617501	870	36175008	508.1129141	508	11291410	5
870.6505093	870	65050926	937.7114358	937	71143583	3
639.5208512	639	52085125	934.5926465	934	59264654	2
771.0248408	771	2484078	950.7672068	950	76720681	1
539.5711118	539	57111177	628.4075147	628	40751469	2
909.9286665	909	92866654	830.7998882	830	79988817	5
561.5138691	561	51386914	901.8444348	901	84443478	2
799.8776017	799	87760173	656.4152413	656	41524126	5
621.8371517	621	83715167	981.0708081	981	7080815	4
stocks
98126202.98	45033	98126202	1
