items_number
200
stocks_number
1
digit
6
items
968.857473	968	857473	662.653398	662	653398	3
860.263196	860	263196	839.562886	839	562886	1
726.360302	726	360302	632.513565	632	513565	5
996.323608	996	323608	908.780569	908	780569	2
880.935733	880	935733	975.148093	975	148093	3
582.381391	582	381391	866.733732	866	733732	1
535.946292	535	946292	816.350375	816	350375	4
816.287284	816	287284	948.568135	948	568135	5
955.125587	955	125587	967.626393	967	626393	3
603.098832	603	98832	580.75623	580	756230	4
839.762127	839	762127	669.097994	669	97994	1
606.333184	606	333184	593.193915	593	193915	1
728.167264	728	167264	755.068276	755	68276	1
585.386153	585	386153	823.538552	823	538552	3
879.408429	879	408429	773.946665	773	946665	2
776.831932	776	831932	986.019534	986	19534	1
630.59612	630	596120	947.650527	947	650527	5
993.446125	993	446125	882.794399	882	794399	5
746.911924	746	911924	829.361478	829	361478	5
608.776814	608	776814	859.350961	859	350961	5
844.370361	844	370361	821.432735	821	432735	2
562.406071	562	406071	585.624961	585	624961	3
540.081307	540	81307	992.086278	992	86278	2
897.236354	897	236354	871.697712	871	697712	4
777.74561	777	745610	705.196981	705	196981	4
691.433268	691	433268	917.646466	917	646466	1
784.865028	784	865028	974.445109	974	445109	4
581.462988	581	462988	540.63059	540	630590	2
555.370594	555	370594	817.588438	817	588438	1
902.097445	902	97445	803.73929	803	739290	2
664.632785	664	632785	806.740971	806	740971	5
769.228067	769	228067	979.241837	979	241837	5
761.360641	761	360641	641.818529	641	818529	2
637.509439	637	509439	939.770888	939	770888	1
765.551676	765	551676	632.538758	632	538758	1
887.812727	887	812727	862.966622	862	966622	2
719.89083	719	890830	550.020973	550	20973	4
546.01432	546	14320	694.889133	694	889133	2
702.100011	702	100011	810.051109	810	51109	1
920.532769	920	532769	516.647366	516	647366	1
896.113153	896	113153	774.161715	774	161715	5
787.378491	787	378491	725.149103	725	149103	1
773.865954	773	865954	610.357634	610	357634	3
623.796769	623	796769	776.746343	776	746343	2
873.764644	873	764644	547.204008	547	204008	1
651.790735	651	790735	629.304299	629	304299	1
646.145053	646	145053	507.765877	507	765877	2
749.877116	749	877116	740.854535	740	854535	5
890.23686	890	236860	758.61505	758	615050	3
892.056977	892	56977	836.643707	836	643707	3
858.170283	858	170283	845.721848	845	721848	4
981.123573	981	123573	578.047785	578	47785	4
700.463048	700	463048	921.268668	921	268668	2
644.25159	644	251590	836.808126	836	808126	2
877.359927	877	359927	949.745497	949	745497	2
977.72501	977	725010	872.982001	872	982001	2
581.201211	581	201211	752.454592	752	454592	4
660.741308	660	741308	922.706959	922	706959	1
557.70435	557	704350	659.128944	659	128944	4
883.571805	883	571805	568.559383	568	559383	4
561.838753	561	838753	971.446249	971	446249	4
969.337136	969	337136	711.869915	711	869915	5
651.799873	651	799873	793.80122	793	801220	5
568.715747	568	715747	611.78113	611	781130	3
605.846575	605	846575	649.640804	649	640804	2
662.867901	662	867901	925.85633	925	856330	1
955.528474	955	528474	974.747753	974	747753	4
570.253758	570	253758	699.178129	699	178129	5
955.882221	955	882221	865.745463	865	745463	2
903.144837	903	144837	529.798862	529	798862	4
736.302879	736	302879	963.825495	963	825495	5
851.511726	851	511726	639.42353	639	423530	3
689.523328	689	523328	754.464318	754	464318	2
508.168833	508	168833	819.699481	819	699481	4
720.308496	720	308496	661.169873	661	169873	4
808.804324	808	804324	547.668326	547	668326	2
907.959568	907	959568	694.00378	694	3780	5
866.969901	866	969901	668.452102	668	452102	5
557.197793	557	197793	534.522861	534	522861	3
796.712781	796	712781	952.135182	952	135182	2
503.543231	503	543231	750.09581	750	95810	4
661.368076	661	368076	879.761061	879	761061	1
776.352706	776	352706	529.182968	529	182968	2
704.522631	704	522631	917.88083	917	880830	5
805.136018	805	136018	715.569187	715	569187	5
652.712634	652	712634	978.444817	978	444817	3
927.247642	927	247642	789.379184	789	379184	4
632.337229	632	337229	713.540132	713	540132	3
558.453942	558	453942	645.668128	645	668128	5
731.951992	731	951992	694.508128	694	508128	2
514.909035	514	909035	782.099515	782	99515	4
619.809047	619	809047	615.114378	615	114378	4
699.289128	699	289128	905.378043	905	378043	3
912.22526	912	225260	821.417087	821	417087	3
934.041146	934	41146	974.41186	974	411860	3
550.652056	550	652056	801.535199	801	535199	1
574.609513	574	609513	993.273417	993	273417	5
888.56962	888	569620	693.159613	693	159613	1
620.905814	620	905814	746.713328	746	713328	1
775.008086	775	8086	857.535232	857	535232	3
536.23081	536	230810	722.958476	722	958476	1
602.208693	602	208693	708.055176	708	55176	2
872.519813	872	519813	742.958762	742	958762	5
726.754138	726	754138	722.939146	722	939146	4
611.893879	611	893879	773.754657	773	754657	1
592.344661	592	344661	649.128635	649	128635	3
780.074815	780	74815	515.607472	515	607472	5
764.369799	764	369799	968.27479	968	274790	2
704.314562	704	314562	817.097089	817	97089	4
837.272608	837	272608	796.646685	796	646685	2
559.08258	559	82580	919.409972	919	409972	5
955.374145	955	374145	813.192899	813	192899	2
744.157036	744	157036	675.407746	675	407746	5
582.435287	582	435287	695.109292	695	109292	1
905.896777	905	896777	730.590082	730	590082	4
548.809406	548	809406	636.493285	636	493285	1
734.664273	734	664273	919.55411	919	554110	5
831.144419	831	144419	765.969266	765	969266	2
927.146636	927	146636	849.033417	849	33417	3
793.634567	793	634567	564.73859	564	738590	5
561.096411	561	96411	959.477394	959	477394	5
941.572023	941	572023	877.132932	877	132932	3
658.959966	658	959966	926.36932	926	369320	5
506.901892	506	901892	609.371789	609	371789	4
853.313635	853	313635	945.550019	945	550019	1
592.001113	592	1113	899.781181	899	781181	2
556.553948	556	553948	910.906989	910	906989	4
673.923148	673	923148	937.823436	937	823436	2
726.087085	726	87085	591.940794	591	940794	2
676.976114	676	976114	903.136669	903	136669	4
694.931234	694	931234	539.358668	539	358668	5
509.317895	509	317895	559.415622	559	415622	4
525.184807	525	184807	610.191845	610	191845	3
566.967399	566	967399	782.833782	782	833782	1
982.588386	982	588386	527.354768	527	354768	3
883.595038	883	595038	630.462855	630	462855	3
905.31206	905	312060	931.962417	931	962417	4
761.663201	761	663201	790.478592	790	478592	2
646.964838	646	964838	597.737645	597	737645	1
855.142975	855	142975	995.575859	995	575859	4
845.452161	845	452161	585.125277	585	125277	1
705.047418	705	47418	762.147617	762	147617	5
809.51712	809	517120	807.28511	807	285110	1
588.609197	588	609197	506.533023	506	533023	2
787.999057	787	999057	957.773262	957	773262	2
960.413897	960	413897	536.875192	536	875192	1
884.418603	884	418603	642.026309	642	26309	2
768.66333	768	663330	876.843724	876	843724	1
791.074668	791	74668	801.36081	801	360810	2
810.081591	810	81591	738.576078	738	576078	4
807.814249	807	814249	686.582314	686	582314	5
852.17108	852	171080	505.354556	505	354556	1
751.169966	751	169966	614.709011	614	709011	4
711.774216	711	774216	611.951635	611	951635	4
859.589324	859	589324	615.726346	615	726346	4
850.483601	850	483601	558.775382	558	775382	1
549.775329	549	775329	757.732816	757	732816	5
661.143272	661	143272	771.149687	771	149687	4
769.923101	769	923101	741.115171	741	115171	2
522.862414	522	862414	594.189962	594	189962	3
584.119386	584	119386	673.286356	673	286356	3
709.854336	709	854336	781.990191	781	990191	3
531.18031	531	180310	654.605585	654	605585	2
609.820545	609	820545	530.994554	530	994554	5
775.821735	775	821735	809.823974	809	823974	4
512.768696	512	768696	928.476705	928	476705	4
992.415584	992	415584	660.457409	660	457409	4
926.650148	926	650148	739.302743	739	302743	2
773.948249	773	948249	717.955298	717	955298	2
637.380422	637	380422	757.711406	757	711406	4
781.309475	781	309475	980.878602	980	878602	5
864.916762	864	916762	803.596927	803	596927	2
588.944192	588	944192	765.375375	765	375375	5
836.342947	836	342947	533.163713	533	163713	2
953.042311	953	42311	555.646303	555	646303	3
622.459602	622	459602	722.148637	722	148637	1
796.756845	796	756845	569.555257	569	555257	2
582.460914	582	460914	698.672612	698	672612	1
636.122932	636	122932	844.992361	844	992361	1
833.347865	833	347865	617.916068	617	916068	5
892.058858	892	58858	936.765042	936	765042	2
943.937182	943	937182	529.574676	529	574676	3
931.518945	931	518945	869.270624	869	270624	2
889.228824	889	228824	796.474053	796	474053	5
900.711398	900	711398	887.526311	887	526311	1
535.624621	535	624621	984.513322	984	513322	5
985.228778	985	228778	601.765788	601	765788	5
950.003079	950	3079	643.775479	643	775479	3
697.767893	697	767893	501.663009	501	663009	4
1000.151879	1000	151879	842.880959	842	880959	1
972.865493	972	865493	985.965441	985	965441	5
781.403631	781	403631	674.465718	674	465718	3
709.006215	709	6215	869.387502	869	387502	4
749.045803	749	45803	638.087378	638	87378	1
890.740529	890	740529	704.976624	704	976624	4
730.344303	730	344303	677.211476	677	211476	4
761.330851	761	330851	812.080436	812	80436	4
627.156113	627	156113	610.434033	610	434033	2
656.510803	656	510803	663.51422	663	514220	2
780.795452	780	795452	529.552086	529	552086	1
stocks
829074.8291	34820	829074	1
