items_number
200
stocks_number
1
digit
2
items
803.09	803	9	994.5	994	50	1
991.01	991	1	995.01	995	1	2
933.82	933	82	905.88	905	88	2
970.14	970	14	647.72	647	72	1
845.22	845	22	958.04	958	4	1
988.83	988	83	968.9	968	90	4
667.77	667	77	779.76	779	76	4
912.64	912	64	782.73	782	73	1
965.52	965	52	808.28	808	28	5
893.83	893	83	794.67	794	67	4
635.39	635	39	578.05	578	5	1
558.57	558	57	554.71	554	71	2
874.62	874	62	721.9	721	90	5
639.49	639	49	715.53	715	53	2
840.17	840	17	982.55	982	55	2
982.21	982	21	572	572	0	2
765.35	765	35	625.34	625	34	3
814.08	814	8	508.39	508	39	4
939.84	939	84	909.69	909	69	3
592.36	592	36	837.92	837	92	3
793.53	793	53	616.45	616	45	1
652.05	652	5	752.51	752	51	3
553.19	553	19	998.66	998	66	4
892.61	892	61	629	629	0	3
827.7	827	70	906.67	906	67	4
769.11	769	11	503.79	503	79	2
949.69	949	69	987.77	987	77	5
690.31	690	31	716.8	716	80	3
706.56	706	56	527.66	527	66	2
804.66	804	66	652.06	652	6	2
818.37	818	37	734.61	734	61	3
755.18	755	18	521.16	521	16	3
540.2	540	20	893.07	893	7	5
997.71	997	71	886.02	886	2	1
725.32	725	32	915.41	915	41	5
885.94	885	94	851.63	851	63	3
731.54	731	54	853.92	853	92	4
892.1	892	10	940.17	940	17	3
796.1	796	10	879.37	879	37	3
695.07	695	7	908.72	908	72	1
530.93	530	93	733.85	733	85	3
677.01	677	1	958.94	958	94	5
1000.16	1000	16	708.43	708	43	2
904.07	904	7	700.27	700	27	4
817.51	817	51	919.47	919	47	2
839.33	839	33	690.5	690	50	5
885.81	885	81	773.79	773	79	5
828.86	828	86	543.82	543	82	1
899.93	899	93	698.41	698	41	4
823.65	823	65	928.48	928	48	3
667.22	667	22	881.74	881	74	5
692.99	692	99	560.38	560	38	1
721.7	721	70	679.51	679	51	2
720.42	720	42	624.93	624	93	3
583.6	583	60	689.38	689	38	3
548.93	548	93	831.19	831	19	1
735.05	735	5	875.24	875	24	5
779.81	779	81	922.67	922	67	5
738.24	738	24	547.99	547	99	3
942.14	942	14	902.42	902	42	1
582.99	582	99	573.74	573	74	3
555.13	555	13	527.13	527	13	2
696.32	696	32	669.1	669	10	5
869.19	869	19	713.33	713	33	4
798.84	798	84	913.67	913	67	2
667.64	667	64	583.51	583	51	1
500.65	500	65	563.97	563	97	1
528.91	528	91	512.59	512	59	3
558.26	558	26	522.21	522	21	3
542.75	542	75	688.86	688	86	1
971.5	971	50	920.31	920	31	5
588.71	588	71	502.58	502	58	3
720.77	720	77	892.8	892	80	5
716.66	716	66	627.26	627	26	1
992.79	992	79	949.85	949	85	1
783.8	783	80	811.28	811	28	3
802.52	802	52	563.28	563	28	1
623.12	623	12	968.65	968	65	3
857.66	857	66	600.1	600	10	3
700.45	700	45	507.69	507	69	1
692.77	692	77	895.65	895	65	2
523.4	523	40	727.36	727	36	3
638.44	638	44	568.07	568	7	1
914.99	914	99	820.17	820	17	3
743.34	743	34	598.81	598	81	2
722.56	722	56	503.98	503	98	5
962.92	962	92	651.88	651	88	3
979.92	979	92	973.57	973	57	3
747.37	747	37	926.65	926	65	1
946.69	946	69	945.39	945	39	3
666.06	666	6	620.99	620	99	1
575.37	575	37	745.39	745	39	3
500.82	500	82	972.04	972	4	1
608.38	608	38	790.1	790	10	5
944.08	944	8	958.25	958	25	2
544.19	544	19	631.71	631	71	5
776.02	776	2	619.13	619	13	1
944.74	944	74	767.22	767	22	2
820.1	820	10	643.82	643	82	2
580.81	580	81	642.86	642	86	5
987.01	987	1	702.6	702	60	4
536.6	536	60	809.13	809	13	1
669.52	669	52	891.44	891	44	2
953.78	953	78	593.4	593	40	4
752.78	752	78	682.91	682	91	3
907.83	907	83	839.82	839	82	5
982.1	982	10	650.2	650	20	3
553.3	553	30	746.19	746	19	5
776.95	776	95	807.99	807	99	2
838.76	838	76	998.82	998	82	1
500.28	500	28	1000.4	1000	40	2
715.24	715	24	948.64	948	64	3
862.69	862	69	724.71	724	71	5
638.72	638	72	814	814	0	4
628.24	628	24	768.33	768	33	5
851.55	851	55	822.52	822	52	1
606.81	606	81	818.98	818	98	4
836.16	836	16	665.73	665	73	5
575.47	575	47	540.1	540	10	4
853.7	853	70	743.15	743	15	4
781.37	781	37	856.13	856	13	2
741.53	741	53	661.61	661	61	4
928.59	928	59	734.07	734	7	4
527.2	527	20	573.69	573	69	4
596.91	596	91	951.23	951	23	5
872.68	872	68	692.32	692	32	5
818.91	818	91	704.41	704	41	3
872.46	872	46	569.37	569	37	2
561.94	561	94	705.54	705	54	3
637.53	637	53	593.23	593	23	1
952.27	952	27	958.23	958	23	4
794.95	794	95	907.66	907	66	2
673.13	673	13	902.89	902	89	1
867.31	867	31	594.2	594	20	5
993.26	993	26	500.06	500	6	5
672.43	672	43	584.32	584	32	1
774.15	774	15	680.02	680	2	4
974.88	974	88	897.79	897	79	4
972.74	972	74	576.52	576	52	2
796.1	796	10	733.01	733	1	2
812.17	812	17	894.61	894	61	4
972.02	972	2	822.44	822	44	4
510.35	510	35	680.17	680	17	4
920.86	920	86	865.32	865	32	5
610.26	610	26	636.44	636	44	2
885.11	885	11	694.51	694	51	4
770.41	770	41	686.37	686	37	3
716.07	716	7	954.42	954	42	2
720.79	720	79	605.76	605	76	3
592.89	592	89	974.47	974	47	3
569.3	569	30	943.1	943	10	3
747.17	747	17	961.89	961	89	1
579.42	579	42	634.6	634	60	3
997.89	997	89	676.17	676	17	1
520.37	520	37	534.11	534	11	4
675.86	675	86	831.84	831	84	2
614.57	614	57	614.49	614	49	5
839.8	839	80	985.52	985	52	2
546.32	546	32	646.73	646	73	1
923.03	923	3	820.55	820	55	2
976.33	976	33	578.27	578	27	2
999.11	999	11	604.96	604	96	4
963.51	963	51	726.21	726	21	3
896.98	896	98	980.16	980	16	5
865.42	865	42	945.68	945	68	5
956.29	956	29	973.79	973	79	4
814.41	814	41	810.49	810	49	2
885.09	885	9	624.22	624	22	1
675.17	675	17	870.58	870	58	3
785.15	785	15	632.53	632	53	3
928.2	928	20	857.75	857	75	2
987.34	987	34	509.72	509	72	3
757.69	757	69	955.97	955	97	3
938.07	938	7	784.93	784	93	1
652.72	652	72	874.04	874	4	5
867.96	867	96	837.94	837	94	5
569.18	569	18	724.96	724	96	1
923.14	923	14	807.41	807	41	2
582.55	582	55	536.88	536	88	1
535.97	535	97	830.72	830	72	5
761.55	761	55	780.4	780	40	4
651.85	651	85	979.98	979	98	3
783.66	783	66	790.14	790	14	5
840.49	840	49	914.01	914	1	1
895.75	895	75	901.15	901	15	3
803.55	803	55	570.25	570	25	5
515.35	515	35	991.37	991	37	4
755.84	755	84	515.64	515	64	4
888.35	888	35	555.29	555	29	3
808.19	808	19	636.1	636	10	1
924.4	924	40	835.19	835	19	1
864.68	864	68	633.56	633	56	2
806.82	806	82	987.58	987	58	4
887.91	887	91	807.92	807	92	5
505.66	505	66	859.25	859	25	3
918.77	918	77	932.27	932	27	1
588.72	588	72	780.72	780	72	4
819.08	819	8	669.26	669	26	4
548.86	548	86	802.49	802	49	1
763.89	763	89	896.82	896	82	3
stocks
35.35	51829	35	1
