items_number
200
stocks_number
1
digit
4
items
547.4713	547	4713	754.8047	754	8047	5
676.5301	676	5301	671.0838	671	838	5
692.6873	692	6873	999.7147	999	7147	3
540.2934	540	2934	830.4879	830	4879	3
984.2782	984	2782	510.0736	510	736	2
878.0492	878	492	684.0919	684	919	5
903.5953	903	5953	519.1598	519	1598	2
718.9963	718	9963	877.5851	877	5851	2
921.7083	921	7083	642.9403	642	9403	4
842.6081	842	6081	508.4381	508	4381	4
711.5075	711	5075	659.0182	659	182	1
966.155	966	1550	925.7372	925	7372	2
710.6731	710	6731	751.3541	751	3541	4
501.4791	501	4791	657.3023	657	3023	2
738.5533	738	5533	974.0093	974	93	1
855.8519	855	8519	990.4306	990	4306	2
509.6933	509	6933	701.7491	701	7491	3
590.9649	590	9649	998.622	998	6220	4
589.857	589	8570	814.5308	814	5308	1
710.1824	710	1824	927.8821	927	8821	3
894.7027	894	7027	581.1938	581	1938	1
536.321	536	3210	737.0926	737	926	4
583.1218	583	1218	560.7487	560	7487	2
620.2018	620	2018	546.9931	546	9931	2
528.4612	528	4612	917.2466	917	2466	5
577.8209	577	8209	863.0385	863	385	4
790.5826	790	5826	913.5981	913	5981	3
535.1585	535	1585	517.8114	517	8114	4
888.1339	888	1339	896.3048	896	3048	2
661.7175	661	7175	815.5293	815	5293	1
814.1523	814	1523	689.481	689	4810	4
935.2405	935	2405	649.1095	649	1095	3
837.2477	837	2477	986.6132	986	6132	1
505.8397	505	8397	687.8309	687	8309	3
722.1691	722	1691	725.2326	725	2326	5
821.1611	821	1611	996.322	996	3220	4
629.8889	629	8889	617.558	617	5580	2
624.7644	624	7644	745.3925	745	3925	4
785.1574	785	1574	619.5423	619	5423	5
797.5972	797	5972	760.1335	760	1335	1
966.3725	966	3725	753.8306	753	8306	2
996.3001	996	3001	778.5605	778	5605	5
762.7522	762	7522	931.8707	931	8707	2
923.6808	923	6808	750.8199	750	8199	5
743.7792	743	7792	935.8629	935	8629	1
1000.9408	1000	9408	650.88	650	8800	5
523.5327	523	5327	987.2505	987	2505	3
752.1078	752	1078	635.2472	635	2472	5
836.9057	836	9057	647.1372	647	1372	3
613.025	613	250	800.4165	800	4165	3
962.9254	962	9254	809.7646	809	7646	3
730.2436	730	2436	729.331	729	3310	5
896.346	896	3460	783.5091	783	5091	4
545.0472	545	472	615.5133	615	5133	1
596.0806	596	806	521.9593	521	9593	2
670.4424	670	4424	699.7558	699	7558	5
869.5033	869	5033	978.187	978	1870	1
632.6632	632	6632	934.5574	934	5574	1
952.6009	952	6009	716.2024	716	2024	4
757.6373	757	6373	874.4918	874	4918	2
794.016	794	160	748.722	748	7220	2
766.3885	766	3885	652.3186	652	3186	2
938.513	938	5130	769.6014	769	6014	4
630.8989	630	8989	980.9704	980	9704	2
517.2282	517	2282	839.7848	839	7848	4
659.6821	659	6821	995.4692	995	4692	1
697.06	697	600	722.2924	722	2924	5
894.7523	894	7523	957.3428	957	3428	1
529.0817	529	817	986.8617	986	8617	4
728.2174	728	2174	841.8348	841	8348	1
690.9848	690	9848	963.4764	963	4764	1
996.0894	996	894	985.3275	985	3275	2
971.5175	971	5175	618.0305	618	305	5
698.3722	698	3722	893.9823	893	9823	4
664.7702	664	7702	734.1474	734	1474	3
713.932	713	9320	799.5286	799	5286	2
944.313	944	3130	542.4976	542	4976	5
687.303	687	3030	720.0331	720	331	5
966.0398	966	398	681.4111	681	4111	1
779.8539	779	8539	937.6348	937	6348	4
546.9632	546	9632	766.4496	766	4496	5
673.6004	673	6004	990.1757	990	1757	5
755.0975	755	975	912.6011	912	6011	4
942.3092	942	3092	549.594	549	5940	3
965.6476	965	6476	604.3242	604	3242	2
597.1782	597	1782	933.1956	933	1956	2
859.3868	859	3868	995.985	995	9850	2
834.151	834	1510	581.5113	581	5113	2
730.4766	730	4766	612.7531	612	7531	2
810.6229	810	6229	958.8226	958	8226	2
590.4235	590	4235	701.6383	701	6383	5
523.1278	523	1278	607.4751	607	4751	3
822.0114	822	114	609.1413	609	1413	3
527.9365	527	9365	971.8749	971	8749	1
900.0267	900	267	833.4455	833	4455	1
586.8748	586	8748	948.9261	948	9261	4
934.6186	934	6186	965.3442	965	3442	1
597.0867	597	867	554.3731	554	3731	2
980.2624	980	2624	650.9041	650	9041	4
963.7003	963	7003	950.2059	950	2059	1
571.9393	571	9393	641.8431	641	8431	2
916.2472	916	2472	612.3805	612	3805	1
958.4249	958	4249	934.1687	934	1687	2
541.0921	541	921	759.8737	759	8737	3
860.6194	860	6194	751.9981	751	9981	1
868.1951	868	1951	914.9513	914	9513	4
755.0241	755	241	805.4023	805	4023	4
803.5677	803	5677	540.4957	540	4957	3
802.1333	802	1333	881.9845	881	9845	3
967.6991	967	6991	986.8134	986	8134	2
828.0568	828	568	977.7657	977	7657	1
848.0965	848	965	646.0693	646	693	4
639.2995	639	2995	721.6243	721	6243	3
583.1544	583	1544	888.002	888	20	4
536.0409	536	409	695.2985	695	2985	1
851.5823	851	5823	825.5838	825	5838	5
927.9678	927	9678	566.1977	566	1977	5
895.0629	895	629	690.2835	690	2835	5
684.7333	684	7333	652.0951	652	951	1
656.0796	656	796	925.586	925	5860	4
951.6859	951	6859	647.1062	647	1062	1
774.792	774	7920	854.3686	854	3686	1
679.2075	679	2075	778.0611	778	611	1
519.3325	519	3325	756.8827	756	8827	1
547.7285	547	7285	570.2436	570	2436	1
826.2342	826	2342	858.1418	858	1418	4
605.2074	605	2074	950.444	950	4440	4
981.9823	981	9823	781.5878	781	5878	3
923.9562	923	9562	912.5149	912	5149	5
831.4698	831	4698	600.3481	600	3481	4
944.3178	944	3178	730.4289	730	4289	3
740.8955	740	8955	553.9933	553	9933	2
993.3522	993	3522	959.3639	959	3639	1
647.7427	647	7427	910.5976	910	5976	4
782.9876	782	9876	558.867	558	8670	4
852.6068	852	6068	957.362	957	3620	3
762.9379	762	9379	569.1842	569	1842	2
783.6469	783	6469	609.9045	609	9045	5
901.1745	901	1745	997.4929	997	4929	5
563.0712	563	712	950.1687	950	1687	1
749.9812	749	9812	594.3532	594	3532	3
975.8666	975	8666	973.8938	973	8938	1
657.803	657	8030	596.8732	596	8732	2
634.9159	634	9159	815.6127	815	6127	2
804.021	804	210	606.5311	606	5311	1
693.8439	693	8439	537.1718	537	1718	2
985.4983	985	4983	886.1965	886	1965	1
731.624	731	6240	919.7288	919	7288	1
834.9069	834	9069	727.0905	727	905	3
915.8668	915	8668	538.9268	538	9268	4
887.3388	887	3388	589.95	589	9500	1
531.228	531	2280	620.1967	620	1967	4
688.6589	688	6589	638.2955	638	2955	1
813.5463	813	5463	614.0111	614	111	1
550.5605	550	5605	876.7146	876	7146	1
983.0226	983	226	955.5391	955	5391	1
638.4158	638	4158	972.7881	972	7881	1
655.4031	655	4031	572.1586	572	1586	4
709.005	709	50	735.7621	735	7621	5
807.372	807	3720	629.9382	629	9382	1
732.5081	732	5081	919.5068	919	5068	4
652.3228	652	3228	711.191	711	1910	2
546.9027	546	9027	929.9315	929	9315	2
724.8603	724	8603	623.5059	623	5059	4
546.0656	546	656	867.4239	867	4239	2
574.8904	574	8904	734.4337	734	4337	2
822.1024	822	1024	579.8679	579	8679	1
808.6387	808	6387	936.6081	936	6081	3
857.1725	857	1725	843.3383	843	3383	3
722.9121	722	9121	822.996	822	9960	1
617.3451	617	3451	886.412	886	4120	5
605.1538	605	1538	684.3267	684	3267	2
943.7787	943	7787	540.8898	540	8898	3
774.1481	774	1481	728.9204	728	9204	1
987.7049	987	7049	999.9394	999	9394	4
747.4349	747	4349	646.0561	646	561	3
714.6273	714	6273	765.0922	765	922	5
717.2032	717	2032	631.136	631	1360	1
978.0589	978	589	811.7849	811	7849	5
547.1694	547	1694	739.1828	739	1828	4
632.7053	632	7053	916.0628	916	628	4
610.3978	610	3978	647.3701	647	3701	5
825.3974	825	3974	859.0147	859	147	2
566.9994	566	9994	800.3583	800	3583	1
923.5793	923	5793	761.3812	761	3812	3
875.5931	875	5931	982.3646	982	3646	4
548.022	548	220	754.5326	754	5326	3
807.9951	807	9951	979.8045	979	8045	3
776.6315	776	6315	553.5232	553	5232	2
758.027	758	270	989.2947	989	2947	2
613.0023	613	23	607.7428	607	7428	3
507.1396	507	1396	718.6652	718	6652	5
656.9851	656	9851	699.121	699	1210	3
907.9051	907	9051	536.3095	536	3095	1
731.6352	731	6352	841.1711	841	1711	5
949.6859	949	6859	565.1801	565	1801	4
981.4307	981	4307	770.7433	770	7433	5
552.7376	552	7376	667.6742	667	6742	1
756.3246	756	3246	747.4234	747	4234	3
838.6032	838	6032	612.7168	612	7168	4
stocks
24.0024	36514	24	1
