items_number
200
stocks_number
1
digit
14
items
689.0000036	689	363256822	641.0000064	641	643151395	5
516.0000165	516	1653441026	586.0000169	586	1692738652	2
837.0000026	837	264600152	886.0000134	886	1342807207	2
963.0000137	963	1365165338	971.0000203	971	2034860731	1
794.0000195	794	1949965136	765.0000182	765	1822383074	2
723.0000182	723	1816831589	639.0000001	639	13978526	5
878.000013	878	1302190863	945.0000109	945	1089433595	5
733.0000158	733	1583536421	753.0000124	753	1244739060	4
753.0000094	753	939918539	804.0000148	804	1483644604	5
716.0000126	716	1255428451	734.0000123	734	1229736455	1
673.0000155	673	1545911059	682.0000191	682	1914409217	3
794.0000106	794	1058021628	730.0000093	730	934973164	3
667.0000098	667	981847841	767.0000062	767	618775165	3
710.0000102	710	1021220534	655.0000068	655	679391804	3
770.0000047	770	469031420	785.0000071	785	708581199	3
806.0000159	806	1591075968	746.0000008	746	82855741	5
767.0000159	767	1593584907	700.0000122	700	1220952268	2
629.000005	629	504453817	577.0000049	577	488311432	2
960.0000174	960	1738009253	970.0000201	970	2008424232	4
589.0000085	589	848705754	590.000014	590	1403183833	4
794.0000189	794	1890242977	718.0000068	718	683131864	5
992.000016	992	1604630256	937.0000112	937	1117421840	3
506.0000181	506	1805885384	411.0000152	411	1521073927	4
541.0000144	541	1439540406	622.0000198	622	1983666754	3
925.0000028	925	281257068	983.0000198	983	1976209226	2
692.0000184	692	1837184304	754.0000075	754	747294925	3
508.0000031	508	308065840	545.0000052	545	518670754	5
809.0000017	809	174648056	760.0000034	760	343497346	2
652.0000197	652	1965280915	688.0000025	688	245244061	5
737.0000103	737	1025245453	736.0000088	736	878575818	5
550.0000171	550	1713171364	458.0000204	458	2035591503	5
587.0000018	587	181054089	625.0000089	625	888395456	4
753.0000053	753	531202831	671.0000042	671	423830821	2
633.0000198	633	1977771516	640.0000123	640	1230915062	2
550.0000155	550	1546219427	495.0000078	495	775772538	2
794.0000033	794	333684319	734.000001	734	98730247	5
856.0000165	856	1647119457	879.0000124	879	1244893587	3
674.000007	674	700926643	585.0000187	585	1865206132	1
526.0000192	526	1917220740	586.0000134	586	1343469306	5
608.0000044	608	439554348	532.0000058	532	581054543	5
890.0000196	890	1956355094	920.0000095	920	947458938	2
946.0000132	946	1315648151	864.0000111	864	1110394874	3
903.000015	903	1497575976	813.0000152	813	1516027706	2
556.0000079	556	790719287	535.0000157	535	1566234102	1
655.0000019	655	189385037	618.0000179	618	1789786677	2
672.0000197	672	1966607397	698.0000008	698	77125256	1
608.0000023	608	234311607	628.0000165	628	1649089843	5
922.0000178	922	1782969944	868.0000086	868	863255297	3
801.0000032	801	323577566	875.0000057	875	565436688	2
567.0000197	567	1972320860	647.0000151	647	1510030426	3
510.0000048	510	484192050	557.0000012	557	118955481	1
842.0000007	842	66336895	890.0000125	890	1248568551	3
806.0000143	806	1429467469	730.0000048	730	479968618	2
763.0000014	763	142593786	816.0000164	816	1640029407	1
883.0000151	883	1505877302	912.0000108	912	1084751656	1
730.0000171	730	1710724537	763.0000031	763	308694195	5
702.0000198	702	1979778091	666.0000024	666	239840684	4
637.0000181	637	1813943142	602.000016	602	1603422409	2
538.0000189	538	1885372593	622.0000065	622	652191540	2
854.000018	854	1797575358	904.0000049	904	485084744	5
874.0000069	874	691704947	888.0000033	888	334514579	1
588.0000145	588	1451060310	630.0000054	630	540299395	3
941.0000198	941	1978629448	928.0000137	928	1373480199	4
874.0000122	874	1222907778	857.0000076	857	758345399	2
968.0000128	968	1281348178	1068.000018	1068	1771214456	1
737.0000138	737	1377365227	769	769	1769088	5
667.0000156	667	1556592097	690.0000086	690	857075645	4
824.0000078	824	780983988	846.0000087	846	868624394	4
912.0000208	912	2078291870	956.0000187	956	1866975219	2
940.0000133	940	1326329189	872.0000005	872	53061302	3
932.0000122	932	1220538336	928.0000145	928	1449678936	3
801.0000189	801	1887163316	724.0000067	724	666950508	5
631.0000049	631	494493692	581.0000116	581	1163456175	2
580.0000057	580	570630665	587.0000082	587	818222993	1
604.0000053	604	530398955	556.0000009	556	85700962	5
786.0000068	786	683878729	800.0000081	800	805759204	3
752.0000039	752	389754414	684.000009	684	895348249	1
712.0000076	712	764710563	784.0000173	784	1734790804	1
954.0000032	954	319365026	1014.000017	1014	1669014500	2
800.0000071	800	713331980	856.0000146	856	1460784936	4
526.0000059	526	589547775	528.000011	528	1097337581	1
711.000008	711	803557076	668.0000179	668	1787969980	2
641.0000078	641	779668875	595.0000056	595	561869838	1
832.0000202	832	2019015244	858.0000158	858	1577306198	2
974.0000095	974	946150863	1034.000013	1034	1280515738	3
770.0000014	770	138062529	853.0000165	853	1646621493	1
808.0000158	808	1582256134	766.0000189	766	1886000392	2
922.0000078	922	778445306	845.0000152	845	1520356421	3
907.0000195	907	1952005672	1005.000011	1005	1102560254	2
593.0000132	593	1320145079	685.0000039	685	390708284	5
775.0000043	775	428537016	798.0000201	798	2005441165	2
780.000005	780	496226971	741.0000144	741	1437074832	3
928.0000062	928	623721741	912.0000093	912	931007678	2
963.0000026	963	259682816	872.0000123	872	1231437715	2
653.0000172	653	1719134750	697.0000005	697	47936582	1
896.0000191	896	1905069920	879.0000055	879	554738485	3
699.0000164	699	1637048044	690.0000123	690	1233206803	3
566.0000113	566	1128243199	482.0000091	482	905012227	1
719.0000054	719	538570260	774.0000142	774	1423362878	1
857.0000157	857	1567856266	942.0000095	942	952698373	5
752.0000031	752	307088741	700.0000096	700	958073528	1
897.0000176	897	1759108596	848.0000073	848	725558166	5
905.0000131	905	1307535935	812.0000162	812	1619648881	4
883.000008	883	801582433	882.0000212	882	2121529703	4
978.0000018	978	182255613	1036.000015	1036	1543781158	5
508.0000184	508	1837934890	468.0000171	468	1705349842	1
915.0000149	915	1485461163	978.0000078	978	779805258	2
976.0000057	976	572010027	1016.000003	1016	291645758	2
967.0000046	967	455161805	1049.000013	1049	1292656997	1
869.000018	869	1804826189	841.000003	841	301336109	3
521.0000129	521	1285342007	466.0000175	466	1752430693	5
739.0000104	739	1044709581	722.0000024	722	242510929	1
579.0000046	579	460899617	558.0000209	558	2089306088	2
909.0000207	909	2065010883	908.0000017	908	166816882	5
570.0000092	570	916241177	630.0000182	630	1819817127	5
799.0000141	799	1407050480	737.0000122	737	1222338177	1
678.0000006	678	55589764	609.0000181	609	1813438375	3
625.0000035	625	351013663	542.0000156	542	1558333870	3
721.0000004	721	38012138	632.000006	632	595210950	3
584.0000201	584	2007595436	663.0000077	663	768514980	1
718.0000167	718	1671158743	778.0000195	778	1949042153	2
742.0000047	742	466549155	726.0000045	726	453168466	1
611.0000036	611	356338760	551.0000006	551	58106163	5
645.0000015	645	147396836	588.0000073	588	732566182	3
704.0000073	704	726231971	697.0000168	697	1684606180	5
510.0000208	510	2075473510	544.0000011	544	106042744	3
540.0000205	540	2052466756	516.0000129	516	1287304666	5
650.0000022	650	215796367	685.0000077	685	770329334	2
824.0000106	824	1056233061	875.0000101	875	1011054970	3
505.0000044	505	443553368	435.0000056	435	563183896	2
506.0000178	506	1783652634	525.0000172	525	1723027707	3
575.0000136	575	1363321802	624.0000197	624	1969128498	3
903.0000006	903	55178317	884.0000129	884	1288742061	1
911.0000094	911	943704921	888.000012	888	1195192939	4
705.0000002	705	17420588	803.0000194	803	1943174552	2
626.0000024	626	237433930	715.0000069	715	685039570	2
665.0000063	665	634156163	652.0000075	652	753059132	4
619.000015	619	1502881751	679.0000058	679	575496161	5
848.0000081	848	809443958	826.0000098	826	976685328	3
632.0000109	632	1089317969	600.0000205	600	2045716128	1
988.0000116	988	1160224292	1071.000009	1071	876832269	4
870.0000209	870	2094785965	844.0000058	844	581632372	2
871.0000213	871	2134027550	873.0000014	873	140743408	4
813.0000162	813	1621123909	774.0000082	774	818654708	2
778.0000201	778	2012313200	851.0000075	851	748449254	4
688.000009	688	902785079	649.0000196	649	1960560534	5
612.0000088	612	880690742	562.0000204	562	2040992884	2
703.0000207	703	2067902965	758.0000041	758	414403980	1
559.0000125	559	1253798743	487.0000137	487	1371410756	2
579.0000092	579	918702880	490.0000049	490	488720185	1
787.0000193	787	1928014753	820.0000118	820	1182918959	1
777.0000078	777	777473838	815.0000117	815	1172969260	5
821.0000139	821	1385252035	817.0000094	817	941888650	2
644.0000014	644	136869865	667.0000124	667	1241025121	3
668.0000092	668	924870674	749.0000191	749	1905535442	2
772.0000211	772	2111484007	811.0000048	811	479011182	3
655.0000006	655	64859727	612.0000135	612	1347067864	5
956.0000083	956	829853783	912.0000105	912	1045356459	4
922.0000018	922	179796726	895.0000125	895	1249340515	4
979.0000112	979	1121092789	886.0000021	886	210639186	4
961.0000127	961	1273407151	948.0000161	948	1608540354	2
674.0000196	674	1963449360	767.0000082	767	824884573	4
800.0000034	800	336930943	856.0000003	856	32284035	2
609.0000133	609	1328585468	627.0000075	627	749798766	5
585.0000076	585	759670633	554.0000202	554	2020077511	2
504.0000035	504	354351531	558.0000198	558	1975458586	5
982.0000157	982	1566019399	939.0000143	939	1434838336	1
750.0000139	750	1393826797	806.0000063	806	625652994	2
624.0000186	624	1857233282	587.000004	587	403471098	1
830.0000023	830	227979709	865.0000026	865	264040015	1
628.0000034	628	335661118	702.0000052	702	523885473	2
858.0000087	858	869973926	803.0000128	803	1280303366	1
699.0000018	699	175282026	607.0000085	607	845672386	2
746.0000032	746	322205020	671.0000066	671	664628881	2
671.0000034	671	343614188	628.000021	628	2098958073	3
977.0000004	977	40111579	1009.000016	1009	1594121639	2
934.0000122	934	1224990099	920.0000048	920	477705766	1
529.0000122	529	1224304930	536.0000199	536	1992467308	4
679.0000211	679	2108014544	615.0000201	615	2008525618	2
993.0000033	993	331305194	958.0000185	958	1849116521	4
855.0000214	855	2143007810	873.0000033	873	333703845	5
713.0000189	713	1888545649	782.0000104	782	1043960928	5
515.0000111	515	1108779032	417.0000087	417	874602133	3
675.0000138	675	1380776198	588.0000128	588	1275592494	3
603.0000203	603	2025415515	595.0000014	595	137502400	2
930.0000203	930	2033649707	964.0000063	964	632653926	2
693.0000134	693	1344776557	746.0000175	746	1754603675	2
504.0000209	504	2090275242	553.0000148	553	1484570264	3
885.0000072	885	716019842	925.0000168	925	1678010384	2
614.0000152	614	1524573283	690.0000086	690	856460542	5
983.0000106	983	1063884383	989.000017	989	1695209449	1
592.0000199	592	1989426993	669.0000114	669	1139067090	3
789.0000134	789	1340538996	857.0000168	857	1681345114	5
529.000014	529	1400815327	440.0000173	440	1727493483	4
948.0000117	948	1170528814	943.0000189	943	1888865855	2
620.000021	620	2100209629	707.0000155	707	1553938977	1
533.0000176	533	1755166858	548.0000156	548	1555468420	5
930.0000059	930	589064565	982.0000118	982	1176220542	5
616.0000135	616	1346552778	608.0000003	608	32108322	2
904.0000146	904	1464916493	983.0000196	983	1958939517	5
stocks
8.339359229e+10	47041	83393592288	1
