items_number
200
stocks_number
1
digit
2
items
623.5	623	50	712.2	712	20	3
603.15	603	15	696.44	696	44	5
550.42	550	42	641.08	641	8	4
579.75	579	75	553.08	553	8	3
566.52	566	52	616.05	616	5	4
830.9	830	90	785.91	785	91	1
554.26	554	26	506.56	506	56	1
827.51	827	51	826.67	826	67	5
933.57	933	57	952.05	952	5	2
707.11	707	11	625.12	625	12	3
625	625	0	685.5	685	50	3
909.99	909	99	1009.39	1009	39	3
566.16	566	16	585.26	585	26	3
564.81	564	81	529.2	529	20	1
554.74	554	74	464.2	464	20	3
733.23	733	23	671.58	671	58	2
707.32	707	32	655.43	655	43	4
638.69	638	69	603.49	603	49	4
766.94	766	94	778.38	778	38	4
907.29	907	29	864.95	864	95	4
861.73	861	73	846.55	846	55	3
812.92	812	92	806.47	806	47	1
778.4	778	40	844.24	844	24	1
970.17	970	17	1002.48	1002	48	3
536.31	536	31	462.63	462	63	4
500.97	500	97	592.08	592	8	3
804.81	804	81	766.13	766	13	4
951.31	951	31	993.63	993	63	5
846.56	846	56	841.5	841	50	5
593.64	593	64	665.04	665	4	5
688.58	688	58	595.8	595	80	5
715.07	715	7	699.69	699	69	3
696.79	696	79	760.47	760	47	1
738	738	0	836.87	836	87	5
794.82	794	82	802.74	802	74	5
762.84	762	84	725.5	725	50	5
815.9	815	90	718.76	718	76	2
594.08	594	8	655.28	655	28	5
835.35	835	35	847.17	847	17	1
994.99	994	99	1016.81	1016	81	3
801.72	801	72	830.39	830	39	4
706.87	706	87	678.65	678	65	3
903.5	903	50	924.2	924	20	2
613.88	613	88	711.65	711	65	1
517.69	517	69	554.84	554	84	5
703.24	703	24	685.38	685	38	1
847.63	847	63	933.21	933	21	5
724.53	724	53	760.27	760	27	3
842.45	842	45	889.86	889	86	4
612.57	612	57	609.56	609	56	3
631.83	631	83	674.2	674	20	1
949.71	949	71	880.4	880	40	4
671.49	671	49	713.01	713	1	4
909.75	909	75	917.41	917	41	3
664.88	664	88	678.87	678	87	3
954.32	954	32	1022.63	1022	63	4
655.73	655	73	655.46	655	46	5
968.21	968	21	994.98	994	98	1
904.15	904	15	863.27	863	27	3
500.29	500	29	545.95	545	95	5
560.37	560	37	557.02	557	2	3
592.74	592	74	558.07	558	7	4
716.88	716	88	795.63	795	63	2
502.17	502	17	412.47	412	47	3
576.26	576	26	490.91	490	91	5
756.23	756	23	743.35	743	35	1
764.01	764	1	688.96	688	96	4
637.69	637	69	554.67	554	67	2
851.83	851	83	949.63	949	63	2
846.88	846	88	882.11	882	11	4
631.2	631	20	670.48	670	48	1
898.55	898	55	874.02	874	2	5
551.27	551	27	609.75	609	75	3
780.71	780	71	689.66	689	66	3
511.96	511	96	484.64	484	64	5
568.96	568	96	563.57	563	57	3
983.47	983	47	974.04	974	4	5
604.59	604	59	562.83	562	83	1
793.5	793	50	874.81	874	81	5
570.93	570	93	659.87	659	87	4
963.17	963	17	1018.39	1018	39	4
670.85	670	85	693.98	693	98	1
766.16	766	16	836.27	836	27	2
880.18	880	18	826.4	826	40	2
825.6	825	60	907.39	907	39	3
930.04	930	4	913.15	913	15	4
833.03	833	3	897.03	897	3	2
980.85	980	85	911.85	911	85	5
644.78	644	78	553.13	553	13	1
737.18	737	18	660.27	660	27	4
727.67	727	67	803.78	803	78	1
704.15	704	15	660.12	660	12	3
575.44	575	44	514.31	514	31	5
689.55	689	55	744.39	744	39	2
954.32	954	32	921.58	921	58	3
898.71	898	71	851.2	851	20	4
691.78	691	78	783.74	783	74	4
964.85	964	85	905.54	905	54	3
535.92	535	92	455.87	455	87	2
788.62	788	62	877.37	877	37	5
809.25	809	25	886.65	886	65	2
913.12	913	12	922.33	922	33	3
686.69	686	69	650.36	650	36	1
861.53	861	53	896.38	896	38	4
939.35	939	35	908.96	908	96	2
944.17	944	17	981.98	981	98	5
675.01	675	1	755.95	755	95	1
667.83	667	83	677.99	677	99	3
794.77	794	77	889.81	889	81	1
714.03	714	3	774.76	774	76	3
985.28	985	28	983.87	983	87	1
756.46	756	46	755.2	755	20	1
884.88	884	88	816.75	816	75	3
750.44	750	44	718.14	718	14	4
636.16	636	16	632.59	632	59	2
955.01	955	1	1019.12	1019	12	2
926	926	0	927.26	927	26	4
969.19	969	19	928.6	928	60	5
681.38	681	38	776.94	776	94	3
569.78	569	78	529.36	529	36	5
952.38	952	38	884.84	884	84	5
654.05	654	5	675.71	675	71	3
774.94	774	94	741.48	741	48	4
773.34	773	34	745.16	745	16	4
843.13	843	13	768.1	768	10	1
727.78	727	78	711.04	711	4	3
671.05	671	5	646.35	646	35	5
533.91	533	91	449.83	449	83	4
690.16	690	16	715.58	715	58	1
706.49	706	49	652.2	652	20	1
822.05	822	5	726.18	726	18	5
746.41	746	41	747.21	747	21	2
865.62	865	62	920.51	920	51	5
754.27	754	27	722.54	722	54	5
853.46	853	46	788.58	788	58	2
803.49	803	49	877.47	877	47	3
697.44	697	44	752.52	752	52	2
527.48	527	48	441.53	441	53	5
716.32	716	32	700.45	700	45	1
991.21	991	21	990.31	990	31	4
989.51	989	51	1013.28	1013	28	2
700.12	700	12	782.32	782	32	3
993.19	993	19	1041.5	1041	50	4
618.92	618	92	625.01	625	1	1
950.08	950	8	1050.43	1050	43	2
875.36	875	36	818.08	818	8	2
573.45	573	45	543.1	543	10	4
876.09	876	9	827.67	827	67	5
590.55	590	55	593.65	593	65	1
500.83	500	83	415.05	415	5	4
945.39	945	39	906.01	906	1	1
541.45	541	45	576.49	576	49	5
654.89	654	89	690.75	690	75	1
965.85	965	85	993.46	993	46	2
815.8	815	80	872.64	872	64	1
997.02	997	2	1058.84	1058	84	2
938.64	938	64	1000.5	1000	50	4
732.37	732	37	815.99	815	99	5
529.45	529	45	606.66	606	66	2
875.32	875	32	861.08	861	8	4
684.87	684	87	612.17	612	17	2
597.03	597	3	628.81	628	81	4
620.73	620	73	658.26	658	26	2
548.01	548	1	581.67	581	67	4
851.3	851	30	900.35	900	35	3
719.72	719	72	792.83	792	83	1
597.5	597	50	604.15	604	15	1
794.74	794	74	797.84	797	84	1
746.2	746	20	784.35	784	35	5
813.35	813	35	904.59	904	59	1
784.48	784	48	685.13	685	13	1
734.23	734	23	645.6	645	60	3
760.47	760	47	782.88	782	88	4
523.67	523	67	572.63	572	63	4
853.15	853	15	871.6	871	60	5
709.08	709	8	681.29	681	29	2
898.55	898	55	941.68	941	68	2
672.6	672	60	711.67	711	67	5
831.17	831	17	854.95	854	95	3
988.11	988	11	933.33	933	33	4
672.44	672	44	726.71	726	71	3
522.08	522	8	606.94	606	94	4
776.08	776	8	806.81	806	81	1
826.85	826	85	815.44	815	44	1
987.94	987	94	949.4	949	40	5
837.4	837	40	774.44	774	44	1
568.39	568	39	668.27	668	27	2
671.1	671	10	594.89	594	89	3
568.3	568	30	487.43	487	43	2
844.84	844	84	920.92	920	92	5
545.42	545	42	505.94	505	94	4
999.17	999	17	1097.57	1097	57	5
942.39	942	39	948.71	948	71	3
912.67	912	67	1010.2	1010	20	5
546.7	546	70	526.25	526	25	3
538.69	538	69	442.05	442	5	3
630.39	630	39	650.04	650	4	5
890.2	890	20	977.37	977	37	1
833.96	833	96	840.88	840	88	5
622.59	622	59	529.36	529	36	1
stocks
1238.83	1238	83	1
