items_number
200
stocks_number
1
digit
8
items
997.981802	997	98180197	990.9891686	990	98916859	4
714.9992308	714	99923079	795.8215782	795	82157815	1
818.720356	818	72035600	729.7478134	729	74781335	4
727.5322018	727	53220180	676.6121557	676	61215571	1
664.3014057	664	30140575	637.4749184	637	47491844	3
856.1197453	856	11974526	915.8266574	915	82665745	1
590.6646865	590	66468648	667.2689901	667	26899014	3
663.3065272	663	30652724	619.0382211	619	3822114	5
762.892253	762	89225299	703.2915241	703	29152414	1
731.440068	731	44006802	740.3162223	740	31622232	3
973.5463557	973	54635570	1013.588046	1013	58804637	2
762.8069576	762	80695763	668.0975897	668	9758975	5
824.5960408	824	59604075	805.2557701	805	25577005	1
561.66633	561	66632999	538.1327874	538	13278741	1
550.7199875	550	71998753	476.1660518	476	16605182	4
892.0966535	892	9665350	923.2823912	923	28239122	3
712.5675402	712	56754018	798.1462637	798	14626373	1
809.9739039	809	97390391	822.5643523	822	56435227	3
661.873559	661	87355901	648.7277512	648	72775124	2
871.3585205	871	35852050	858.4416885	858	44168849	2
826.7065888	826	70658878	831.9781636	831	97816361	3
745.368939	745	36893904	671.7261406	671	72614056	4
514.7253374	514	72533744	502.9806131	502	98061311	2
741.169781	741	16978101	705.9329078	705	93290780	3
506.7078373	506	70783732	557.6027546	557	60275456	4
589.7111867	589	71118672	586.487188	586	48718805	4
703.9198787	703	91987870	773.03046	773	3045996	1
509.2857781	509	28577810	588.5550862	588	55508623	2
530.5468806	530	54688056	430.3764287	430	37642871	3
763.0163226	763	1632258	828.9896789	828	98967893	4
990.8507276	990	85072764	1014.73404	1014	73403972	3
526.053846	526	5384605	520.3655973	520	36559730	2
723.5407169	723	54071690	768.3364204	768	33642039	5
807.0962472	807	9624716	792.0070164	792	701638	1
753.5860479	753	58604786	746.5029163	746	50291631	4
887.3672862	887	36728617	804.3365021	804	33650213	2
910.2159924	910	21599242	1004.833674	1004	83367383	2
589.7758979	589	77589786	508.7719065	508	77190645	1
549.6738134	549	67381342	472.8998866	472	89988656	4
671.6334089	671	63340893	606.6503613	606	65036127	4
566.7411294	566	74112940	544.6132921	544	61329207	1
521.7453326	521	74533264	585.4879329	585	48793293	5
934.4403666	934	44036657	875.747951	875	74795101	5
890.3371702	890	33717015	950.3942254	950	39422542	1
829.4116626	829	41166263	920.6207203	920	62072033	2
730.6855176	730	68551762	648.4391661	648	43916613	5
527.4338237	527	43382365	467.2017799	467	20177994	4
540.5043663	540	50436633	566.7669841	566	76698406	4
539.6594215	539	65942153	570.0035184	570	351841	2
688.3073827	688	30738266	715.9295312	715	92953118	2
911.3880503	911	38805035	824.7338358	824	73383585	5
611.8911738	611	89117383	697.981682	697	98168201	2
679.2014852	679	20148522	683.6556717	683	65567174	1
671.1133878	671	11338780	672.2396123	672	23961227	3
853.0609549	853	6095485	802.4397531	802	43975312	4
685.4344861	685	43448606	639.2584263	639	25842630	4
760.349738	760	34973804	858.2519636	858	25196362	1
555.5059971	555	50599707	624.4702131	624	47021307	1
942.2454277	942	24542769	874.3386758	874	33867584	1
790.4217821	790	42178213	838.6283923	838	62839232	1
818.5223196	818	52231965	852.9850553	852	98505530	5
931.6213188	931	62131885	937.5978789	937	59787886	5
562.0007917	562	79170	503.5191529	503	51915293	4
540.0630365	540	6303655	468.846639	468	84663899	1
984.717566	984	71756601	1025.604895	1025	60489523	3
561.1120031	561	11200308	546.0220692	546	2206924	2
673.4303227	673	43032273	770.1831411	770	18314112	2
893.458722	893	45872195	928.9637324	928	96373236	1
650.8879009	650	88790094	654.319139	654	31913899	4
722.6292997	722	62929967	641.0830277	641	8302769	5
811.6172944	811	61729440	831.6140936	831	61409363	1
716.1541939	716	15419386	799.4575944	799	45759436	4
990.8997958	990	89979583	1073.570961	1073	57096061	1
991.5828245	991	58282449	1052.362045	1052	36204465	1
852.491364	852	49136401	844.8518198	844	85181977	5
818.3114585	818	31145846	841.7168443	841	71684425	2
967.7935056	967	79350563	996.8012108	996	80121077	2
626.9251877	626	92518767	658.0535997	658	5359972	5
604.3409883	604	34098831	553.0089916	553	899162	2
505.9780907	505	97809068	464.3298925	464	32989248	4
814.7577339	814	75773385	723.9831309	723	98313089	1
761.7290387	761	72903866	723.2679908	723	26799077	3
617.8692645	617	86926452	712.8367378	712	83673779	5
740.4843826	740	48438260	753.1639659	753	16396594	3
932.36759	932	36758998	995.507603	995	50760304	1
716.4553829	716	45538289	660.2764909	660	27649091	5
671.4440322	671	44403218	738.9475555	738	94755553	2
938.2424915	938	24249155	948.7595667	948	75956665	3
771.96138	771	96137996	834.2718673	834	27186729	3
612.6894599	612	68945987	662.8113947	662	81139467	4
974.6642737	974	66427368	931.9131223	931	91312228	5
835.4836996	835	48369961	831.7820859	831	78208589	2
789.8359422	789	83594224	744.4092735	744	40927353	5
535.1902289	535	19022890	484.4322752	484	43227521	3
621.0718997	621	7189969	596.6287249	596	62872489	4
773.5535083	773	55350825	820.5393321	820	53933207	2
843.302232	843	30223199	877.9795077	877	97950774	4
794.0273859	794	2738594	765.811866	765	81186600	5
912.5373937	912	53739372	893.0282277	893	2822774	2
739.7152964	739	71529645	676.82381	676	82381004	3
762.6566856	762	65668561	752.420057	752	42005699	2
969.1546881	969	15468813	869.6423214	869	64232137	3
701.8694903	701	86949032	771.2814044	771	28140440	1
751.081645	751	8164496	674.5161809	674	51618091	4
959.2626761	959	26267614	970.5295293	970	52952932	5
552.3608543	552	36085433	513.6583875	513	65838748	2
815.3931034	815	39310342	861.2330252	861	23302516	3
926.0561818	926	5618178	866.8559034	866	85590339	1
925.8112055	925	81120552	969.2371505	969	23715050	3
919.2592553	919	25925525	964.7671801	964	76718007	4
677.0342725	677	3427246	626.1857959	626	18579588	1
739.0941029	739	9410290	792.7454447	792	74544469	1
679.9882939	679	98829391	585.0351708	585	3517084	2
540.903537	540	90353698	484.547697	484	54769697	2
725.103649	725	10364902	690.9094106	690	90941062	3
857.8810474	857	88104742	876.0679372	876	6793718	4
502.8840834	502	88408339	440.3493512	440	34935119	4
896.5476812	896	54768120	978.3821295	978	38212946	1
794.123539	794	12353897	873.8275038	873	82750383	1
773.8454634	773	84546335	673.1463818	673	14638178	1
755.7623046	755	76230460	786.1935241	786	19352414	1
767.3129762	767	31297617	854.2657894	854	26578942	3
854.8543265	854	85432649	801.9284677	801	92846766	4
543.5982468	543	59824684	580.127961	580	12796097	1
548.5032051	548	50320507	483.2232279	483	22322793	5
975.9262262	975	92622618	997.0823559	997	8235586	2
816.6769186	816	67691862	799.667293	799	66729303	2
637.3306006	637	33060058	656.727899	656	72789897	1
514.4787756	514	47877564	557.4193852	557	41938517	3
975.2143123	975	21431234	989.6955208	989	69552077	4
876.045897	876	4589704	932.551709	932	55170901	3
776.1354613	776	13546125	859.8394421	859	83944215	1
943.894164	943	89416399	907.8630054	907	86300544	3
576.4405509	576	44055088	552.3582767	552	35827672	5
773.2171062	773	21710621	678.3556231	678	35562306	5
648.1568401	648	15684014	673.9176981	673	91769806	2
875.8014052	875	80140521	912.5418275	912	54182750	4
587.1353731	587	13537315	589.1138115	589	11381152	2
820.7381854	820	73818544	835.7736015	835	77360145	2
800.1377743	800	13777426	780.778978	780	77897799	3
752.9197919	752	91979192	849.8809916	849	88099158	2
743.7724579	743	77245790	808.4845606	808	48456063	5
785.7570407	785	75704068	717.5244227	717	52442268	3
677.4332493	677	43324935	580.4413257	580	44132573	3
784.2011584	784	20115841	843.0322576	843	3225761	1
509.8606897	509	86068970	456.9589966	456	95899660	1
533.3142968	533	31429677	505.5092629	505	50926290	1
532.0852418	532	8524180	579.9067721	579	90677209	4
905.9335344	905	93353442	834.3411261	834	34112606	3
573.9629993	573	96299926	524.86193	524	86193003	4
552.4558687	552	45586868	599.0531539	599	5315387	4
906.695839	906	69583902	966.0598135	966	5981350	4
586.2759754	586	27597543	674.1277194	674	12771945	1
906.3101952	906	31019517	950.5067848	950	50678483	2
950.8192494	950	81924939	896.1877745	896	18777447	4
634.304344	634	30434403	707.3509474	707	35094737	2
627.7615849	627	76158487	592.114304	592	11430400	5
511.496168	511	49616801	540.3802308	540	38023080	5
771.6349446	771	63494461	762.6040096	762	60400965	2
641.2403605	641	24036051	699.5336892	699	53368916	3
986.2356439	986	23564387	1079.600915	1079	60091487	5
893.2060052	893	20600517	990.1557187	990	15571866	1
918.9009853	918	90098528	959.8982946	959	89829461	5
675.6549714	675	65497139	631.4639203	631	46392031	4
969.646556	969	64655605	941.0391587	941	3915868	3
937.643255	937	64325501	933.2539177	933	25391768	4
823.336975	823	33697505	905.3816184	905	38161837	5
844.9731248	844	97312479	904.5809862	904	58098617	1
524.3037917	524	30379168	622.8928925	622	89289249	2
642.0751605	642	7516049	638.6803831	638	68038313	4
890.6360626	890	63606257	829.8851275	829	88512746	5
522.2235836	522	22358360	567.7738841	567	77388408	1
885.8476184	885	84761839	795.1649438	795	16494376	3
674.3931032	674	39310325	596.9347134	596	93471344	3
700.1819965	700	18199647	748.2152098	748	21520981	3
915.5739403	915	57394032	934.7223647	934	72236466	3
683.7789565	683	77895647	602.89371	602	89371004	5
980.4962933	980	49629325	1050.249636	1050	24963601	1
948.6591821	948	65918213	913.1543001	913	15430006	4
834.7124909	834	71249089	782.7599994	782	75999941	2
553.4592925	553	45929251	624.111566	624	11156605	1
1000.640214	1000	64021433	912.2074539	912	20745392	2
740.9334934	740	93349344	799.8198129	799	81981290	5
639.2604315	639	26043147	697.2392855	697	23928549	3
651.9504095	651	95040950	657.2394021	657	23940206	1
936.7527428	936	75274283	840.0075874	840	758737	5
520.089939	520	8993902	550.1153962	550	11539617	4
778.2371579	778	23715789	800.3537061	800	35370605	2
947.7740744	947	77407436	931.9129815	931	91298147	2
537.2500472	537	25004715	457.7194058	457	71940581	1
920.4775184	920	47751840	899.8873952	899	88739520	4
933.0097182	933	971823	859.5138963	859	51389634	3
931.9812159	931	98121585	999.4002878	999	40028777	3
583.9036672	583	90366720	502.3108531	502	31085312	1
607.1898531	607	18985314	590.9778167	590	97781665	2
645.6277719	645	62777190	584.9646098	584	96460975	5
519.5469222	519	54692221	535.5647708	535	56477079	4
676.5268282	676	52682819	590.8845983	590	88459832	1
735.1260602	735	12606021	834.0707592	834	7075923	2
543.3758774	543	37587741	506.4576633	506	45766329	3
stocks
75265449.75	46284	75265449	1
