items_number
200
stocks_number
1
digit
14
items
587.0000121	587	1206007824	570.0000145	570	1449798644	2
737.0000159	737	1593014119	755.0000183	755	1834717989	4
921.0000141	921	1409399368	849.0000124	849	1236628969	5
609.0000067	609	667291663	665.0000115	665	1153676951	2
991.0000205	991	2047836654	1036.000013	1036	1340084455	5
995.0000114	995	1142131900	952.0000185	952	1850425091	3
695.0000169	695	1688388317	746.0000119	746	1190504883	1
773.0000145	773	1449421301	799.0000214	799	2137861170	4
658.0000166	658	1656966382	570.0000002	570	15661667	5
689.000017	689	1695908287	744.0000142	744	1422792814	4
648.0000036	648	358705427	690.0000019	690	192046794	1
922.0000072	922	718443768	985.0000054	985	544022517	2
609.0000123	609	1231306490	632.0000205	632	2047022750	3
678.0000016	678	164064448	723.0000176	723	1755350362	5
717.0000108	717	1078432858	729.0000194	729	1940249703	5
747.0000165	747	1652716247	734.0000073	734	727883612	2
896.0000021	896	213068686	942.0000117	942	1172322842	5
957.0000009	957	94701767	1047.000005	1047	512624674	5
721.0000144	721	1438413987	641.0000076	641	759947564	4
535.0000158	535	1584493566	546.0000031	546	310110063	1
684.0000159	684	1592500415	752.0000146	752	1463738760	2
716.0000097	716	967266964	761.0000132	761	1319662036	4
954.0000063	954	627175646	902.0000047	902	466676623	5
877.000015	877	1495098283	790.0000023	790	230573094	5
773.0000013	773	126514396	864.0000159	864	1593111060	5
873.0000015	873	153966855	885.0000165	885	1654538664	3
639.0000084	639	838318769	725.0000097	725	973454305	3
574.0000017	574	172539155	545.0000019	545	185317191	5
806.0000089	806	893598725	717.0000009	717	88667692	1
895.0000003	895	29874470	834.0000129	834	1293891027	2
903.0000075	903	749265488	851.0000065	851	646391235	4
893.000021	893	2099606550	838.0000154	838	1538466335	4
631.0000162	631	1622888589	639.0000098	639	981125368	2
569.0000001	569	11181208	495.0000188	495	1883020204	5
749.0000062	749	619414565	649.0000054	649	544659637	1
622.0000152	622	1523241596	574.0000017	574	173726174	2
563.0000115	563	1153313108	497.0000159	497	1585961646	2
944.0000016	944	160319235	945.0000174	945	1735164519	3
641.0000083	641	825179249	670.0000016	670	164103695	5
968.0000066	968	662795842	914.000016	914	1601623312	4
880.0000186	880	1856227522	835.0000101	835	1010473685	1
789.0000118	789	1183884676	759.0000036	759	356150488	5
890.0000138	890	1381239610	950.0000215	950	2145645828	2
735.0000094	735	940050364	763.0000091	763	910012786	3
714.0000135	714	1347949124	628.0000211	628	2111500850	1
853.0000031	853	312188820	824.0000194	824	1938411882	1
982.0000045	982	445282963	1047.000016	1047	1637896398	5
856.0000156	856	1561017810	916.0000114	916	1136340043	3
810.0000041	810	406890587	720.000003	720	303552907	2
950.0000188	950	1883696950	985.0000025	985	250360313	5
892.00001	892	998027729	812.0000145	812	1446450106	3
994.00002	994	1999391002	1072.000018	1072	1767291666	5
912.000007	912	703480267	892.0000157	892	1570022348	3
591.0000163	591	1625203375	560.0000191	560	1913126728	4
617.0000135	617	1347005637	659.00002	659	1997864759	4
931.0000083	931	829994663	851.0000102	851	1015649759	4
965.0000178	965	1779170230	996.0000142	996	1420181743	1
756.0000004	756	37840758	783.0000082	783	823835415	4
505.00001	505	1002533818	446.000012	446	1200966950	3
516.0000053	516	525285307	509.0000151	509	1508849434	3
650.0000007	650	67715228	667.0000212	667	2117726442	5
908.0000175	908	1751799306	897.0000185	897	1847358184	3
656.0000048	656	477408209	694.000009	694	899832120	2
527.0000169	527	1690603818	451.0000095	451	951368161	2
977.0000176	977	1762980514	943.0000158	943	1582894739	4
905.000011	905	1096822775	893.0000144	893	1444491756	4
896.0000107	896	1066361766	822.0000113	822	1125094334	5
539.0000077	539	768809974	539.0000102	539	1021372736	1
594.0000126	594	1257142010	683.0000103	683	1032172627	1
537.0000189	537	1891541015	592.0000129	592	1289198028	4
753.0000143	753	1431605816	799.0000048	799	475512399	1
720.0000097	720	965885884	663.0000204	663	2042646311	4
572.0000093	572	927942043	647.0000165	647	1645348515	5
889.0000067	889	665361779	894.0000047	894	473674578	2
956.0000191	956	1905936248	1028.000008	1028	805175448	3
532.0000013	532	128407520	571.0000161	571	1609365716	2
742.0000098	742	977550599	769.0000026	769	264602812	5
683.000002	683	203735563	669.000003	669	295588197	4
635.0000169	635	1689425330	584.000006	584	598222111	4
551.0000138	551	1384441187	588.0000057	588	568155718	3
632.0000209	632	2087432513	553.0000055	553	545948509	4
773.0000054	773	539969411	742.0000204	742	2044672216	2
791.0000124	791	1236348541	806.0000019	806	187963736	3
791.0000064	791	643429132	792.0000212	792	2115970857	3
864.0000002	864	17689138	852.0000181	852	1810315295	5
908.0000044	908	435870531	814.0000004	814	38344846	3
721.0000147	721	1473423796	742.0000098	742	984136967	2
574.000018	574	1796859368	644.0000108	644	1083013389	3
910.0000047	910	473711289	893.0000086	893	862180261	1
973.0000033	973	328473966	1035	1035	37620268	1
591.0000017	591	174661028	503.0000044	503	444379175	5
806.0000054	806	541426518	906.0000083	906	832423054	3
626.0000208	626	2080273273	526.0000188	526	1884978452	1
747.0000065	747	652069237	797.0000134	797	1344211294	1
834.0000008	834	84546688	908.0000178	908	1783791214	1
602.000017	602	1695770139	568.0000132	568	1320389542	4
898.0000175	898	1748892012	986.0000064	986	641219402	1
729.0000115	729	1150908454	780.0000076	780	761401899	5
888.0000032	888	317096466	954.0000019	954	194278630	1
992.0000086	992	858550374	1068.000017	1068	1673392028	2
512.0000089	512	894965821	467.0000205	467	2050599926	3
888.0000175	888	1748702282	850.0000067	850	669791028	1
712.0000182	712	1824436258	781.0000157	781	1568554690	2
832.0000182	832	1822907864	762.0000155	762	1548464792	4
776.0000027	776	266580413	793.0000114	793	1143465606	5
667.0000158	667	1582888858	707.0000023	707	226246489	4
610.0000195	610	1951315384	629.0000101	629	1010346860	5
517.0000124	517	1244131013	460.0000141	460	1408068417	4
850.0000179	850	1786624421	927.0000052	927	521834686	3
745.0000149	745	1493257067	813.0000161	813	1608568970	4
568.0000048	568	481088552	649.0000198	649	1976224134	1
729.0000173	729	1726573287	827.0000107	827	1067783194	1
517.0000203	517	2033226478	605.0000151	605	1505757537	2
606.0000172	606	1717437093	551.0000002	551	16704221	5
766.0000022	766	222518771	764.0000104	764	1036270402	5
882.0000205	882	2050915617	857.0000117	857	1168589183	3
513.0000001	513	5823976	464.0000006	464	55049067	3
733.000017	733	1695942567	802.0000202	802	2020407369	3
956.000017	956	1700291337	1051.000001	1051	104118923	5
670.0000048	670	479535266	654.0000092	654	917229327	5
706.0000202	706	2024416534	736.0000206	736	2058027636	4
793.0000187	793	1874952365	699.0000055	699	548498097	5
976.0000102	976	1020961784	960.0000175	960	1749652380	2
832.0000196	832	1957206159	812.000018	812	1795522439	1
539.0000038	539	379537955	545.0000189	545	1892709391	2
555.0000111	555	1105508472	462.0000139	462	1385959945	2
681.0000151	681	1505492650	728.0000097	728	968428333	4
937.0000213	937	2128429967	930.0000039	930	386445144	5
531.0000011	531	108933278	589.0000215	589	2147361843	3
815.0000182	815	1822589116	777.0000116	777	1162706962	5
675.0000084	675	839496694	643.0000206	643	2059837171	3
543.00001	543	1003899099	456.0000205	456	2050478120	2
702.0000142	702	1423807751	676.0000183	676	1832497989	2
887.0000052	887	516449304	824.0000148	824	1480908212	4
621.0000068	621	679323315	715.0000145	715	1451459263	5
979.0000169	979	1690388164	1071.000008	1071	828479946	1
800.000021	800	2099338163	827.0000171	827	1707154700	2
732.0000048	732	483155052	744.0000031	744	314322474	2
996.0000079	996	787035529	930.0000009	930	89064714	1
896.0000174	896	1738478936	899.0000008	899	81505737	4
723.0000198	723	1976412119	653.0000192	653	1922891443	2
811.0000127	811	1268124081	876.0000207	876	2065288848	2
871.0000132	871	1317568575	821.0000115	821	1149288931	1
741.0000186	741	1862154949	658.0000128	658	1281165331	3
917.0000084	917	838077527	977.0000208	977	2081993068	1
636.0000154	636	1540087347	684.0000004	684	38075684	3
869.0000177	869	1765586918	811.000003	811	302270865	5
676.0000084	676	843901503	737.0000214	737	2137042134	5
870.0000109	870	1088546266	886.0000206	886	2058483052	5
570.0000132	570	1318394608	658.0000041	658	406389788	2
846.0000132	846	1323436769	791.0000091	791	906787812	5
822.0000097	822	965479152	918.0000197	918	1969027040	5
864.0000105	864	1045863325	958.0000095	958	954887884	3
568.000002	568	196914905	547.0000051	547	508956543	3
900.0000078	900	775201663	826.0000162	826	1617065830	5
649.0000143	649	1425401280	649.000007	649	700113626	4
623.000013	623	1302423377	609.0000189	609	1894916487	2
580.0000013	580	133210666	653.0000044	653	438010514	4
833.0000141	833	1406347600	876.0000109	876	1086558769	5
654.0000141	654	1411356655	749.0000189	749	1894794681	4
896.0000196	896	1955799782	981.000016	981	1600717475	5
507.000001	507	98360646	418.00001	418	998912291	2
945.0000027	945	267772106	852.000018	852	1797789152	1
844.0000123	844	1232123885	803.0000129	803	1285731816	3
894.0000061	894	614809950	993.0000033	993	332336854	5
812.0000095	812	947095422	863.000011	863	1101764767	2
822.0000078	822	775028402	772.0000211	772	2114211761	4
693.0000057	693	566664465	668.0000204	668	2039491554	4
790.0000143	790	1430250474	752.0000142	752	1416087240	3
564.0000156	564	1562063931	498.0000006	498	55792827	1
835.0000016	835	157659754	864.0000212	864	2120997290	4
513.0000126	513	1259178945	455.0000119	455	1191495035	4
875.0000068	875	682704365	975.0000212	975	2121081674	2
706.0000148	706	1475228329	785.0000112	785	1122802572	2
754.0000097	754	973850246	663.0000033	663	325176717	1
537.0000152	537	1520781892	546.0000206	546	2055591093	5
842.0000087	842	867832028	819.0000116	819	1160878256	4
869.0000059	869	591953517	771.0000063	771	627447582	3
960.0000022	960	217199747	930.0000205	930	2045149579	1
958.0000196	958	1956378295	1001.000011	1001	1071877659	3
939.0000191	939	1910348125	1029.00001	1029	1033837369	4
806.0000154	806	1540636517	821.000008	821	804453742	5
779.0000077	779	774373799	818.0000089	818	893421050	3
548.0000081	548	808727802	631.0000199	631	1988725252	1
620.0000174	620	1737551422	714.0000131	714	1313410285	3
926.0000155	926	1549575463	991.0000036	991	363003232	4
698.0000009	698	86645435	630.0000054	630	541355230	1
743.0000089	743	892491152	672.0000106	672	1060843123	4
505.0000168	505	1682786129	492.000008	492	801013745	2
530.0000149	530	1492993035	606.0000163	606	1627913998	1
644.0000016	644	156364159	567.0000081	567	808154156	4
647.0000149	647	1491102263	568.0000025	568	254247572	3
537.0000159	537	1591353681	574.0000048	574	479342641	4
835.0000042	835	424136266	916.0000046	916	458459659	4
992.0000058	992	575742501	972.0000154	972	1539979387	3
677.0000006	677	58679983	662.0000081	662	811679494	4
893.0000137	893	1371231688	924.0000156	924	1560224425	3
559.0000135	559	1350770903	539.0000151	539	1506707499	3
616.0000063	616	625344449	626.000007	626	703687399	4
683.0000065	683	653998514	727.0000083	727	828828017	5
stocks
1934.000039	1934	3935201027	1
