items_number
200
stocks_number
1
digit
2
items
576.29	576	29	576.69	576	69	5
850.04	850	4	931.52	931	52	1
722.08	722	8	766.83	766	83	5
592.04	592	4	635.68	635	68	1
583.22	583	22	652.16	652	16	5
860.58	860	58	873.54	873	54	5
720.47	720	47	756.68	756	68	3
964.48	964	48	891.78	891	78	2
527.39	527	39	555.94	555	94	4
713.31	713	31	750.05	750	5	3
797.63	797	63	742.84	742	84	3
720.39	720	39	790.12	790	12	3
647.47	647	47	667.49	667	49	3
926.41	926	41	853.31	853	31	1
607.83	607	83	641.24	641	24	1
865.15	865	15	787.39	787	39	1
976.9	976	90	939.99	939	99	5
712.95	712	95	710.89	710	89	2
508.67	508	67	526.96	526	96	4
797.49	797	49	709.85	709	85	1
558.85	558	85	529.53	529	53	5
996.73	996	73	906.9	906	90	3
901.9	901	90	901.5	901	50	3
760.34	760	34	729.68	729	68	3
506.79	506	79	457.45	457	45	3
500.86	500	86	418.24	418	24	4
713.74	713	74	769.74	769	74	2
912.17	912	17	1008.89	1008	89	1
676.61	676	61	602.83	602	83	1
983.22	983	22	1046.32	1046	32	4
835.88	835	88	808.2	808	20	2
999.42	999	42	1025.52	1025	52	5
578.27	578	27	621.83	621	83	4
556.97	556	97	624.02	624	2	3
590.46	590	46	508.2	508	20	3
908.01	908	1	869.96	869	96	5
916.07	916	7	896.55	896	55	2
557.45	557	45	611.86	611	86	5
617.5	617	50	555.72	555	72	1
690.46	690	46	597.47	597	47	5
770.77	770	77	760.9	760	90	5
915.65	915	65	898.56	898	56	5
910.37	910	37	937.56	937	56	4
917.24	917	24	826.39	826	39	2
840.06	840	6	850.85	850	85	2
763.2	763	20	724.79	724	79	1
528.4	528	40	611.77	611	77	4
815.48	815	48	838.84	838	84	2
722.15	722	15	731.68	731	68	3
536.59	536	59	486.71	486	71	2
859.97	859	97	844.67	844	67	2
780	780	0	860.19	860	19	4
779.32	779	32	739.61	739	61	2
505.87	505	87	590.15	590	15	2
787.87	787	87	887.86	887	86	3
531.63	531	63	542.06	542	6	4
752.25	752	25	805.38	805	38	5
1000.61	1000	61	1055.61	1055	61	4
943.32	943	32	949.94	949	94	1
674.38	674	38	754.21	754	21	5
728.35	728	35	746.9	746	90	4
777.21	777	21	807.13	807	13	2
672.8	672	80	627.71	627	71	2
552.14	552	14	462.71	462	71	4
580.7	580	70	527.14	527	14	1
509.78	509	78	483.88	483	88	4
706.16	706	16	628.68	628	68	3
742.77	742	77	769.66	769	66	2
566.24	566	24	493.74	493	74	5
823.18	823	18	783.4	783	40	5
932.75	932	75	916.13	916	13	3
836.01	836	1	854.64	854	64	4
737.35	737	35	781.94	781	94	4
841.12	841	12	752.68	752	68	1
999.25	999	25	976.01	976	1	5
824.41	824	41	727.79	727	79	3
851.85	851	85	773.45	773	45	2
526.17	526	17	435.77	435	77	3
885.42	885	42	912.61	912	61	4
572	572	0	603.13	603	13	1
810.76	810	76	769.46	769	46	2
743.91	743	91	654.28	654	28	5
598.53	598	53	558.29	558	29	4
835.6	835	60	855.08	855	8	3
995.31	995	31	1042.4	1042	40	1
631.92	631	92	590.15	590	15	1
866.24	866	24	947.13	947	13	3
747.56	747	56	696.75	696	75	5
877.05	877	5	791.73	791	73	2
809.08	809	8	746.06	746	6	3
921.47	921	47	849.95	849	95	2
851.4	851	40	833.61	833	61	2
832.81	832	81	849.16	849	16	1
840.27	840	27	774.64	774	64	3
903.55	903	55	845.33	845	33	1
658.51	658	51	722.27	722	27	3
849.06	849	6	857.53	857	53	1
608.23	608	23	572.01	572	1	5
901.8	901	80	841.92	841	92	4
915.82	915	82	900.25	900	25	5
932.93	932	93	957.38	957	38	5
832.07	832	7	806.03	806	3	1
997.83	997	83	899.89	899	89	1
915.28	915	28	883.3	883	30	5
920.72	920	72	855.68	855	68	3
995.6	995	60	925.89	925	89	5
738.21	738	21	709.07	709	7	2
516.57	516	57	473.13	473	13	4
768.78	768	78	707.65	707	65	5
623.63	623	63	671.67	671	67	5
835.09	835	9	873.23	873	23	4
577.54	577	54	576.11	576	11	3
612.07	612	7	622.92	622	92	2
933.14	933	14	1032.51	1032	51	4
658.15	658	15	727.16	727	16	5
607.38	607	38	563.3	563	30	2
564.58	564	58	471.63	471	63	2
523.91	523	91	522.27	522	27	4
854.46	854	46	859.05	859	5	4
687.63	687	63	759.35	759	35	3
578.51	578	51	564.3	564	30	3
520.93	520	93	504.98	504	98	5
538.04	538	4	491.95	491	95	1
911.33	911	33	964.45	964	45	3
606.21	606	21	624.62	624	62	4
941.11	941	11	937.28	937	28	1
568.36	568	36	584.69	584	69	5
955.79	955	79	1031.13	1031	13	4
796.86	796	86	856.26	856	26	3
969.69	969	69	975.59	975	59	5
615.61	615	61	575.38	575	38	5
974.79	974	79	908.62	908	62	2
547.28	547	28	628.61	628	61	2
858.44	858	44	771.25	771	25	5
888.07	888	7	890.91	890	91	1
967	967	0	1033.27	1033	27	4
599.56	599	56	542.14	542	14	2
873.28	873	28	897.98	897	98	5
729.09	729	9	652.39	652	39	5
867.34	867	34	799.76	799	76	3
742.44	742	44	713.63	713	63	4
563.71	563	71	574.59	574	59	5
690.41	690	41	671.85	671	85	5
854.51	854	51	935.54	935	54	2
996.37	996	37	1005.08	1005	8	4
848.56	848	56	948.98	948	98	1
961.89	961	89	1048.83	1048	83	1
806.96	806	96	773.7	773	70	5
871.99	871	99	870.25	870	25	4
560.35	560	35	502.88	502	88	4
994.59	994	59	932.03	932	3	4
950.5	950	50	985.54	985	54	1
828.81	828	81	854.84	854	84	5
778.63	778	63	720.96	720	96	1
606.83	606	83	594.96	594	96	5
934.02	934	2	1028.46	1028	46	3
718.26	718	26	756.24	756	24	4
921.72	921	72	975.65	975	65	1
635.81	635	81	704.57	704	57	3
760.12	760	12	707.48	707	48	1
636.41	636	41	596.24	596	24	2
997.94	997	94	925.94	925	94	2
733.91	733	91	715.1	715	10	2
683.69	683	69	774.82	774	82	3
601.9	601	90	542.19	542	19	4
868.5	868	50	902.98	902	98	4
896.22	896	22	952.09	952	9	3
700.46	700	46	634.3	634	30	2
987.79	987	79	944.96	944	96	3
624.83	624	83	653.45	653	45	2
566.33	566	33	533.05	533	5	4
728.75	728	75	707.58	707	58	4
687.54	687	54	627.04	627	4	2
502.74	502	74	550.87	550	87	5
581.78	581	78	540.1	540	10	5
929.92	929	92	928.11	928	11	5
850.82	850	82	848.85	848	85	5
789.67	789	67	735.9	735	90	5
982.88	982	88	1048.79	1048	79	1
967.81	967	81	1014.11	1014	11	5
595.54	595	54	583.76	583	76	5
975.47	975	47	1030.79	1030	79	1
662.31	662	31	643.62	643	62	2
669.35	669	35	733.6	733	60	1
752.63	752	63	849.75	849	75	1
768.67	768	67	837.59	837	59	3
850.89	850	89	907.05	907	5	5
716.41	716	41	700.97	700	97	4
936.39	936	39	959.24	959	24	5
985.22	985	22	960.61	960	61	2
723.54	723	54	754.45	754	45	4
571.32	571	32	604.48	604	48	1
727.16	727	16	680.55	680	55	1
702.97	702	97	765.52	765	52	2
754.53	754	53	777.3	777	30	5
828.58	828	58	773.71	773	71	1
569.48	569	48	516.5	516	50	3
649.75	649	75	577.37	577	37	2
527.05	527	5	506.98	506	98	2
802.79	802	79	756.45	756	45	5
stocks
42.42	40725	42	1
