items_number
200
stocks_number
1
digit
6
items
624.046543	624	46543	688.063957	688	63957	5
922.759327	922	759327	978.414071	978	414071	5
594.038887	594	38887	622.050297	622	50297	5
596.209993	596	209993	576.60269	576	602690	3
631.27724	631	277240	573.367053	573	367053	2
840.077761	840	77761	788.340973	788	340973	2
507.822856	507	822856	478.140461	478	140461	1
821.110737	821	110737	918.81084	918	810840	3
830.142893	830	142893	924.434121	924	434121	2
785.743294	785	743294	806.480889	806	480889	1
506.239054	506	239054	418.401145	418	401145	3
517.833211	517	833211	511.872233	511	872233	4
518.583629	518	583629	534.059106	534	59106	4
507.667989	507	667989	429.891804	429	891804	1
991.367403	991	367403	941.444938	941	444938	3
782.562761	782	562761	753.438236	753	438236	1
996.062901	996	62901	1054.219101	1054	219101	5
981.158467	981	158467	1032.727983	1032	727983	3
541.290443	541	290443	526.983689	526	983689	3
595.506488	595	506488	616.556231	616	556231	5
613.831266	613	831266	645.813895	645	813895	5
767.138732	767	138732	760.219595	760	219595	5
917.868977	917	868977	848.652929	848	652929	4
914.390837	914	390837	1000.963001	1000	963001	4
788.90625	788	906250	784.239514	784	239514	4
867.007123	867	7123	856.846261	856	846261	2
763.94955	763	949550	809.13042	809	130420	1
659.393912	659	393912	560.544542	560	544542	5
768.692337	768	692337	855.939416	855	939416	1
666.478494	666	478494	642.077152	642	77152	1
507.14285	507	142850	463.602389	463	602389	4
892.255232	892	255232	943.003373	943	3373	2
587.754173	587	754173	670.005427	670	5427	5
848.69809	848	698090	882.652686	882	652686	5
988.981577	988	981577	1069.120268	1069	120268	2
965.547765	965	547765	1040.37248	1040	372480	3
935.775851	935	775851	967.993658	967	993658	1
742.804433	742	804433	643.774932	643	774932	2
786.658502	786	658502	857.18332	857	183320	5
764.918744	764	918744	740.941983	740	941983	4
526.064079	526	64079	549.255821	549	255821	2
538.413908	538	413908	621.098669	621	98669	2
528.268307	528	268307	598.814217	598	814217	3
792.647709	792	647709	730.82913	730	829130	2
792.598249	792	598249	697.990473	697	990473	4
518.63571	518	635710	588.259155	588	259155	2
573.726822	573	726822	532.78157	532	781570	2
533.66115	533	661150	596.209574	596	209574	3
746.794178	746	794178	767.987137	767	987137	1
862.017266	862	17266	906.765259	906	765259	4
629.68399	629	683990	562.280009	562	280009	5
859.141796	859	141796	761.801032	761	801032	5
875.67235	875	672350	962.984854	962	984854	1
792.552967	792	552967	706.447143	706	447143	5
518.532634	518	532634	556.278238	556	278238	4
662.094952	662	94952	645.738572	645	738572	1
658.56009	658	560090	661.293404	661	293404	1
782.998536	782	998536	765.408657	765	408657	1
567.005217	567	5217	551.797319	551	797319	3
927.768779	927	768779	867.747024	867	747024	3
948.993382	948	993382	958.000013	958	13	3
822.664419	822	664419	812.399708	812	399708	3
818.024011	818	24011	859.264602	859	264602	5
781.747555	781	747555	723.00544	723	5440	5
669.362509	669	362509	744.052394	744	52394	2
806.005588	806	5588	827.899073	827	899073	3
992.29532	992	295320	908.892123	908	892123	2
850.13836	850	138360	856.560257	856	560257	4
794.326373	794	326373	767.674005	767	674005	4
777.470174	777	470174	865.589647	865	589647	2
614.573456	614	573456	696.50224	696	502240	2
820.390453	820	390453	916.929825	916	929825	5
561.400434	561	400434	581.688315	581	688315	5
889.841763	889	841763	891.316457	891	316457	1
611.038162	611	38162	695.27316	695	273160	3
854.515035	854	515035	879.192993	879	192993	4
907.477474	907	477474	878.575611	878	575611	5
932.764984	932	764984	874.05473	874	54730	5
887.176185	887	176185	825.402566	825	402566	3
652.788004	652	788004	694.562748	694	562748	5
539.298602	539	298602	576.334194	576	334194	5
762.860176	762	860176	683.19678	683	196780	4
758.9298	758	929800	802.877984	802	877984	2
914.487305	914	487305	937.319048	937	319048	2
553.929495	553	929495	489.643922	489	643922	3
776.978786	776	978786	707.156223	707	156223	5
822.582257	822	582257	727.571824	727	571824	5
712.005938	712	5938	701.45153	701	451530	1
804.977323	804	977323	819.079084	819	79084	2
890.587474	890	587474	830.369143	830	369143	2
638.774717	638	774717	667.198554	667	198554	5
751.487057	751	487057	826.079097	826	79097	2
711.251894	711	251894	741.768851	741	768851	4
702.315081	702	315081	671.977359	671	977359	4
778.234613	778	234613	694.59874	694	598740	1
626.614403	626	614403	630.335449	630	335449	5
754.837021	754	837021	795.876432	795	876432	1
770.046285	770	46285	702.490863	702	490863	2
723.269116	723	269116	784.895705	784	895705	3
547.163395	547	163395	460.550437	460	550437	1
793.032812	793	32812	863.08051	863	80510	5
583.842572	583	842572	575.91215	575	912150	1
614.0702	614	70200	673.994466	673	994466	2
855.433246	855	433246	845.768824	845	768824	5
972.684336	972	684336	1066.228607	1066	228607	4
972.108362	972	108362	1014.267626	1014	267626	5
955.948282	955	948282	1020.961817	1020	961817	5
878.678162	878	678162	793.318423	793	318423	3
649.389698	649	389698	683.83656	683	836560	1
841.640819	841	640819	894.878587	894	878587	4
777.982518	777	982518	834.395375	834	395375	2
688.204653	688	204653	658.170754	658	170754	5
603.017347	603	17347	678.589571	678	589571	5
781.912318	781	912318	732.27336	732	273360	3
848.691958	848	691958	892.004006	892	4006	4
903.946843	903	946843	964.747697	964	747697	4
556.407457	556	407457	488.429582	488	429582	4
670.790567	670	790567	669.575829	669	575829	3
614.469133	614	469133	563.199227	563	199227	4
861.901132	861	901132	858.02287	858	22870	3
806.894394	806	894394	845.459177	845	459177	4
999.24385	999	243850	1028.911985	1028	911985	4
858.388189	858	388189	829.101966	829	101966	4
763.146288	763	146288	682.742232	682	742232	2
701.558931	701	558931	749.889344	749	889344	4
883.622802	883	622802	820.700705	820	700705	1
635.277043	635	277043	608.077681	608	77681	3
701.912305	701	912305	689.765777	689	765777	2
652.18544	652	185440	622.705772	622	705772	2
858.546159	858	546159	791.487591	791	487591	2
749.0757	749	75700	700.830418	700	830418	2
691.218252	691	218252	781.786281	781	786281	4
941.388732	941	388732	967.399741	967	399741	2
863.1459	863	145900	772.824885	772	824885	4
545.16785	545	167850	524.069311	524	69311	5
912.58942	912	589420	881.142552	881	142552	5
580.770614	580	770614	631.606715	631	606715	5
746.116132	746	116132	690.545332	690	545332	1
536.783934	536	783934	520.460974	520	460974	2
730.676664	730	676664	665.443275	665	443275	5
587.273304	587	273304	634.938123	634	938123	4
559.766452	559	766452	651.856349	651	856349	1
918.397669	918	397669	923.128233	923	128233	1
937.290651	937	290651	958.527695	958	527695	3
840.195122	840	195122	933.129709	933	129709	5
766.605979	766	605979	714.132238	714	132238	4
839.753846	839	753846	770.275392	770	275392	4
896.602579	896	602579	820.073495	820	73495	4
682.396547	682	396547	680.222272	680	222272	3
700.222979	700	222979	631.988823	631	988823	2
502.503711	502	503711	524.610568	524	610568	3
988.290941	988	290941	924.195653	924	195653	1
698.983182	698	983182	708.900808	708	900808	2
861.891901	861	891901	904.712534	904	712534	1
997.953581	997	953581	952.937884	952	937884	4
645.058465	645	58465	602.304357	602	304357	3
990.031055	990	31055	1071.927443	1071	927443	3
631.230624	631	230624	610.529769	610	529769	1
847.97077	847	970770	893.070134	893	70134	4
641.216495	641	216495	541.147421	541	147421	4
990.293136	990	293136	1002.01736	1002	17360	4
842.562822	842	562822	939.414757	939	414757	2
578.951099	578	951099	668.447906	668	447906	4
676.19822	676	198220	764.931304	764	931304	1
951.708722	951	708722	1008.239642	1008	239642	2
871.11895	871	118950	840.517216	840	517216	3
588.78764	588	787640	545.073857	545	73857	2
530.995688	530	995688	537.360561	537	360561	1
616.751434	616	751434	579.576752	579	576752	3
871.571574	871	571574	862.53483	862	534830	1
760.188705	760	188705	802.803836	802	803836	5
703.024738	703	24738	612.029081	612	29081	4
930.854378	930	854378	862.391179	862	391179	1
925.586374	925	586374	1023.932068	1023	932068	3
886.831742	886	831742	867.07098	867	70980	3
769.0495	769	49500	693.035092	693	35092	5
690.708706	690	708706	786.578511	786	578511	1
725.10194	725	101940	687.860575	687	860575	1
911.65208	911	652080	1011.62279	1011	622790	5
618.105253	618	105253	611.314987	611	314987	4
671.32492	671	324920	664.849398	664	849398	5
914.155791	914	155791	885.233359	885	233359	2
605.912546	605	912546	585.510639	585	510639	1
869.824454	869	824454	922.264411	922	264411	3
520.564044	520	564044	433.460097	433	460097	4
848.382479	848	382479	833.448523	833	448523	5
761.882919	761	882919	671.568768	671	568768	5
509.111452	509	111452	553.901744	553	901744	1
979.129455	979	129455	1043.978291	1043	978291	2
854.85369	854	853690	910.638901	910	638901	5
897.327947	897	327947	941.049165	941	49165	2
714.422591	714	422591	640.509856	640	509856	1
695.416512	695	416512	697.567862	697	567862	4
721.279047	721	279047	755.497071	755	497071	5
891.620811	891	620811	804.44116	804	441160	3
892.641587	892	641587	850.321708	850	321708	5
591.914349	591	914349	493.528491	493	528491	5
725.924803	725	924803	645.515016	645	515016	4
922.153627	922	153627	938.682269	938	682269	1
708.665783	708	665783	623.619448	623	619448	2
stocks
400652.4007	52144	400652	1
