items_number
200
stocks_number
1
digit
4
items
632.4309	632	4309	581.4716	581	4716	5
643.6893	643	6893	721.5013	721	5013	3
727.8419	727	8419	678.6087	678	6087	1
1000.2016	1000	2016	1039.3194	1039	3194	5
914.5704	914	5704	853.3926	853	3926	2
539.3514	539	3514	594.7085	594	7085	5
899.6436	899	6436	957.5297	957	5297	3
654.3636	654	3636	754.2881	754	2881	5
799.4138	799	4138	867.2087	867	2087	5
558.7314	558	7314	492.6254	492	6254	2
664.2659	664	2659	680.574	680	5740	5
941.9156	941	9156	996.8182	996	8182	5
717.0567	717	567	788.1624	788	1624	5
817.4987	817	4987	787.7988	787	7988	1
568.662	568	6620	582.8797	582	8797	4
615.6342	615	6342	586.3008	586	3008	4
634.4757	634	4757	702.7058	702	7058	1
680.0795	680	795	760.4292	760	4292	1
826.384	826	3840	752.3889	752	3889	5
975.9938	975	9938	991.8524	991	8524	5
996.1547	996	1547	984.7237	984	7237	3
577.1169	577	1169	485.2277	485	2277	1
867.9919	867	9919	788.9481	788	9481	3
518.0181	518	181	473.3062	473	3062	2
952.5292	952	5292	1050.8469	1050	8469	1
530.4734	530	4734	491.6419	491	6419	5
690.1693	690	1693	632.2588	632	2588	4
725.7636	725	7636	771.8601	771	8601	5
740.1536	740	1536	688.772	688	7720	3
940.7181	940	7181	1015.0673	1015	673	1
810.1625	810	1625	804.5883	804	5883	3
872.5846	872	5846	820.2437	820	2437	4
830.0426	830	426	882.7268	882	7268	4
536.6397	536	6397	582.197	582	1970	3
618.4214	618	4214	705.7212	705	7212	3
743.613	743	6130	784.1194	784	1194	2
822.9911	822	9911	822.9055	822	9055	2
516.065	516	650	510.2509	510	2509	3
897.9767	897	9767	937.4074	937	4074	3
868.4049	868	4049	836.1142	836	1142	3
822.4317	822	4317	800.0345	800	345	1
807.8778	807	8778	713.1397	713	1397	5
808.3206	808	3206	881.0906	881	906	2
538.1236	538	1236	486.355	486	3550	5
870.0117	870	117	846.9384	846	9384	5
622.6178	622	6178	558.1285	558	1285	2
900.7578	900	7578	919.6558	919	6558	1
503.4874	503	4874	446.6442	446	6442	3
548.6974	548	6974	464.5576	464	5576	3
972.777	972	7770	967.2029	967	2029	5
725.1164	725	1164	734.6548	734	6548	4
544.4873	544	4873	498.2814	498	2814	5
549.8939	549	8939	553.4306	553	4306	5
838.1084	838	1084	869.7612	869	7612	3
809.5054	809	5054	768.7457	768	7457	3
500.0584	500	584	451.4357	451	4357	5
868.5818	868	5818	910.4031	910	4031	2
999.6747	999	6747	1000.0045	1000	45	2
972.822	972	8220	1069.454	1069	4540	1
854.3706	854	3706	894.3334	894	3334	1
685.0281	685	281	610.0718	610	718	4
781.6198	781	6198	772.0423	772	423	4
726.9552	726	9552	814.7352	814	7352	1
761.0707	761	707	788.7985	788	7985	4
563.2595	563	2595	650.3974	650	3974	1
590.3767	590	3767	614.6146	614	6146	5
750.319	750	3190	718.0761	718	761	1
631.8858	631	8858	617.3029	617	3029	5
853.0769	853	769	922.8655	922	8655	4
893.9309	893	9309	800.4834	800	4834	5
999.926	999	9260	1053.5752	1053	5752	2
674.1438	674	1438	620.0582	620	582	5
699.8087	699	8087	612.7812	612	7812	4
806.8818	806	8818	782.8239	782	8239	4
960.2674	960	2674	905.4132	905	4132	4
815.4556	815	4556	755.7196	755	7196	1
675.4996	675	4996	688.9523	688	9523	5
605.0252	605	252	619.2272	619	2272	1
819.5782	819	5782	752.5221	752	5221	5
723.197	723	1970	702.51	702	5100	4
577.8023	577	8023	486.43	486	4300	5
790.6946	790	6946	833.3351	833	3351	3
513.3195	513	3195	546.7913	546	7913	1
873.3314	873	3314	836.0188	836	188	1
627.4382	627	4382	550.0963	550	963	5
823.8249	823	8249	915.537	915	5370	3
873.3898	873	3898	837.6126	837	6126	1
741.6552	741	6552	806.6576	806	6576	3
567.1349	567	1349	509.5415	509	5415	1
590.8471	590	8471	500.0666	500	666	3
595.0259	595	259	599.9909	599	9909	3
999.7982	999	7982	967.7714	967	7714	5
617.4669	617	4669	618.267	618	2670	1
567.6163	567	6163	509.8843	509	8843	5
759.8689	759	8689	804.5699	804	5699	5
680.3616	680	3616	667.8226	667	8226	4
657.6282	657	6282	673.4989	673	4989	4
508.8231	508	8231	420.6459	420	6459	5
557.2474	557	2474	581.1255	581	1255	3
509.7052	509	7052	443.5226	443	5226	3
901.754	901	7540	972.2875	972	2875	2
556.8086	556	8086	533.8589	533	8589	4
931.4842	931	4842	912.5808	912	5808	4
846.1979	846	1979	930.0688	930	688	5
608.6904	608	6904	612.6828	612	6828	4
890.7517	890	7517	866.1522	866	1522	4
661.6535	661	6535	735.9465	735	9465	2
529.1901	529	1901	445.7934	445	7934	1
995.4121	995	4121	1035.3793	1035	3793	5
726.8669	726	8669	633.4686	633	4686	1
753.0223	753	223	748.3034	748	3034	4
571.2144	571	2144	570.8092	570	8092	4
515.1968	515	1968	515.8037	515	8037	3
512.3419	512	3419	439.2529	439	2529	1
944.1811	944	1811	1006.9862	1006	9862	2
642.635	642	6350	665.0582	665	582	2
835.802	835	8020	904.948	904	9480	1
562.5709	562	5709	638.5988	638	5988	4
883.9255	883	9255	820.7157	820	7157	1
649.5721	649	5721	559.6477	559	6477	1
652.0532	652	532	739.8236	739	8236	1
724.5866	724	5866	715.8648	715	8648	5
647.3703	647	3703	575.4191	575	4191	2
515.5201	515	5201	452.0906	452	906	4
791.2029	791	2029	824.9073	824	9073	4
907.8745	907	8745	981.1472	981	1472	2
942.5169	942	5169	967.9131	967	9131	4
948.8312	948	8312	1048.5645	1048	5645	5
915.6976	915	6976	951.9512	951	9512	3
1000.3996	1000	3996	1099.1969	1099	1969	3
704.1716	704	1716	637.0871	637	871	4
562.0869	562	869	568.2388	568	2388	4
802.2082	802	2082	727.214	727	2140	1
634.6558	634	6558	598.826	598	8260	2
908.2848	908	2848	848.4657	848	4657	1
656.8987	656	8987	685.055	685	550	2
523.4075	523	4075	563.9781	563	9781	5
568.5736	568	5736	481.4122	481	4122	2
686.724	686	7240	731.8483	731	8483	2
764.4549	764	4549	744.5156	744	5156	4
794.4405	794	4405	865.0391	865	391	3
685.3815	685	3815	775.3099	775	3099	2
582.3045	582	3045	661.4831	661	4831	5
809.6373	809	6373	779.001	779	10	5
697.7234	697	7234	764.5627	764	5627	3
772.4856	772	4856	763.4693	763	4693	1
697.9076	697	9076	740.0591	740	591	4
779.1607	779	1607	814.669	814	6690	3
835.6918	835	6918	801.0681	801	681	4
827.4683	827	4683	907.933	907	9330	4
928.7328	928	7328	924.3167	924	3167	3
733.745	733	7450	685.8916	685	8916	1
550.0549	550	549	521.7978	521	7978	4
574.1032	574	1032	548.894	548	8940	2
996.2652	996	2652	986.1405	986	1405	4
842.2578	842	2578	896.7052	896	7052	4
981.9777	981	9777	1079.1994	1079	1994	3
937.4173	937	4173	1002.2118	1002	2118	4
789.089	789	890	842.2697	842	2697	3
642.3105	642	3105	676.1507	676	1507	5
936.8169	936	8169	999.5668	999	5668	1
739.8958	739	8958	826.5149	826	5149	1
704.3974	704	3974	643.5476	643	5476	1
737.0252	737	252	825.7807	825	7807	2
873.5517	873	5517	773.341	773	3410	4
611.6823	611	6823	540.1715	540	1715	1
894.5591	894	5591	861.9939	861	9939	5
642.5944	642	5944	683.4773	683	4773	4
927.8911	927	8911	1021.7418	1021	7418	2
826.2831	826	2831	737.8422	737	8422	1
907.0493	907	493	978.9929	978	9929	4
967.9668	967	9668	1031.7808	1031	7808	4
510.2998	510	2998	562.1522	562	1522	4
735.3539	735	3539	734.476	734	4760	5
522.6042	522	6042	607.7817	607	7817	4
707.0233	707	233	725.873	725	8730	1
506.8395	506	8395	596.9452	596	9452	5
719.147	719	1470	746.999	746	9990	4
986.8192	986	8192	889.7002	889	7002	5
587.5313	587	5313	493.1715	493	1715	5
545.6153	545	6153	552.932	552	9320	2
659.552	659	5520	608.1752	608	1752	5
567.9116	567	9116	475.0632	475	632	1
596.6702	596	6702	624.888	624	8880	2
734.2904	734	2904	707.2274	707	2274	1
562.1768	562	1768	510.3618	510	3618	1
684.5632	684	5632	665.5932	665	5932	1
961.9033	961	9033	932.4267	932	4267	5
999.5941	999	5941	1062.5735	1062	5735	5
719.2875	719	2875	804.0211	804	211	3
602.2139	602	2139	506.7355	506	7355	1
681.0463	681	463	656.2986	656	2986	5
959.1833	959	1833	980.536	980	5360	1
552.6113	552	6113	646.4413	646	4413	1
664.0715	664	715	577.0793	577	793	3
577.735	577	7350	598.0352	598	352	4
911.9288	911	9288	985.6127	985	6127	1
804.2658	804	2658	784.0732	784	732	4
720.9647	720	9647	631.5124	631	5124	4
837.4551	837	4551	904.3546	904	3546	3
stocks
643.6893	643	6893	1
