items_number
200
stocks_number
1
digit
2
items
68.49	68	49	78.49	78	49	5
85.09	85	9	95.09	95	9	5
96.09	96	9	106.09	106	9	2
98.81	98	81	108.81	108	81	4
100.02	100	2	110.02	110	2	5
93.68	93	68	103.68	103	68	5
95.88	95	88	105.88	105	88	1
94.51	94	51	104.51	104	51	5
69.28	69	28	79.28	79	28	5
72.96	72	96	82.96	82	96	2
73.33	73	33	83.33	83	33	5
68.46	68	46	78.46	78	46	2
57.15	57	15	67.15	67	15	5
90.99	90	99	100.99	100	99	5
58.61	58	61	68.61	68	61	4
85.86	85	86	95.86	95	86	3
50.34	50	34	60.34	60	34	4
99.03	99	3	109.03	109	3	2
53.3	53	30	63.3	63	30	2
100.62	100	62	110.62	110	62	1
53.36	53	36	63.36	63	36	1
53.04	53	4	63.04	63	4	3
80.36	80	36	90.36	90	36	2
99.52	99	52	109.52	109	52	3
72.86	72	86	82.86	82	86	5
99.12	99	12	109.12	109	12	2
77.46	77	46	87.46	87	46	1
95.53	95	53	105.53	105	53	1
77.92	77	92	87.92	87	92	5
52.11	52	11	62.11	62	11	4
75.43	75	43	85.43	85	43	5
70.42	70	42	80.42	80	42	4
87.72	87	72	97.72	97	72	1
95.52	95	52	105.52	105	52	4
92.23	92	23	102.23	102	23	5
60.75	60	75	70.75	70	75	2
87.72	87	72	97.72	97	72	3
86.64	86	64	96.64	96	64	5
78.26	78	26	88.26	88	26	3
55	55	0	65	65	0	2
83.12	83	12	93.12	93	12	3
51.59	51	59	61.59	61	59	2
74.46	74	46	84.46	84	46	1
90.27	90	27	100.27	100	27	5
65.59	65	59	75.59	75	59	4
56.59	56	59	66.59	66	59	4
99.66	99	66	109.66	109	66	2
66.45	66	45	76.45	76	45	2
54.14	54	14	64.14	64	14	2
76.96	76	96	86.96	86	96	4
90.59	90	59	100.59	100	59	4
82.51	82	51	92.51	92	51	4
54.52	54	52	64.52	64	52	1
69.96	69	96	79.96	79	96	5
55.03	55	3	65.03	65	3	2
76.38	76	38	86.38	86	38	3
67.6	67	60	77.6	77	60	2
56.5	56	50	66.5	66	50	4
70.92	70	92	80.92	80	92	3
95.52	95	52	105.52	105	52	1
58.13	58	13	68.13	68	13	3
69.87	69	87	79.87	79	87	4
64.46	64	46	74.46	74	46	1
69.85	69	85	79.85	79	85	5
88.92	88	92	98.92	98	92	2
80.22	80	22	90.22	90	22	2
53.12	53	12	63.12	63	12	1
74.64	74	64	84.64	84	64	4
66.38	66	38	76.38	76	38	1
82.39	82	39	92.39	92	39	5
80.17	80	17	90.17	90	17	3
73.5	73	50	83.5	83	50	1
57.5	57	50	67.5	67	50	2
78.15	78	15	88.15	88	15	3
87.78	87	78	97.78	97	78	5
72.61	72	61	82.61	82	61	2
84.75	84	75	94.75	94	75	3
86.96	86	96	96.96	96	96	1
62.58	62	58	72.58	72	58	3
62.89	62	89	72.89	72	89	4
86.92	86	92	96.92	96	92	1
51.7	51	70	61.7	61	70	4
95.4	95	40	105.4	105	40	4
64.44	64	44	74.44	74	44	4
95.66	95	66	105.66	105	66	3
74.44	74	44	84.44	84	44	2
64.35	64	35	74.35	74	35	1
62.78	62	78	72.78	72	78	1
80.46	80	46	90.46	90	46	1
59.79	59	79	69.79	69	79	3
81.3	81	30	91.3	91	30	3
63.59	63	59	73.59	73	59	5
52.66	52	66	62.66	62	66	1
69.29	69	29	79.29	79	29	1
82.44	82	44	92.44	92	44	4
91.1	91	10	101.1	101	10	3
99.51	99	51	109.51	109	51	2
60.09	60	9	70.09	70	9	1
64.27	64	27	74.27	74	27	3
89.89	89	89	99.89	99	89	5
66.48	66	48	76.48	76	48	5
94.44	94	44	104.44	104	44	5
61.91	61	91	71.91	71	91	5
73.5	73	50	83.5	83	50	3
96.59	96	59	106.59	106	59	4
99.69	99	69	109.69	109	69	4
69.64	69	64	79.64	79	64	4
79.86	79	86	89.86	89	86	1
58.17	58	17	68.17	68	17	4
56.22	56	22	66.22	66	22	4
92.28	92	28	102.28	102	28	1
68.61	68	61	78.61	78	61	2
57.92	57	92	67.92	67	92	2
60.68	60	68	70.68	70	68	5
83.06	83	6	93.06	93	6	5
52.1	52	10	62.1	62	10	1
84.64	84	64	94.64	94	64	1
97.93	97	93	107.93	107	93	5
89.88	89	88	99.88	99	88	4
63.62	63	62	73.62	73	62	3
80.72	80	72	90.72	90	72	2
94.71	94	71	104.71	104	71	3
76.21	76	21	86.21	86	21	2
83.9	83	90	93.9	93	90	4
62.52	62	52	72.52	72	52	3
83.18	83	18	93.18	93	18	2
73.01	73	1	83.01	83	1	3
85.03	85	3	95.03	95	3	2
67.27	67	27	77.27	77	27	2
87.28	87	28	97.28	97	28	1
74.44	74	44	84.44	84	44	1
83.27	83	27	93.27	93	27	4
55.72	55	72	65.72	65	72	2
85.35	85	35	95.35	95	35	5
80.29	80	29	90.29	90	29	3
50.83	50	83	60.83	60	83	1
83.57	83	57	93.57	93	57	5
99.93	99	93	109.93	109	93	4
54.22	54	22	64.22	64	22	1
65.74	65	74	75.74	75	74	5
54.16	54	16	64.16	64	16	2
70.5	70	50	80.5	80	50	4
84.36	84	36	94.36	94	36	1
87.6	87	60	97.6	97	60	5
54.7	54	70	64.7	64	70	3
66.94	66	94	76.94	76	94	5
63.71	63	71	73.71	73	71	2
88.87	88	87	98.87	98	87	5
87.39	87	39	97.39	97	39	4
76.11	76	11	86.11	86	11	2
75.49	75	49	85.49	85	49	3
67.11	67	11	77.11	77	11	2
69.82	69	82	79.82	79	82	5
76.23	76	23	86.23	86	23	4
100.01	100	1	110.01	110	1	1
81.86	81	86	91.86	91	86	4
58.93	58	93	68.93	68	93	1
97.02	97	2	107.02	107	2	3
65.89	65	89	75.89	75	89	2
100.2	100	20	110.2	110	20	4
57.82	57	82	67.82	67	82	5
89.85	89	85	99.85	99	85	2
82.99	82	99	92.99	92	99	4
62.54	62	54	72.54	72	54	4
99.21	99	21	109.21	109	21	3
61.28	61	28	71.28	71	28	2
88.9	88	90	98.9	98	90	1
55.3	55	30	65.3	65	30	2
84.74	84	74	94.74	94	74	5
66.12	66	12	76.12	76	12	3
71.56	71	56	81.56	81	56	2
89.9	89	90	99.9	99	90	3
86.14	86	14	96.14	96	14	1
54.44	54	44	64.44	64	44	2
100.02	100	2	110.02	110	2	2
90.84	90	84	100.84	100	84	3
95.38	95	38	105.38	105	38	2
62.73	62	73	72.73	72	73	5
51.71	51	71	61.71	61	71	5
55.77	55	77	65.77	65	77	2
88.37	88	37	98.37	98	37	2
50.21	50	21	60.21	60	21	2
72.4	72	40	82.4	82	40	4
56.71	56	71	66.71	66	71	3
76.96	76	96	86.96	86	96	2
96.42	96	42	106.42	106	42	4
61.58	61	58	71.58	71	58	3
58.89	58	89	68.89	68	89	2
66.96	66	96	76.96	76	96	3
50.47	50	47	60.47	60	47	5
57.61	57	61	67.61	67	61	3
74.79	74	79	84.79	84	79	5
64.85	64	85	74.85	74	85	1
89.6	89	60	99.6	99	60	1
60.85	60	85	70.85	70	85	5
62.58	62	58	72.58	72	58	1
74.4	74	40	84.4	84	40	2
98.75	98	75	108.75	108	75	5
67.88	67	88	77.88	77	88	2
58.14	58	14	68.14	68	14	3
stocks
360.01	360	1	1
