items_number
200
stocks_number
1
digit
2
items
6948.65	6948	65	6958.65	6958	65	4
8141.65	8141	65	8151.65	8151	65	2
9360.84	9360	84	9370.84	9370	84	2
6287.44	6287	44	6297.44	6297	44	3
6220.96	6220	96	6230.96	6230	96	4
5762.7	5762	70	5772.7	5772	70	3
7865.35	7865	35	7875.35	7875	35	4
8417.45	8417	45	8427.45	8427	45	3
7156.5	7156	50	7166.5	7166	50	2
9060.68	9060	68	9070.68	9070	68	1
5889.52	5889	52	5899.52	5899	52	4
8904.45	8904	45	8914.45	8914	45	2
8399.71	8399	71	8409.71	8409	71	5
6940.15	6940	15	6950.15	6950	15	5
5527.17	5527	17	5537.17	5537	17	1
7816.58	7816	58	7826.58	7826	58	3
7618.34	7618	34	7628.34	7628	34	1
6904.43	6904	43	6914.43	6914	43	2
9787.65	9787	65	9797.65	9797	65	2
9009.11	9009	11	9019.11	9019	11	2
7735.24	7735	24	7745.24	7745	24	2
5435.42	5435	42	5445.42	5445	42	3
8505.59	8505	59	8515.59	8515	59	2
6312.6	6312	60	6322.6	6322	60	4
6357.12	6357	12	6367.12	6367	12	5
9979	9979	0	9989	9989	0	4
6460.78	6460	78	6470.78	6470	78	1
7827.89	7827	89	7837.89	7837	89	3
5900.77	5900	77	5910.77	5910	77	4
5162.65	5162	65	5172.65	5172	65	2
5400.04	5400	4	5410.04	5410	4	5
8611.42	8611	42	8621.42	8621	42	2
9066.3	9066	30	9076.3	9076	30	4
5522.41	5522	41	5532.41	5532	41	1
5661.86	5661	86	5671.86	5671	86	1
6049.78	6049	78	6059.78	6059	78	2
6285.11	6285	11	6295.11	6295	11	1
8526.73	8526	73	8536.73	8536	73	2
9466.75	9466	75	9476.75	9476	75	4
9204.13	9204	13	9214.13	9214	13	4
7586.41	7586	41	7596.41	7596	41	2
5354.28	5354	28	5364.28	5364	28	5
8108.1	8108	10	8118.1	8118	10	1
5984.12	5984	12	5994.12	5994	12	3
8057.95	8057	95	8067.95	8067	95	4
9398.27	9398	27	9408.27	9408	27	3
9563.71	9563	71	9573.71	9573	71	1
6437.81	6437	81	6447.81	6447	81	4
6301.7	6301	70	6311.7	6311	70	1
5111.88	5111	88	5121.88	5121	88	2
5445.44	5445	44	5455.44	5455	44	1
9799.94	9799	94	9809.94	9809	94	3
6310.3	6310	30	6320.3	6320	30	1
8950.55	8950	55	8960.55	8960	55	2
6874.07	6874	7	6884.07	6884	7	1
8430.43	8430	43	8440.43	8440	43	5
8928.55	8928	55	8938.55	8938	55	2
8334.85	8334	85	8344.85	8344	85	3
7020.32	7020	32	7030.32	7030	32	5
5591.32	5591	32	5601.32	5601	32	5
9259.5	9259	50	9269.5	9269	50	5
7420.88	7420	88	7430.88	7430	88	4
9202.26	9202	26	9212.26	9212	26	3
8324.32	8324	32	8334.32	8334	32	3
7943.81	7943	81	7953.81	7953	81	1
9863.65	9863	65	9873.65	9873	65	1
9373.1	9373	10	9383.1	9383	10	1
9991.92	9991	92	10001.92	10001	92	1
9152.38	9152	38	9162.38	9162	38	4
9601.86	9601	86	9611.86	9611	86	5
9194.58	9194	58	9204.58	9204	58	2
7500.8	7500	80	7510.8	7510	80	2
9956.66	9956	66	9966.66	9966	66	4
8064.68	8064	68	8074.68	8074	68	2
9247.44	9247	44	9257.44	9257	44	4
8775.13	8775	13	8785.13	8785	13	4
7461.48	7461	48	7471.48	7471	48	1
9573.15	9573	15	9583.15	9583	15	4
5212.94	5212	94	5222.94	5222	94	2
9525.18	9525	18	9535.18	9535	18	1
9684.56	9684	56	9694.56	9694	56	2
5657.39	5657	39	5667.39	5667	39	4
9324.65	9324	65	9334.65	9334	65	5
6756.86	6756	86	6766.86	6766	86	2
5370.94	5370	94	5380.94	5380	94	1
6197.72	6197	72	6207.72	6207	72	2
5186.29	5186	29	5196.29	5196	29	2
5060.02	5060	2	5070.02	5070	2	4
5293.09	5293	9	5303.09	5303	9	5
7206.13	7206	13	7216.13	7216	13	1
5651.34	5651	34	5661.34	5661	34	1
9552.6	9552	60	9562.6	9562	60	1
5388.02	5388	2	5398.02	5398	2	1
5616.13	5616	13	5626.13	5626	13	5
7875.92	7875	92	7885.92	7885	92	3
8331.83	8331	83	8341.83	8341	83	1
6241.78	6241	78	6251.78	6251	78	5
8011.55	8011	55	8021.55	8021	55	3
8321.28	8321	28	8331.28	8331	28	2
6155.68	6155	68	6165.68	6165	68	3
7611.93	7611	93	7621.93	7621	93	4
8278.38	8278	38	8288.38	8288	38	5
8655	8655	0	8665	8665	0	4
8329.11	8329	11	8339.11	8339	11	4
6341.06	6341	6	6351.06	6351	6	3
7902.45	7902	45	7912.45	7912	45	3
7104.24	7104	24	7114.24	7114	24	2
8803.54	8803	54	8813.54	8813	54	3
7474.12	7474	12	7484.12	7484	12	3
8079.18	8079	18	8089.18	8089	18	1
9090.25	9090	25	9100.25	9100	25	5
7920.68	7920	68	7930.68	7930	68	5
8736.09	8736	9	8746.09	8746	9	4
8413.42	8413	42	8423.42	8423	42	2
9677.55	9677	55	9687.55	9687	55	1
9869.04	9869	4	9879.04	9879	4	1
5372.66	5372	66	5382.66	5382	66	3
5625.36	5625	36	5635.36	5635	36	4
9930.06	9930	6	9940.06	9940	6	5
5665.75	5665	75	5675.75	5675	75	4
7831.02	7831	2	7841.02	7841	2	1
6343.92	6343	92	6353.92	6353	92	2
5979.35	5979	35	5989.35	5989	35	4
8219.04	8219	4	8229.04	8229	4	1
6959.05	6959	5	6969.05	6969	5	1
9618.8	9618	80	9628.8	9628	80	3
7313.39	7313	39	7323.39	7323	39	2
8964.35	8964	35	8974.35	8974	35	3
7628.87	7628	87	7638.87	7638	87	1
6396.19	6396	19	6406.19	6406	19	5
5118.56	5118	56	5128.56	5128	56	5
6001.8	6001	80	6011.8	6011	80	1
9674.57	9674	57	9684.57	9684	57	4
8774.56	8774	56	8784.56	8784	56	1
5093.91	5093	91	5103.91	5103	91	5
6778.16	6778	16	6788.16	6788	16	1
7438.01	7438	1	7448.01	7448	1	5
7960.67	7960	67	7970.67	7970	67	3
5580.7	5580	70	5590.7	5590	70	5
5674.14	5674	14	5684.14	5684	14	4
6038.37	6038	37	6048.37	6048	37	3
5432.47	5432	47	5442.47	5442	47	4
8594.34	8594	34	8604.34	8604	34	3
5536.47	5536	47	5546.47	5546	47	2
8846.89	8846	89	8856.89	8856	89	2
9033.89	9033	89	9043.89	9043	89	1
5405.03	5405	3	5415.03	5415	3	2
9981.55	9981	55	9991.55	9991	55	5
9658.78	9658	78	9668.78	9668	78	1
6097.09	6097	9	6107.09	6107	9	3
6409.31	6409	31	6419.31	6419	31	3
8251.8	8251	80	8261.8	8261	80	2
7440.53	7440	53	7450.53	7450	53	1
7388.18	7388	18	7398.18	7398	18	2
6470.36	6470	36	6480.36	6480	36	2
5162.11	5162	11	5172.11	5172	11	2
7005.5	7005	50	7015.5	7015	50	4
9546.27	9546	27	9556.27	9556	27	5
9126.98	9126	98	9136.98	9136	98	4
5395.37	5395	37	5405.37	5405	37	1
5941.99	5941	99	5951.99	5951	99	4
9244.54	9244	54	9254.54	9254	54	5
7160.69	7160	69	7170.69	7170	69	4
6378.56	6378	56	6388.56	6388	56	4
8780.63	8780	63	8790.63	8790	63	2
8016.12	8016	12	8026.12	8026	12	5
8156.24	8156	24	8166.24	8166	24	1
6980.64	6980	64	6990.64	6990	64	1
5975.79	5975	79	5985.79	5985	79	2
9499.95	9499	95	9509.95	9509	95	5
7654.3	7654	30	7664.3	7664	30	5
7776.17	7776	17	7786.17	7786	17	5
9931.94	9931	94	9941.94	9941	94	1
7011.65	7011	65	7021.65	7021	65	4
9075.64	9075	64	9085.64	9085	64	3
9539.84	9539	84	9549.84	9549	84	2
6806.06	6806	6	6816.06	6816	6	1
5242.67	5242	67	5252.67	5252	67	1
9520.91	9520	91	9530.91	9530	91	1
6464.36	6464	36	6474.36	6474	36	2
6339.28	6339	28	6349.28	6349	28	1
6691.22	6691	22	6701.22	6701	22	1
5477.68	5477	68	5487.68	5487	68	5
8780.33	8780	33	8790.33	8790	33	1
9079.41	9079	41	9089.41	9089	41	4
6947.56	6947	56	6957.56	6957	56	3
8942.44	8942	44	8952.44	8952	44	4
6847.43	6847	43	6857.43	6857	43	4
7255.84	7255	84	7265.84	7265	84	3
8830.43	8830	43	8840.43	8840	43	2
8005.81	8005	81	8015.81	8015	81	5
8960.83	8960	83	8970.83	8970	83	3
8836.49	8836	49	8846.49	8846	49	4
5164.5	5164	50	5174.5	5174	50	5
5337.91	5337	91	5347.91	5347	91	4
7616.12	7616	12	7626.12	7626	12	5
8943.63	8943	63	8953.63	8953	63	4
8493.68	8493	68	8503.68	8503	68	4
5358.29	5358	29	5368.29	5368	29	3
9918.94	9918	94	9928.94	9928	94	2
stocks
5372.66	5372	66	1
