items_number
200
stocks_number
1
digit
2
items
84869.04	84869	4	84879.04	84879	4	3
53633.37	53633	37	53643.37	53643	37	5
74830.72	74830	72	74840.72	74840	72	1
92159.99	92159	99	92169.99	92169	99	2
56923.19	56923	19	56933.19	56933	19	1
74967.71	74967	71	74977.71	74977	71	5
54500.39	54500	39	54510.39	54510	39	1
92145.06	92145	6	92155.06	92155	6	1
68328.11	68328	11	68338.11	68338	11	1
71290.44	71290	44	71300.44	71300	44	3
65952.06	65952	6	65962.06	65962	6	4
89579.84	89579	84	89589.84	89589	84	1
96092	96092	0	96102	96102	0	2
73000.05	73000	5	73010.05	73010	5	3
87758.14	87758	14	87768.14	87768	14	4
57314.51	57314	51	57324.51	57324	51	4
86386.95	86386	95	86396.95	86396	95	1
73918.81	73918	81	73928.81	73928	81	3
89981.31	89981	31	89991.31	89991	31	4
90794.32	90794	32	90804.32	90804	32	3
95606.9	95606	90	95616.9	95616	90	1
52844.35	52844	35	52854.35	52854	35	5
57191.1	57191	10	57201.1	57201	10	2
85770.32	85770	32	85780.32	85780	32	4
58013.63	58013	63	58023.63	58023	63	5
53310.12	53310	12	53320.12	53320	12	5
87475.18	87475	18	87485.18	87485	18	3
85199.38	85199	38	85209.38	85209	38	3
96375.71	96375	71	96385.71	96385	71	1
60126.49	60126	49	60136.49	60136	49	1
60113.98	60113	98	60123.98	60123	98	4
81243.75	81243	75	81253.75	81253	75	3
73061.87	73061	87	73071.87	73071	87	2
94244.22	94244	22	94254.22	94254	22	4
82703.27	82703	27	82713.27	82713	27	1
89285.06	89285	6	89295.06	89295	6	2
78511.93	78511	93	78521.93	78521	93	3
87203.66	87203	66	87213.66	87213	66	3
81429.65	81429	65	81439.65	81439	65	5
96840.56	96840	56	96850.56	96850	56	5
58492.11	58492	11	58502.11	58502	11	5
97382.23	97382	23	97392.23	97392	23	5
86418.4	86418	40	86428.4	86428	40	2
54584.63	54584	63	54594.63	54594	63	4
70381.29	70381	29	70391.29	70391	29	4
83476.06	83476	6	83486.06	83486	6	5
71199.14	71199	14	71209.14	71209	14	4
66067.24	66067	24	66077.24	66077	24	1
57393.4	57393	40	57403.4	57403	40	5
61179.97	61179	97	61189.97	61189	97	4
66161.56	66161	56	66171.56	66171	56	4
62300.3	62300	30	62310.3	62310	30	5
73324.85	73324	85	73334.85	73334	85	3
73352.18	73352	18	73362.18	73362	18	2
98070.62	98070	62	98080.62	98080	62	3
90638.48	90638	48	90648.48	90648	48	3
76663.82	76663	82	76673.82	76673	82	3
94845.32	94845	32	94855.32	94855	32	2
75836.86	75836	86	75846.86	75846	86	2
73037.53	73037	53	73047.53	73047	53	3
64271.34	64271	34	64281.34	64281	34	3
95251.36	95251	36	95261.36	95261	36	5
63581.29	63581	29	63591.29	63591	29	3
96633.21	96633	21	96643.21	96643	21	4
98795.58	98795	58	98805.58	98805	58	5
96284.56	96284	56	96294.56	96294	56	5
85917.79	85917	79	85927.79	85927	79	3
77306.04	77306	4	77316.04	77316	4	4
83486.22	83486	22	83496.22	83496	22	3
67346.96	67346	96	67356.96	67356	96	4
83446.12	83446	12	83456.12	83456	12	5
51278.85	51278	85	51288.85	51288	85	2
64727.2	64727	20	64737.2	64737	20	5
79164.05	79164	5	79174.05	79174	5	1
55862	55862	0	55872	55872	0	2
94409.49	94409	49	94419.49	94419	49	3
62639.63	62639	63	62649.63	62649	63	2
86363.15	86363	15	86373.15	86373	15	5
69776.25	69776	25	69786.25	69786	25	3
79333.03	79333	3	79343.03	79343	3	1
56842.12	56842	12	56852.12	56852	12	3
85938.34	85938	34	85948.34	85948	34	3
91633.85	91633	85	91643.85	91643	85	1
80167.49	80167	49	80177.49	80177	49	1
68590.52	68590	52	68600.52	68600	52	4
99003.99	99003	99	99013.99	99013	99	5
70804.97	70804	97	70814.97	70814	97	5
54553.87	54553	87	54563.87	54563	87	4
93847.32	93847	32	93857.32	93857	32	4
55941.36	55941	36	55951.36	55951	36	1
86892.4	86892	40	86902.4	86902	40	1
67419.18	67419	18	67429.18	67429	18	1
51191.72	51191	72	51201.72	51201	72	2
50472.21	50472	21	50482.21	50482	21	5
64051.39	64051	39	64061.39	64061	39	1
99986.83	99986	83	99996.83	99996	83	3
56056.29	56056	29	56066.29	56066	29	5
99969.7	99969	70	99979.7	99979	70	3
77291.39	77291	39	77301.39	77301	39	3
89542.04	89542	4	89552.04	89552	4	2
67314.67	67314	67	67324.67	67324	67	3
70037.51	70037	51	70047.51	70047	51	4
50120.41	50120	41	50130.41	50130	41	5
91342.87	91342	87	91352.87	91352	87	2
99201.08	99201	8	99211.08	99211	8	1
65284.42	65284	42	65294.42	65294	42	2
95051.88	95051	88	95061.88	95061	88	1
61839.72	61839	72	61849.72	61849	72	2
51646.57	51646	57	51656.57	51656	57	3
74127.13	74127	13	74137.13	74137	13	1
91173.75	91173	75	91183.75	91183	75	3
58488.21	58488	21	58498.21	58498	21	1
69365.99	69365	99	69375.99	69375	99	3
92106.61	92106	61	92116.61	92116	61	5
97956.71	97956	71	97966.71	97966	71	3
87956.04	87956	4	87966.04	87966	4	4
50409.6	50409	60	50419.6	50419	60	4
78061.2	78061	20	78071.2	78071	20	4
92509.91	92509	91	92519.91	92519	91	2
94256.44	94256	44	94266.44	94266	44	2
84002.56	84002	56	84012.56	84012	56	1
79400.83	79400	83	79410.83	79410	83	4
61674.62	61674	62	61684.62	61684	62	4
94494.29	94494	29	94504.29	94504	29	4
89173.05	89173	5	89183.05	89183	5	4
85027.53	85027	53	85037.53	85037	53	5
53779.64	53779	64	53789.64	53789	64	1
95229.86	95229	86	95239.86	95239	86	3
84995.24	84995	24	85005.24	85005	24	4
81071.03	81071	3	81081.03	81081	3	5
94071.9	94071	90	94081.9	94081	90	1
61609.91	61609	91	61619.91	61619	91	4
51107.06	51107	6	51117.06	51117	6	5
94192.32	94192	32	94202.32	94202	32	5
62251.3	62251	30	62261.3	62261	30	5
59609.15	59609	15	59619.15	59619	15	5
59475.74	59475	74	59485.74	59485	74	3
66602.18	66602	18	66612.18	66612	18	3
71448.87	71448	87	71458.87	71458	87	3
70422.83	70422	83	70432.83	70432	83	3
90729.83	90729	83	90739.83	90739	83	3
71921.62	71921	62	71931.62	71931	62	5
88211.56	88211	56	88221.56	88221	56	3
69395.83	69395	83	69405.83	69405	83	5
73328.75	73328	75	73338.75	73338	75	4
86167.79	86167	79	86177.79	86177	79	2
57350.39	57350	39	57360.39	57360	39	5
73737.36	73737	36	73747.36	73747	36	5
73528	73528	0	73538	73538	0	5
59159.3	59159	30	59169.3	59169	30	1
77293.32	77293	32	77303.32	77303	32	3
66830.56	66830	56	66840.56	66840	56	5
97861.13	97861	13	97871.13	97871	13	2
98269.95	98269	95	98279.95	98279	95	2
61323.37	61323	37	61333.37	61333	37	3
96334.7	96334	70	96344.7	96344	70	5
83295.48	83295	48	83305.48	83305	48	3
65102.01	65102	1	65112.01	65112	1	5
91563.57	91563	57	91573.57	91573	57	4
68289.72	68289	72	68299.72	68299	72	1
55473.56	55473	56	55483.56	55483	56	1
94934.47	94934	47	94944.47	94944	47	4
89199.15	89199	15	89209.15	89209	15	4
65882.63	65882	63	65892.63	65892	63	2
98426.31	98426	31	98436.31	98436	31	5
51449.45	51449	45	51459.45	51459	45	1
75491.3	75491	30	75501.3	75501	30	1
67201.57	67201	57	67211.57	67211	57	5
68051.63	68051	63	68061.63	68061	63	3
56239.17	56239	17	56249.17	56249	17	3
87623.92	87623	92	87633.92	87633	92	2
68080.47	68080	47	68090.47	68090	47	2
87462.31	87462	31	87472.31	87472	31	5
85135.49	85135	49	85145.49	85145	49	1
87475.82	87475	82	87485.82	87485	82	3
60789.59	60789	59	60799.59	60799	59	3
80602.8	80602	80	80612.8	80612	80	2
54125.21	54125	21	54135.21	54135	21	3
84526.95	84526	95	84536.95	84536	95	4
54129.8	54129	80	54139.8	54139	80	3
63285.03	63285	3	63295.03	63295	3	5
71119.79	71119	79	71129.79	71129	79	2
70959.89	70959	89	70969.89	70969	89	4
70446.68	70446	68	70456.68	70456	68	1
69387.74	69387	74	69397.74	69397	74	3
91583.26	91583	26	91593.26	91593	26	3
66779.39	66779	39	66789.39	66789	39	5
52681.75	52681	75	52691.75	52691	75	5
56684.8	56684	80	56694.8	56694	80	4
67642.96	67642	96	67652.96	67652	96	5
80271.99	80271	99	80281.99	80281	99	2
71459.88	71459	88	71469.88	71469	88	1
71877.95	71877	95	71887.95	71887	95	5
69469.15	69469	15	69479.15	69479	15	3
87341.03	87341	3	87351.03	87351	3	2
70302.79	70302	79	70312.79	70312	79	5
70918.6	70918	60	70928.6	70928	60	5
72132.33	72132	33	72142.33	72142	33	2
96805.36	96805	36	96815.36	96815	36	1
98270.76	98270	76	98280.76	98280	76	2
stocks
213730.31	213730	31	1
