items_number
200
stocks_number
1
digit
2
items
55566.97	55566	97	55576.97	55576	97	3
66890.35	66890	35	66900.35	66900	35	3
96381.3	96381	30	96391.3	96391	30	2
81096.52	81096	52	81106.52	81106	52	1
59358.51	59358	51	59368.51	59368	51	1
81197.41	81197	41	81207.41	81207	41	3
52473.99	52473	99	52483.99	52483	99	2
55339.61	55339	61	55349.61	55349	61	5
66855.96	66855	96	66865.96	66865	96	1
89776.63	89776	63	89786.63	89786	63	5
88879.97	88879	97	88889.97	88889	97	1
96589.74	96589	74	96599.74	96599	74	4
59104.5	59104	50	59114.5	59114	50	5
83188.87	83188	87	83198.87	83198	87	5
72194.09	72194	9	72204.09	72204	9	5
90840.89	90840	89	90850.89	90850	89	5
54730.07	54730	7	54740.07	54740	7	5
72288.1	72288	10	72298.1	72298	10	3
77515.29	77515	29	77525.29	77525	29	2
76870.69	76870	69	76880.69	76880	69	5
97744.91	97744	91	97754.91	97754	91	1
78472.96	78472	96	78482.96	78482	96	1
60804.47	60804	47	60814.47	60814	47	2
78114.49	78114	49	78124.49	78124	49	3
71457.18	71457	18	71467.18	71467	18	5
58337.98	58337	98	58347.98	58347	98	3
52153.19	52153	19	52163.19	52163	19	5
51382.69	51382	69	51392.69	51392	69	1
72583.77	72583	77	72593.77	72593	77	3
50460.53	50460	53	50470.53	50470	53	1
83072.77	83072	77	83082.77	83082	77	5
87450.74	87450	74	87460.74	87460	74	1
76651.88	76651	88	76661.88	76661	88	4
88753.07	88753	7	88763.07	88763	7	1
68545.78	68545	78	68555.78	68555	78	3
95310.4	95310	40	95320.4	95320	40	4
69949	69949	0	69959	69959	0	1
80320.3	80320	30	80330.3	80330	30	2
59950.53	59950	53	59960.53	59960	53	5
96106.49	96106	49	96116.49	96116	49	3
79396.93	79396	93	79406.93	79406	93	3
98829.51	98829	51	98839.51	98839	51	2
51994.23	51994	23	52004.23	52004	23	4
97801.43	97801	43	97811.43	97811	43	2
91318.38	91318	38	91328.38	91328	38	3
74188.84	74188	84	74198.84	74198	84	3
97942.84	97942	84	97952.84	97952	84	4
96048.97	96048	97	96058.97	96058	97	3
96477.94	96477	94	96487.94	96487	94	2
75456.65	75456	65	75466.65	75466	65	5
82218.67	82218	67	82228.67	82228	67	2
53520.37	53520	37	53530.37	53530	37	5
53927.62	53927	62	53937.62	53937	62	2
93022.66	93022	66	93032.66	93032	66	5
81634.87	81634	87	81644.87	81644	87	2
84686.32	84686	32	84696.32	84696	32	3
51358.65	51358	65	51368.65	51368	65	4
93088.58	93088	58	93098.58	93098	58	3
86068.54	86068	54	86078.54	86078	54	1
83243.42	83243	42	83253.42	83253	42	2
52849.12	52849	12	52859.12	52859	12	1
78440.31	78440	31	78450.31	78450	31	5
70692.68	70692	68	70702.68	70702	68	4
88801	88801	0	88811	88811	0	4
67192.91	67192	91	67202.91	67202	91	3
98539.46	98539	46	98549.46	98549	46	3
84111.92	84111	92	84121.92	84121	92	4
96443.91	96443	91	96453.91	96453	91	5
88159.28	88159	28	88169.28	88169	28	4
94061.46	94061	46	94071.46	94071	46	5
92548.92	92548	92	92558.92	92558	92	2
67554.21	67554	21	67564.21	67564	21	3
52189.97	52189	97	52199.97	52199	97	3
94542.15	94542	15	94552.15	94552	15	5
65354.16	65354	16	65364.16	65364	16	5
93507.87	93507	87	93517.87	93517	87	5
68729.99	68729	99	68739.99	68739	99	5
63295.53	63295	53	63305.53	63305	53	3
89554.37	89554	37	89564.37	89564	37	4
74506.46	74506	46	74516.46	74516	46	3
98053.18	98053	18	98063.18	98063	18	4
71772.56	71772	56	71782.56	71782	56	3
87327.83	87327	83	87337.83	87337	83	2
61280.32	61280	32	61290.32	61290	32	2
74094.22	74094	22	74104.22	74104	22	2
78261.22	78261	22	78271.22	78271	22	5
95966.65	95966	65	95976.65	95976	65	4
75453.87	75453	87	75463.87	75463	87	1
71349.81	71349	81	71359.81	71359	81	5
91334.19	91334	19	91344.19	91344	19	1
67996.81	67996	81	68006.81	68006	81	4
83499.93	83499	93	83509.93	83509	93	5
69773.5	69773	50	69783.5	69783	50	1
97989.49	97989	49	97999.49	97999	49	4
72299.45	72299	45	72309.45	72309	45	5
96267.41	96267	41	96277.41	96277	41	3
96527.48	96527	48	96537.48	96537	48	3
56409.9	56409	90	56419.9	56419	90	5
92709.85	92709	85	92719.85	92719	85	2
93986.76	93986	76	93996.76	93996	76	4
59770.36	59770	36	59780.36	59780	36	4
94557.77	94557	77	94567.77	94567	77	5
61539.5	61539	50	61549.5	61549	50	1
61960.85	61960	85	61970.85	61970	85	3
89098.45	89098	45	89108.45	89108	45	2
86195.18	86195	18	86205.18	86205	18	5
55466.24	55466	24	55476.24	55476	24	2
67127.96	67127	96	67137.96	67137	96	3
58790.71	58790	71	58800.71	58800	71	4
95021.13	95021	13	95031.13	95031	13	1
91634.94	91634	94	91644.94	91644	94	5
56842.9	56842	90	56852.9	56852	90	2
76093.69	76093	69	76103.69	76103	69	3
78960.78	78960	78	78970.78	78970	78	2
68123.74	68123	74	68133.74	68133	74	5
50186.92	50186	92	50196.92	50196	92	1
57221.52	57221	52	57231.52	57231	52	1
64088.39	64088	39	64098.39	64098	39	1
84940.31	84940	31	84950.31	84950	31	3
87871.85	87871	85	87881.85	87881	85	5
55422.1	55422	10	55432.1	55432	10	1
62236.65	62236	65	62246.65	62246	65	1
80670.3	80670	30	80680.3	80680	30	1
84496.13	84496	13	84506.13	84506	13	1
60225.66	60225	66	60235.66	60235	66	1
52968.28	52968	28	52978.28	52978	28	5
80762.54	80762	54	80772.54	80772	54	5
66052.14	66052	14	66062.14	66062	14	4
68679.18	68679	18	68689.18	68689	18	4
82771.91	82771	91	82781.91	82781	91	3
60038.43	60038	43	60048.43	60048	43	2
78449.06	78449	6	78459.06	78459	6	4
77327.21	77327	21	77337.21	77337	21	5
80878.45	80878	45	80888.45	80888	45	2
90409.91	90409	91	90419.91	90419	91	1
75725.18	75725	18	75735.18	75735	18	1
67072.63	67072	63	67082.63	67082	63	2
55176.67	55176	67	55186.67	55186	67	3
92853.14	92853	14	92863.14	92863	14	3
85164.35	85164	35	85174.35	85174	35	2
59497.81	59497	81	59507.81	59507	81	5
93787.09	93787	9	93797.09	93797	9	2
92006.77	92006	77	92016.77	92016	77	4
85590.02	85590	2	85600.02	85600	2	4
82047.39	82047	39	82057.39	82057	39	5
60128.51	60128	51	60138.51	60138	51	5
95077.94	95077	94	95087.94	95087	94	4
98569.43	98569	43	98579.43	98579	43	3
83518.43	83518	43	83528.43	83528	43	5
89318.78	89318	78	89328.78	89328	78	2
95740.29	95740	29	95750.29	95750	29	2
98241.05	98241	5	98251.05	98251	5	1
51553.43	51553	43	51563.43	51563	43	4
76409.11	76409	11	76419.11	76419	11	5
82736.18	82736	18	82746.18	82746	18	3
71079.09	71079	9	71089.09	71089	9	5
79378.39	79378	39	79388.39	79388	39	4
72799.25	72799	25	72809.25	72809	25	3
96433.76	96433	76	96443.76	96443	76	3
98057.57	98057	57	98067.57	98067	57	5
55569.16	55569	16	55579.16	55579	16	2
65771.71	65771	71	65781.71	65781	71	4
85806.63	85806	63	85816.63	85816	63	3
92198.89	92198	89	92208.89	92208	89	1
96649.16	96649	16	96659.16	96659	16	5
85516.06	85516	6	85526.06	85526	6	1
67922.07	67922	7	67932.07	67932	7	3
73022.31	73022	31	73032.31	73032	31	3
90692.26	90692	26	90702.26	90702	26	5
70075.22	70075	22	70085.22	70085	22	2
58185.18	58185	18	58195.18	58195	18	5
50188.59	50188	59	50198.59	50198	59	4
63861.83	63861	83	63871.83	63871	83	1
50190.95	50190	95	50200.95	50200	95	5
95079.61	95079	61	95089.61	95089	61	4
95909.74	95909	74	95919.74	95919	74	5
69620.99	69620	99	69630.99	69630	99	1
90155.08	90155	8	90165.08	90165	8	2
53777.17	53777	17	53787.17	53787	17	2
62438.94	62438	94	62448.94	62448	94	1
88773.86	88773	86	88783.86	88783	86	5
99518.98	99518	98	99528.98	99528	98	1
60678.99	60678	99	60688.99	60688	99	3
90327.81	90327	81	90337.81	90337	81	4
75926.1	75926	10	75936.1	75936	10	5
93414.18	93414	18	93424.18	93424	18	5
70706.9	70706	90	70716.9	70716	90	5
64604.49	64604	49	64614.49	64614	49	5
75513.43	75513	43	75523.43	75523	43	4
67138.18	67138	18	67148.18	67148	18	2
71961.59	71961	59	71971.59	71971	59	4
90384.11	90384	11	90394.11	90394	11	1
82909.89	82909	89	82919.89	82919	89	2
57767.22	57767	22	57777.22	57777	22	2
82581.01	82581	1	82591.01	82591	1	3
88859.57	88859	57	88869.57	88869	57	3
93283.81	93283	81	93293.81	93293	81	4
59803.08	59803	8	59813.08	59813	8	3
61880.89	61880	89	61890.89	61890	89	1
93275.07	93275	7	93285.07	93285	7	3
stocks
324637.36	324637	36	1
