items_number
200
stocks_number
1
digit
2
items
95.78	95	78	105.78	105	78	4
56.92	56	92	66.92	66	92	2
83.09	83	9	93.09	93	9	5
59.45	59	45	69.45	69	45	2
82.73	82	73	92.73	92	73	5
51.48	51	48	61.48	61	48	3
71.51	71	51	81.51	81	51	5
85.69	85	69	95.69	95	69	2
52.73	52	73	62.73	62	73	3
75.63	75	63	85.63	85	63	1
78.39	78	39	88.39	88	39	3
53.48	53	48	63.48	63	48	5
57.32	57	32	67.32	67	32	5
94.45	94	45	104.45	104	45	4
99.41	99	41	109.41	109	41	1
68.66	68	66	78.66	78	66	1
100.21	100	21	110.21	110	21	1
66.8	66	80	76.8	76	80	1
73.26	73	26	83.26	83	26	5
77.24	77	24	87.24	87	24	3
78.67	78	67	88.67	88	67	3
94.07	94	7	104.07	104	7	2
84.76	84	76	94.76	94	76	2
85.99	85	99	95.99	95	99	2
66.35	66	35	76.35	76	35	5
91.88	91	88	101.88	101	88	1
82.18	82	18	92.18	92	18	5
77.25	77	25	87.25	87	25	4
90.36	90	36	100.36	100	36	4
50.91	50	91	60.91	60	91	2
50.85	50	85	60.85	60	85	3
85.15	85	15	95.15	95	15	2
56.35	56	35	66.35	66	35	4
57.46	57	46	67.46	67	46	5
68.6	68	60	78.6	78	60	5
88.08	88	8	98.08	98	8	3
58.94	58	94	68.94	68	94	2
89.11	89	11	99.11	99	11	5
97.3	97	30	107.3	107	30	1
86.68	86	68	96.68	96	68	4
63.26	63	26	73.26	73	26	2
99.69	99	69	109.69	109	69	3
89.68	89	68	99.68	99	68	3
96.11	96	11	106.11	106	11	3
66.66	66	66	76.66	76	66	3
87.09	87	9	97.09	97	9	3
88.77	88	77	98.77	98	77	3
65.87	65	87	75.87	75	87	4
78.42	78	42	88.42	88	42	5
60.55	60	55	70.55	70	55	4
66.11	66	11	76.11	76	11	1
80.09	80	9	90.09	90	9	3
53.62	53	62	63.62	63	62	3
100.39	100	39	110.39	110	39	5
64.6	64	60	74.6	74	60	4
94.5	94	50	104.5	104	50	2
64.79	64	79	74.79	74	79	5
71.79	71	79	81.79	81	79	1
70.27	70	27	80.27	80	27	2
54.16	54	16	64.16	64	16	1
71.22	71	22	81.22	81	22	2
95.12	95	12	105.12	105	12	5
63.31	63	31	73.31	73	31	4
77.57	77	57	87.57	87	57	2
77.58	77	58	87.58	87	58	4
81.43	81	43	91.43	91	43	1
89.17	89	17	99.17	99	17	5
59.05	59	5	69.05	69	5	2
69.07	69	7	79.07	79	7	2
59.47	59	47	69.47	69	47	2
95.25	95	25	105.25	105	25	5
57.33	57	33	67.33	67	33	3
57.68	57	68	67.68	67	68	5
58.93	58	93	68.93	68	93	4
52.44	52	44	62.44	62	44	5
73.34	73	34	83.34	83	34	4
95.55	95	55	105.55	105	55	3
64.74	64	74	74.74	74	74	4
62.73	62	73	72.73	72	73	2
97.97	97	97	107.97	107	97	3
74.29	74	29	84.29	84	29	2
78.84	78	84	88.84	88	84	5
50.58	50	58	60.58	60	58	5
51.44	51	44	61.44	61	44	4
51.75	51	75	61.75	61	75	4
65.19	65	19	75.19	75	19	5
95.94	95	94	105.94	105	94	2
66.55	66	55	76.55	76	55	5
86.5	86	50	96.5	96	50	2
90.21	90	21	100.21	100	21	4
95.23	95	23	105.23	105	23	5
56.24	56	24	66.24	66	24	4
58.86	58	86	68.86	68	86	3
57.06	57	6	67.06	67	6	1
57.33	57	33	67.33	67	33	2
59.96	59	96	69.96	69	96	3
88.49	88	49	98.49	98	49	1
96.5	96	50	106.5	106	50	1
69.01	69	1	79.01	79	1	4
56.08	56	8	66.08	66	8	2
79.5	79	50	89.5	89	50	5
88.78	88	78	98.78	98	78	5
88.94	88	94	98.94	98	94	1
86.7	86	70	96.7	96	70	4
96.72	96	72	106.72	106	72	5
64.38	64	38	74.38	74	38	5
83.57	83	57	93.57	93	57	2
65.79	65	79	75.79	75	79	2
78.64	78	64	88.64	88	64	5
95.3	95	30	105.3	105	30	1
61.76	61	76	71.76	71	76	1
76.94	76	94	86.94	86	94	3
97.67	97	67	107.67	107	67	5
62.86	62	86	72.86	72	86	2
77.38	77	38	87.38	87	38	2
98.42	98	42	108.42	108	42	5
51.05	51	5	61.05	61	5	2
97.84	97	84	107.84	107	84	5
63.97	63	97	73.97	73	97	4
61.07	61	7	71.07	71	7	5
86.57	86	57	96.57	96	57	3
57.2	57	20	67.2	67	20	1
92.31	92	31	102.31	102	31	3
68.95	68	95	78.95	78	95	2
64.78	64	78	74.78	74	78	1
99.16	99	16	109.16	109	16	5
78.92	78	92	88.92	88	92	1
76.28	76	28	86.28	86	28	3
68.19	68	19	78.19	78	19	2
71.45	71	45	81.45	81	45	4
57.88	57	88	67.88	67	88	1
97.21	97	21	107.21	107	21	1
58.24	58	24	68.24	68	24	5
95.82	95	82	105.82	105	82	1
56.91	56	91	66.91	66	91	1
54.48	54	48	64.48	64	48	4
59.73	59	73	69.73	69	73	2
63	63	0	73	73	0	5
69.27	69	27	79.27	79	27	3
61.37	61	37	71.37	71	37	1
82.31	82	31	92.31	92	31	5
54.55	54	55	64.55	64	55	5
88.31	88	31	98.31	98	31	3
78.98	78	98	88.98	88	98	1
91.41	91	41	101.41	101	41	2
89.21	89	21	99.21	99	21	1
75.92	75	92	85.92	85	92	5
92.99	92	99	102.99	102	99	5
85.57	85	57	95.57	95	57	3
63.42	63	42	73.42	73	42	3
77.06	77	6	87.06	87	6	4
95.67	95	67	105.67	105	67	5
95.14	95	14	105.14	105	14	5
68.9	68	90	78.9	78	90	4
63.62	63	62	73.62	73	62	4
84.93	84	93	94.93	94	93	5
91.06	91	6	101.06	101	6	5
65.06	65	6	75.06	75	6	4
59.73	59	73	69.73	69	73	4
83.77	83	77	93.77	93	77	1
86.52	86	52	96.52	96	52	3
91.61	91	61	101.61	101	61	4
53.98	53	98	63.98	63	98	4
94.76	94	76	104.76	104	76	4
86.44	86	44	96.44	96	44	1
84.42	84	42	94.42	94	42	1
72.76	72	76	82.76	82	76	3
69.17	69	17	79.17	79	17	4
97.42	97	42	107.42	107	42	5
91.03	91	3	101.03	101	3	2
80.54	80	54	90.54	90	54	4
78.25	78	25	88.25	88	25	1
70.58	70	58	80.58	80	58	1
92.38	92	38	102.38	102	38	4
55.75	55	75	65.75	65	75	1
60.51	60	51	70.51	70	51	2
81.11	81	11	91.11	91	11	1
55.68	55	68	65.68	65	68	5
77.5	77	50	87.5	87	50	3
65.69	65	69	75.69	75	69	3
93.1	93	10	103.1	103	10	5
53.09	53	9	63.09	63	9	2
85.36	85	36	95.36	95	36	5
87.24	87	24	97.24	97	24	4
97.99	97	99	107.99	107	99	5
98.5	98	50	108.5	108	50	3
95.69	95	69	105.69	105	69	1
61.57	61	57	71.57	71	57	1
87.57	87	57	97.57	97	57	1
79.42	79	42	89.42	89	42	4
95.87	95	87	105.87	105	87	3
72.09	72	9	82.09	82	9	5
69.04	69	4	79.04	79	4	5
72.85	72	85	82.85	82	85	1
90.37	90	37	100.37	100	37	4
54.48	54	48	64.48	64	48	2
56.79	56	79	66.79	66	79	4
62.13	62	13	72.13	72	13	3
98.65	98	65	108.65	108	65	1
77.22	77	22	87.22	87	22	5
stocks
65.19	65	19	1
