items_number
200
stocks_number
1
digit
2
items
52.19	52	19	62.19	62	19	5
72.3	72	30	82.3	82	30	4
64.87	64	87	74.87	74	87	1
74.26	74	26	84.26	84	26	1
61.99	61	99	71.99	71	99	3
50.64	50	64	60.64	60	64	4
90.28	90	28	100.28	100	28	5
95.57	95	57	105.57	105	57	1
95.38	95	38	105.38	105	38	3
74.3	74	30	84.3	84	30	1
83.52	83	52	93.52	93	52	5
90.71	90	71	100.71	100	71	2
85.72	85	72	95.72	95	72	5
71.4	71	40	81.4	81	40	1
69.83	69	83	79.83	79	83	5
81.73	81	73	91.73	91	73	1
61.07	61	7	71.07	71	7	3
93.35	93	35	103.35	103	35	1
54.13	54	13	64.13	64	13	2
82.88	82	88	92.88	92	88	4
91.45	91	45	101.45	101	45	2
100.24	100	24	110.24	110	24	2
99.94	99	94	109.94	109	94	2
96	96	0	106	106	0	2
61.95	61	95	71.95	71	95	3
84.52	84	52	94.52	94	52	4
94.2	94	20	104.2	104	20	5
72.42	72	42	82.42	82	42	1
77.78	77	78	87.78	87	78	3
51.27	51	27	61.27	61	27	1
82.47	82	47	92.47	92	47	5
54.97	54	97	64.97	64	97	4
74.58	74	58	84.58	84	58	4
70.35	70	35	80.35	80	35	2
52.75	52	75	62.75	62	75	4
85.57	85	57	95.57	95	57	1
71.51	71	51	81.51	81	51	5
92.03	92	3	102.03	102	3	3
53.67	53	67	63.67	63	67	4
65.9	65	90	75.9	75	90	5
91.86	91	86	101.86	101	86	5
86.19	86	19	96.19	96	19	3
79.13	79	13	89.13	89	13	1
75.58	75	58	85.58	85	58	4
82.59	82	59	92.59	92	59	5
99.96	99	96	109.96	109	96	5
80.83	80	83	90.83	90	83	1
93.19	93	19	103.19	103	19	3
65.83	65	83	75.83	75	83	5
58.96	58	96	68.96	68	96	2
74.59	74	59	84.59	84	59	3
55.81	55	81	65.81	65	81	3
57.73	57	73	67.73	67	73	3
73.53	73	53	83.53	83	53	1
75.81	75	81	85.81	85	81	4
93.2	93	20	103.2	103	20	2
81.05	81	5	91.05	91	5	1
69.01	69	1	79.01	79	1	1
64.62	64	62	74.62	74	62	3
58.35	58	35	68.35	68	35	3
95.81	95	81	105.81	105	81	1
71.1	71	10	81.1	81	10	4
87.84	87	84	97.84	97	84	3
68.39	68	39	78.39	78	39	5
91.97	91	97	101.97	101	97	1
89.6	89	60	99.6	99	60	1
77.48	77	48	87.48	87	48	2
61	61	0	71	71	0	5
55.63	55	63	65.63	65	63	5
81.15	81	15	91.15	91	15	5
50.9	50	90	60.9	60	90	4
96.49	96	49	106.49	106	49	4
91.34	91	34	101.34	101	34	4
80.56	80	56	90.56	90	56	4
95.59	95	59	105.59	105	59	5
72.46	72	46	82.46	82	46	4
52.52	52	52	62.52	62	52	5
75.94	75	94	85.94	85	94	5
64.65	64	65	74.65	74	65	3
67.88	67	88	77.88	77	88	2
83.91	83	91	93.91	93	91	4
63.24	63	24	73.24	73	24	5
97.69	97	69	107.69	107	69	4
65.16	65	16	75.16	75	16	3
60.29	60	29	70.29	70	29	5
71.02	71	2	81.02	81	2	5
57.36	57	36	67.36	67	36	5
91.34	91	34	101.34	101	34	2
64.56	64	56	74.56	74	56	2
72.5	72	50	82.5	82	50	4
73.69	73	69	83.69	83	69	4
59.37	59	37	69.37	69	37	2
67.12	67	12	77.12	77	12	2
59.05	59	5	69.05	69	5	1
51.76	51	76	61.76	61	76	3
57.09	57	9	67.09	67	9	2
73.65	73	65	83.65	83	65	3
53.24	53	24	63.24	63	24	5
94.1	94	10	104.1	104	10	4
78.81	78	81	88.81	88	81	2
84.92	84	92	94.92	94	92	1
68.52	68	52	78.52	78	52	2
98.82	98	82	108.82	108	82	2
74.26	74	26	84.26	84	26	5
72.08	72	8	82.08	82	8	3
92.42	92	42	102.42	102	42	3
71.72	71	72	81.72	81	72	5
74.13	74	13	84.13	84	13	4
66.88	66	88	76.88	76	88	5
59.89	59	89	69.89	69	89	2
65.01	65	1	75.01	75	1	5
74.79	74	79	84.79	84	79	3
72.13	72	13	82.13	82	13	3
86.22	86	22	96.22	96	22	1
89.47	89	47	99.47	99	47	5
82.42	82	42	92.42	92	42	4
82.24	82	24	92.24	92	24	2
96.35	96	35	106.35	106	35	1
98.28	98	28	108.28	108	28	5
70.8	70	80	80.8	80	80	3
92.86	92	86	102.86	102	86	4
70.49	70	49	80.49	80	49	3
79.17	79	17	89.17	89	17	1
58.98	58	98	68.98	68	98	1
54.55	54	55	64.55	64	55	5
55.45	55	45	65.45	65	45	4
91.6	91	60	101.6	101	60	4
77.2	77	20	87.2	87	20	4
58.22	58	22	68.22	68	22	5
58.22	58	22	68.22	68	22	2
79.53	79	53	89.53	89	53	2
66.14	66	14	76.14	76	14	5
76.74	76	74	86.74	86	74	1
76.36	76	36	86.36	86	36	5
64.92	64	92	74.92	74	92	1
99.83	99	83	109.83	109	83	5
67.3	67	30	77.3	77	30	3
85.17	85	17	95.17	95	17	5
97.96	97	96	107.96	107	96	3
58.18	58	18	68.18	68	18	2
95.06	95	6	105.06	105	6	3
62.49	62	49	72.49	72	49	5
82.5	82	50	92.5	92	50	4
66.72	66	72	76.72	76	72	5
72.23	72	23	82.23	82	23	2
95.97	95	97	105.97	105	97	5
73.66	73	66	83.66	83	66	3
53.47	53	47	63.47	63	47	3
64.85	64	85	74.85	74	85	1
70.95	70	95	80.95	80	95	2
99.8	99	80	109.8	109	80	2
56.23	56	23	66.23	66	23	1
64.96	64	96	74.96	74	96	1
51.97	51	97	61.97	61	97	2
89.73	89	73	99.73	99	73	3
68.51	68	51	78.51	78	51	2
56.95	56	95	66.95	66	95	5
53.33	53	33	63.33	63	33	2
69.24	69	24	79.24	79	24	5
89.17	89	17	99.17	99	17	1
61.55	61	55	71.55	71	55	5
98.77	98	77	108.77	108	77	3
54.31	54	31	64.31	64	31	3
88.82	88	82	98.82	98	82	5
98.13	98	13	108.13	108	13	3
69.75	69	75	79.75	79	75	3
86.17	86	17	96.17	96	17	1
90.43	90	43	100.43	100	43	5
53.92	53	92	63.92	63	92	5
56.65	56	65	66.65	66	65	1
98.14	98	14	108.14	108	14	3
72.99	72	99	82.99	82	99	2
93.14	93	14	103.14	103	14	2
53.64	53	64	63.64	63	64	3
63.23	63	23	73.23	73	23	4
65.37	65	37	75.37	75	37	3
98.61	98	61	108.61	108	61	2
86.89	86	89	96.89	96	89	1
93.36	93	36	103.36	103	36	2
61.98	61	98	71.98	71	98	4
55.36	55	36	65.36	65	36	5
91.16	91	16	101.16	101	16	3
92.21	92	21	102.21	102	21	5
69.33	69	33	79.33	79	33	5
67.66	67	66	77.66	77	66	1
55.95	55	95	65.95	65	95	2
62.84	62	84	72.84	72	84	4
73.61	73	61	83.61	83	61	3
58.8	58	80	68.8	68	80	5
81.6	81	60	91.6	91	60	3
62.78	62	78	72.78	72	78	3
70.88	70	88	80.88	80	88	5
53.38	53	38	63.38	63	38	1
66.61	66	61	76.61	76	61	5
57.7	57	70	67.7	67	70	1
75.03	75	3	85.03	85	3	5
59.36	59	36	69.36	69	36	5
67.39	67	39	77.39	77	39	4
64.99	64	99	74.99	74	99	4
88.29	88	29	98.29	98	29	4
stocks
70.88	70	88	1
