items_number
200
stocks_number
1
digit
2
items
89745.94	89745	94	89755.94	89755	94	1
75174.22	75174	22	75184.22	75184	22	3
51849.2	51849	20	51859.2	51859	20	2
85974.68	85974	68	85984.68	85984	68	3
63627.57	63627	57	63637.57	63637	57	2
79556.04	79556	4	79566.04	79566	4	5
64446.26	64446	26	64456.26	64456	26	4
51047.48	51047	48	51057.48	51057	48	4
64888.99	64888	99	64898.99	64898	99	1
77534.18	77534	18	77544.18	77544	18	2
65694.13	65694	13	65704.13	65704	13	3
57615.83	57615	83	57625.83	57625	83	4
67730.52	67730	52	67740.52	67740	52	2
78067.83	78067	83	78077.83	78077	83	1
68133.86	68133	86	68143.86	68143	86	4
56486.45	56486	45	56496.45	56496	45	2
72304.07	72304	7	72314.07	72314	7	4
70601	70601	0	70611	70611	0	1
86952.4	86952	40	86962.4	86962	40	5
80273.76	80273	76	80283.76	80283	76	1
84795.88	84795	88	84805.88	84805	88	5
77498.36	77498	36	77508.36	77508	36	5
73641.34	73641	34	73651.34	73651	34	4
86295.03	86295	3	86305.03	86305	3	2
54144.05	54144	5	54154.05	54154	5	4
70704.61	70704	61	70714.61	70714	61	3
94665.69	94665	69	94675.69	94675	69	3
72574.61	72574	61	72584.61	72584	61	5
67603.61	67603	61	67613.61	67613	61	5
62823.58	62823	58	62833.58	62833	58	5
68001.59	68001	59	68011.59	68011	59	3
57347.07	57347	7	57357.07	57357	7	5
97298.81	97298	81	97308.81	97308	81	4
79151.31	79151	31	79161.31	79161	31	1
52621.76	52621	76	52631.76	52631	76	4
60924.38	60924	38	60934.38	60934	38	5
68007.35	68007	35	68017.35	68017	35	3
76368.02	76368	2	76378.02	76378	2	5
71272.39	71272	39	71282.39	71282	39	1
92196.87	92196	87	92206.87	92206	87	3
63202.72	63202	72	63212.72	63212	72	1
86966.04	86966	4	86976.04	86976	4	3
99811.7	99811	70	99821.7	99821	70	3
80932.24	80932	24	80942.24	80942	24	5
74333.39	74333	39	74343.39	74343	39	3
77244.08	77244	8	77254.08	77254	8	2
87419.22	87419	22	87429.22	87429	22	3
96637.98	96637	98	96647.98	96647	98	4
97845.08	97845	8	97855.08	97855	8	4
83671.14	83671	14	83681.14	83681	14	2
76909.74	76909	74	76919.74	76919	74	4
91940.48	91940	48	91950.48	91950	48	5
61168.02	61168	2	61178.02	61178	2	3
59851.08	59851	8	59861.08	59861	8	2
78234.03	78234	3	78244.03	78244	3	1
74613.07	74613	7	74623.07	74623	7	3
80555.22	80555	22	80565.22	80565	22	2
82199.72	82199	72	82209.72	82209	72	3
97187.21	97187	21	97197.21	97197	21	2
98158.35	98158	35	98168.35	98168	35	3
54322.3	54322	30	54332.3	54332	30	4
74488.32	74488	32	74498.32	74498	32	2
64805.43	64805	43	64815.43	64815	43	5
51620.63	51620	63	51630.63	51630	63	3
62939.63	62939	63	62949.63	62949	63	2
67427.19	67427	19	67437.19	67437	19	3
71845.54	71845	54	71855.54	71855	54	4
80947.5	80947	50	80957.5	80957	50	4
53095.73	53095	73	53105.73	53105	73	2
93118.45	93118	45	93128.45	93128	45	4
73142.37	73142	37	73152.37	73152	37	4
66298.45	66298	45	66308.45	66308	45	5
89384.49	89384	49	89394.49	89394	49	2
82254.59	82254	59	82264.59	82264	59	1
56530.21	56530	21	56540.21	56540	21	1
63717.4	63717	40	63727.4	63727	40	4
59497.67	59497	67	59507.67	59507	67	4
53249.43	53249	43	53259.43	53259	43	3
60353.38	60353	38	60363.38	60363	38	4
66643.27	66643	27	66653.27	66653	27	2
86920.09	86920	9	86930.09	86930	9	1
96564.64	96564	64	96574.64	96574	64	2
58582.27	58582	27	58592.27	58592	27	1
98088.12	98088	12	98098.12	98098	12	3
56414.25	56414	25	56424.25	56424	25	1
96118.3	96118	30	96128.3	96128	30	4
82001.71	82001	71	82011.71	82011	71	2
86969.99	86969	99	86979.99	86979	99	2
78316.02	78316	2	78326.02	78326	2	1
88488.92	88488	92	88498.92	88498	92	3
85127.34	85127	34	85137.34	85137	34	1
82639.33	82639	33	82649.33	82649	33	2
62975.76	62975	76	62985.76	62985	76	4
59232.29	59232	29	59242.29	59242	29	5
93560.48	93560	48	93570.48	93570	48	4
85216.91	85216	91	85226.91	85226	91	3
85960.48	85960	48	85970.48	85970	48	3
65404.02	65404	2	65414.02	65414	2	2
66162.94	66162	94	66172.94	66172	94	1
89056.73	89056	73	89066.73	89066	73	1
67822.99	67822	99	67832.99	67832	99	1
98605.83	98605	83	98615.83	98615	83	4
64654.18	64654	18	64664.18	64664	18	5
57206.48	57206	48	57216.48	57216	48	4
90159.43	90159	43	90169.43	90169	43	2
71184.4	71184	40	71194.4	71194	40	5
80224.4	80224	40	80234.4	80234	40	4
99657.62	99657	62	99667.62	99667	62	5
74434.35	74434	35	74444.35	74444	35	4
90577.3	90577	30	90587.3	90587	30	3
75600.9	75600	90	75610.9	75610	90	4
61353.97	61353	97	61363.97	61363	97	4
96441.95	96441	95	96451.95	96451	95	4
93483.17	93483	17	93493.17	93493	17	4
68742.09	68742	9	68752.09	68752	9	1
52854.72	52854	72	52864.72	52864	72	4
89600.48	89600	48	89610.48	89610	48	4
60043.32	60043	32	60053.32	60053	32	4
99125.71	99125	71	99135.71	99135	71	2
77217.5	77217	50	77227.5	77227	50	2
98532.77	98532	77	98542.77	98542	77	2
93552.57	93552	57	93562.57	93562	57	3
69156.35	69156	35	69166.35	69166	35	3
70807.53	70807	53	70817.53	70817	53	2
52783.87	52783	87	52793.87	52793	87	2
62715.84	62715	84	62725.84	62725	84	1
56022.97	56022	97	56032.97	56032	97	4
88744.87	88744	87	88754.87	88754	87	1
87420.38	87420	38	87430.38	87430	38	4
81485.91	81485	91	81495.91	81495	91	2
87100.61	87100	61	87110.61	87110	61	2
55242.38	55242	38	55252.38	55252	38	1
80090.74	80090	74	80100.74	80100	74	2
51753.79	51753	79	51763.79	51763	79	1
62448.38	62448	38	62458.38	62458	38	4
70248.17	70248	17	70258.17	70258	17	3
72937.71	72937	71	72947.71	72947	71	3
92672.79	92672	79	92682.79	92682	79	3
79205.8	79205	80	79215.8	79215	80	5
97371.59	97371	59	97381.59	97381	59	1
92549.61	92549	61	92559.61	92559	61	5
64105.22	64105	22	64115.22	64115	22	3
68025.56	68025	56	68035.56	68035	56	5
98291.08	98291	8	98301.08	98301	8	3
57588.39	57588	39	57598.39	57598	39	3
96068.17	96068	17	96078.17	96078	17	2
51144.8	51144	80	51154.8	51154	80	4
56488.39	56488	39	56498.39	56498	39	2
56110.01	56110	1	56120.01	56120	1	1
59569.51	59569	51	59579.51	59579	51	5
83705.42	83705	42	83715.42	83715	42	3
54641.78	54641	78	54651.78	54651	78	4
53120.09	53120	9	53130.09	53130	9	2
62161.77	62161	77	62171.77	62171	77	5
84750.84	84750	84	84760.84	84760	84	2
65205.48	65205	48	65215.48	65215	48	1
84177.13	84177	13	84187.13	84187	13	2
90772.81	90772	81	90782.81	90782	81	3
53948.35	53948	35	53958.35	53958	35	1
71597.52	71597	52	71607.52	71607	52	5
72257.72	72257	72	72267.72	72267	72	4
50348.96	50348	96	50358.96	50358	96	2
76839.42	76839	42	76849.42	76849	42	3
61647.98	61647	98	61657.98	61657	98	2
52101.28	52101	28	52111.28	52111	28	5
98588.8	98588	80	98598.8	98598	80	1
81895.16	81895	16	81905.16	81905	16	5
84339.51	84339	51	84349.51	84349	51	2
50559.11	50559	11	50569.11	50569	11	3
70401.48	70401	48	70411.48	70411	48	4
81710.1	81710	10	81720.1	81720	10	4
52408.73	52408	73	52418.73	52418	73	2
84506.7	84506	70	84516.7	84516	70	3
59035.18	59035	18	59045.18	59045	18	3
50698.33	50698	33	50708.33	50708	33	2
51394.61	51394	61	51404.61	51404	61	5
55102.35	55102	35	55112.35	55112	35	2
61144.14	61144	14	61154.14	61154	14	5
57883.01	57883	1	57893.01	57893	1	3
70513.37	70513	37	70523.37	70523	37	4
70713.17	70713	17	70723.17	70723	17	4
50888.95	50888	95	50898.95	50898	95	2
75155.67	75155	67	75165.67	75165	67	2
83135.78	83135	78	83145.78	83145	78	3
63050.72	63050	72	63060.72	63060	72	1
69205.51	69205	51	69215.51	69215	51	3
98340.26	98340	26	98350.26	98350	26	3
97227.86	97227	86	97237.86	97237	86	4
59976.84	59976	84	59986.84	59986	84	2
61588.62	61588	62	61598.62	61598	62	3
78124.9	78124	90	78134.9	78134	90	1
82233.08	82233	8	82243.08	82243	8	5
71237.1	71237	10	71247.1	71247	10	2
54962.32	54962	32	54972.32	54972	32	3
93880.07	93880	7	93890.07	93890	7	2
73338.9	73338	90	73348.9	73348	90	1
62850.64	62850	64	62860.64	62860	64	3
85076.75	85076	75	85086.75	85086	75	3
57676.42	57676	42	57686.42	57686	42	4
63409.28	63409	28	63419.28	63419	28	3
stocks
225979.54	225979	54	1
