items_number
200
stocks_number
1
digit
2
items
800.69	800	69	810.69	810	69	3
784.45	784	45	794.45	794	45	4
676.45	676	45	686.45	686	45	1
560.97	560	97	570.97	570	97	3
990.47	990	47	1000.47	1000	47	2
553.58	553	58	563.58	563	58	5
918.54	918	54	928.54	928	54	5
704.34	704	34	714.34	714	34	5
888.14	888	14	898.14	898	14	2
681.31	681	31	691.31	691	31	2
617.53	617	53	627.53	627	53	3
626.11	626	11	636.11	636	11	5
588.22	588	22	598.22	598	22	4
677.53	677	53	687.53	687	53	3
973.69	973	69	983.69	983	69	3
702.09	702	9	712.09	712	9	2
784.1	784	10	794.1	794	10	3
727.61	727	61	737.61	737	61	2
587.63	587	63	597.63	597	63	5
868.09	868	9	878.09	878	9	3
684.9	684	90	694.9	694	90	1
533.5	533	50	543.5	543	50	5
724.45	724	45	734.45	734	45	5
956.28	956	28	966.28	966	28	4
988.06	988	6	998.06	998	6	5
756.65	756	65	766.65	766	65	3
735.77	735	77	745.77	745	77	2
713.72	713	72	723.72	723	72	4
843.63	843	63	853.63	853	63	4
542.38	542	38	552.38	552	38	4
589.71	589	71	599.71	599	71	1
889.84	889	84	899.84	899	84	1
572.35	572	35	582.35	582	35	2
511.16	511	16	521.16	521	16	3
949.33	949	33	959.33	959	33	5
562.34	562	34	572.34	572	34	1
811.26	811	26	821.26	821	26	3
866.87	866	87	876.87	876	87	4
512.2	512	20	522.2	522	20	5
698.93	698	93	708.93	708	93	4
793.71	793	71	803.71	803	71	3
876.73	876	73	886.73	886	73	4
824.04	824	4	834.04	834	4	5
881.93	881	93	891.93	891	93	3
552.26	552	26	562.26	562	26	1
542.25	542	25	552.25	552	25	4
582.54	582	54	592.54	592	54	4
583.88	583	88	593.88	593	88	1
769.86	769	86	779.86	779	86	5
916.18	916	18	926.18	926	18	4
951.97	951	97	961.97	961	97	3
700.76	700	76	710.76	710	76	3
696.2	696	20	706.2	706	20	5
675.94	675	94	685.94	685	94	3
902.57	902	57	912.57	912	57	1
683.79	683	79	693.79	693	79	4
677.12	677	12	687.12	687	12	2
883.34	883	34	893.34	893	34	5
643.51	643	51	653.51	653	51	4
519.27	519	27	529.27	529	27	2
925.24	925	24	935.24	935	24	3
979.74	979	74	989.74	989	74	4
654.11	654	11	664.11	664	11	4
744.59	744	59	754.59	754	59	5
990.42	990	42	1000.42	1000	42	2
602.96	602	96	612.96	612	96	4
806.93	806	93	816.93	816	93	2
800.21	800	21	810.21	810	21	4
714.35	714	35	724.35	724	35	4
564.13	564	13	574.13	574	13	1
745.14	745	14	755.14	755	14	2
753.06	753	6	763.06	763	6	1
940.38	940	38	950.38	950	38	4
815.7	815	70	825.7	825	70	1
633	633	0	643	643	0	3
993.64	993	64	1003.64	1003	64	1
858.95	858	95	868.95	868	95	5
963.06	963	6	973.06	973	6	2
575.52	575	52	585.52	585	52	1
873.82	873	82	883.82	883	82	1
624.24	624	24	634.24	634	24	2
525.01	525	1	535.01	535	1	1
819.58	819	58	829.58	829	58	3
820.45	820	45	830.45	830	45	3
947.47	947	47	957.47	957	47	3
721.15	721	15	731.15	731	15	1
750.24	750	24	760.24	760	24	3
623.59	623	59	633.59	633	59	4
603.01	603	1	613.01	613	1	5
893.27	893	27	903.27	903	27	2
889.86	889	86	899.86	899	86	2
775.25	775	25	785.25	785	25	2
617.54	617	54	627.54	627	54	2
542.49	542	49	552.49	552	49	5
518.36	518	36	528.36	528	36	3
853.96	853	96	863.96	863	96	3
891.97	891	97	901.97	901	97	3
570.81	570	81	580.81	580	81	4
652.69	652	69	662.69	662	69	3
604.33	604	33	614.33	614	33	2
634.46	634	46	644.46	644	46	4
643.83	643	83	653.83	653	83	1
857.39	857	39	867.39	867	39	4
573.84	573	84	583.84	583	84	4
959.53	959	53	969.53	969	53	4
737.91	737	91	747.91	747	91	4
812	812	0	822	822	0	2
562.49	562	49	572.49	572	49	5
946.98	946	98	956.98	956	98	5
633.52	633	52	643.52	643	52	4
935.31	935	31	945.31	945	31	2
816.22	816	22	826.22	826	22	3
906.05	906	5	916.05	916	5	4
500.41	500	41	510.41	510	41	2
883.19	883	19	893.19	893	19	2
852.53	852	53	862.53	862	53	3
721.57	721	57	731.57	731	57	2
632.43	632	43	642.43	642	43	4
722.64	722	64	732.64	732	64	3
824.1	824	10	834.1	834	10	1
771.23	771	23	781.23	781	23	2
610.03	610	3	620.03	620	3	4
598.36	598	36	608.36	608	36	2
634.77	634	77	644.77	644	77	4
653.52	653	52	663.52	663	52	4
863.24	863	24	873.24	873	24	2
987.25	987	25	997.25	997	25	3
543.02	543	2	553.02	553	2	3
933.06	933	6	943.06	943	6	5
638.95	638	95	648.95	648	95	3
895.35	895	35	905.35	905	35	4
813.04	813	4	823.04	823	4	1
528.78	528	78	538.78	538	78	3
998.26	998	26	1008.26	1008	26	5
887.89	887	89	897.89	897	89	1
987.84	987	84	997.84	997	84	1
981.18	981	18	991.18	991	18	3
945.89	945	89	955.89	955	89	4
548.33	548	33	558.33	558	33	5
672.16	672	16	682.16	682	16	2
825.94	825	94	835.94	835	94	3
729.16	729	16	739.16	739	16	2
989.9	989	90	999.9	999	90	1
730.99	730	99	740.99	740	99	3
729.57	729	57	739.57	739	57	3
871.1	871	10	881.1	881	10	2
828.52	828	52	838.52	838	52	1
696.66	696	66	706.66	706	66	4
749.05	749	5	759.05	759	5	2
549.17	549	17	559.17	559	17	5
520.29	520	29	530.29	530	29	1
766.8	766	80	776.8	776	80	4
660.2	660	20	670.2	670	20	4
865.65	865	65	875.65	875	65	4
900.57	900	57	910.57	910	57	4
559.24	559	24	569.24	569	24	4
728.41	728	41	738.41	738	41	5
886.35	886	35	896.35	896	35	3
849.78	849	78	859.78	859	78	1
660.99	660	99	670.99	670	99	2
770.3	770	30	780.3	780	30	5
990.13	990	13	1000.13	1000	13	2
974.04	974	4	984.04	984	4	2
798.6	798	60	808.6	808	60	3
734.4	734	40	744.4	744	40	1
606.45	606	45	616.45	616	45	2
784.96	784	96	794.96	794	96	5
714.1	714	10	724.1	724	10	3
797.86	797	86	807.86	807	86	1
578.81	578	81	588.81	588	81	5
887.78	887	78	897.78	897	78	1
621.8	621	80	631.8	631	80	5
554.97	554	97	564.97	564	97	3
621.68	621	68	631.68	631	68	3
851.32	851	32	861.32	861	32	2
529.07	529	7	539.07	539	7	2
738.3	738	30	748.3	748	30	4
679.84	679	84	689.84	689	84	4
726.25	726	25	736.25	736	25	2
733.88	733	88	743.88	743	88	2
975.53	975	53	985.53	985	53	1
993.54	993	54	1003.54	1003	54	2
999.68	999	68	1009.68	1009	68	5
634.25	634	25	644.25	644	25	4
857.71	857	71	867.71	867	71	2
898.78	898	78	908.78	908	78	5
940.02	940	2	950.02	950	2	4
584.13	584	13	594.13	594	13	2
529.65	529	65	539.65	539	65	3
535.32	535	32	545.32	545	32	1
992.12	992	12	1002.12	1002	12	3
799.95	799	95	809.95	809	95	2
524.98	524	98	534.98	534	98	2
711.68	711	68	721.68	721	68	1
844.07	844	7	854.07	854	7	1
758.38	758	38	768.38	768	38	4
817.13	817	13	827.13	827	13	4
874.04	874	4	884.04	884	4	1
719	719	0	729	729	0	3
613	613	0	623	623	0	4
stocks
560.97	560	97	1
