items_number
200
stocks_number
1
digit
2
items
94.65	94	65	104.65	104	65	1
74.89	74	89	84.89	84	89	4
89.5	89	50	99.5	99	50	4
69.44	69	44	79.44	79	44	5
95.05	95	5	105.05	105	5	4
50.17	50	17	60.17	60	17	2
73.81	73	81	83.81	83	81	1
60.25	60	25	70.25	70	25	2
59.09	59	9	69.09	69	9	3
74.24	74	24	84.24	84	24	5
57.72	57	72	67.72	67	72	1
95.2	95	20	105.2	105	20	3
95.08	95	8	105.08	105	8	4
92.22	92	22	102.22	102	22	5
62.33	62	33	72.33	72	33	3
52.48	52	48	62.48	62	48	5
72.51	72	51	82.51	82	51	2
94.33	94	33	104.33	104	33	4
84.81	84	81	94.81	94	81	5
72.92	72	92	82.92	82	92	3
91.86	91	86	101.86	101	86	4
55.46	55	46	65.46	65	46	3
71.08	71	8	81.08	81	8	5
68.61	68	61	78.61	78	61	1
61.84	61	84	71.84	71	84	3
79.45	79	45	89.45	89	45	1
69.02	69	2	79.02	79	2	5
100.12	100	12	110.12	110	12	3
74.58	74	58	84.58	84	58	3
76.02	76	2	86.02	86	2	1
64.78	64	78	74.78	74	78	5
67.75	67	75	77.75	77	75	5
74.43	74	43	84.43	84	43	4
52.28	52	28	62.28	62	28	4
61.72	61	72	71.72	71	72	5
68.48	68	48	78.48	78	48	2
52.97	52	97	62.97	62	97	2
84.05	84	5	94.05	94	5	2
79.26	79	26	89.26	89	26	5
61.58	61	58	71.58	71	58	4
82.81	82	81	92.81	92	81	1
60.5	60	50	70.5	70	50	3
81.78	81	78	91.78	91	78	3
77.89	77	89	87.89	87	89	1
51.72	51	72	61.72	61	72	2
93.12	93	12	103.12	103	12	1
79.89	79	89	89.89	89	89	2
73.23	73	23	83.23	83	23	1
87.97	87	97	97.97	97	97	1
87.7	87	70	97.7	97	70	1
69.67	69	67	79.67	79	67	3
77.35	77	35	87.35	87	35	1
92.68	92	68	102.68	102	68	4
90.27	90	27	100.27	100	27	5
69.97	69	97	79.97	79	97	1
52.53	52	53	62.53	62	53	3
68.25	68	25	78.25	78	25	5
88.99	88	99	98.99	98	99	3
51.17	51	17	61.17	61	17	5
66.35	66	35	76.35	76	35	4
88.54	88	54	98.54	98	54	3
90.95	90	95	100.95	100	95	1
84.62	84	62	94.62	94	62	4
61.97	61	97	71.97	71	97	2
92.75	92	75	102.75	102	75	4
69.86	69	86	79.86	79	86	5
80.98	80	98	90.98	90	98	5
68.24	68	24	78.24	78	24	2
52.91	52	91	62.91	62	91	1
83.24	83	24	93.24	93	24	2
54.83	54	83	64.83	64	83	5
84.72	84	72	94.72	94	72	3
93.26	93	26	103.26	103	26	4
85.13	85	13	95.13	95	13	5
85.14	85	14	95.14	95	14	1
94.98	94	98	104.98	104	98	2
51.25	51	25	61.25	61	25	2
63.03	63	3	73.03	73	3	2
91.74	91	74	101.74	101	74	2
88.22	88	22	98.22	98	22	2
75.26	75	26	85.26	85	26	3
59.93	59	93	69.93	69	93	2
89.58	89	58	99.58	99	58	3
66.94	66	94	76.94	76	94	3
73.21	73	21	83.21	83	21	1
82.07	82	7	92.07	92	7	5
94.99	94	99	104.99	104	99	5
66.98	66	98	76.98	76	98	2
70.58	70	58	80.58	80	58	2
69.16	69	16	79.16	79	16	1
82.33	82	33	92.33	92	33	1
57.12	57	12	67.12	67	12	2
59.63	59	63	69.63	69	63	1
90.95	90	95	100.95	100	95	1
94.62	94	62	104.62	104	62	3
75.9	75	90	85.9	85	90	2
58.34	58	34	68.34	68	34	2
98.12	98	12	108.12	108	12	4
68.15	68	15	78.15	78	15	3
85.25	85	25	95.25	95	25	4
80.88	80	88	90.88	90	88	5
72.5	72	50	82.5	82	50	3
94.5	94	50	104.5	104	50	3
97.14	97	14	107.14	107	14	3
81.63	81	63	91.63	91	63	4
78.64	78	64	88.64	88	64	3
90.12	90	12	100.12	100	12	2
82.41	82	41	92.41	92	41	5
66.19	66	19	76.19	76	19	5
54.86	54	86	64.86	64	86	3
95.63	95	63	105.63	105	63	1
91.45	91	45	101.45	101	45	4
63.32	63	32	73.32	73	32	1
83.73	83	73	93.73	93	73	5
81.4	81	40	91.4	91	40	1
86.53	86	53	96.53	96	53	1
65.32	65	32	75.32	75	32	5
74.91	74	91	84.91	84	91	5
76.51	76	51	86.51	86	51	5
59.91	59	91	69.91	69	91	3
68.08	68	8	78.08	78	8	2
58.36	58	36	68.36	68	36	2
91.55	91	55	101.55	101	55	4
51.71	51	71	61.71	61	71	2
98.83	98	83	108.83	108	83	4
84.17	84	17	94.17	94	17	3
76.14	76	14	86.14	86	14	3
56.17	56	17	66.17	66	17	5
81.29	81	29	91.29	91	29	2
68.29	68	29	78.29	78	29	1
65.95	65	95	75.95	75	95	5
85.17	85	17	95.17	95	17	3
90.31	90	31	100.31	100	31	5
58.45	58	45	68.45	68	45	2
81.83	81	83	91.83	91	83	3
95.94	95	94	105.94	105	94	5
87.09	87	9	97.09	97	9	5
95.96	95	96	105.96	105	96	4
77.35	77	35	87.35	87	35	4
77.8	77	80	87.8	87	80	1
73.34	73	34	83.34	83	34	3
96.51	96	51	106.51	106	51	1
67.26	67	26	77.26	77	26	4
86.66	86	66	96.66	96	66	4
78.76	78	76	88.76	88	76	1
98.18	98	18	108.18	108	18	4
97.71	97	71	107.71	107	71	1
67.09	67	9	77.09	77	9	2
97.09	97	9	107.09	107	9	5
72.74	72	74	82.74	82	74	5
76.52	76	52	86.52	86	52	4
64.69	64	69	74.69	74	69	1
54.1	54	10	64.1	64	10	1
92.07	92	7	102.07	102	7	5
65.93	65	93	75.93	75	93	4
52.46	52	46	62.46	62	46	4
100.77	100	77	110.77	110	77	2
65.07	65	7	75.07	75	7	4
83.63	83	63	93.63	93	63	3
55.58	55	58	65.58	65	58	5
84.88	84	88	94.88	94	88	1
72.1	72	10	82.1	82	10	4
90.28	90	28	100.28	100	28	3
98.19	98	19	108.19	108	19	2
81.55	81	55	91.55	91	55	1
96.11	96	11	106.11	106	11	2
67.13	67	13	77.13	77	13	1
92.16	92	16	102.16	102	16	2
64.59	64	59	74.59	74	59	2
94.01	94	1	104.01	104	1	4
68.97	68	97	78.97	78	97	2
88.94	88	94	98.94	98	94	4
89.52	89	52	99.52	99	52	1
85.23	85	23	95.23	95	23	2
98.12	98	12	108.12	108	12	2
91.28	91	28	101.28	101	28	3
56.93	56	93	66.93	66	93	2
68.84	68	84	78.84	78	84	3
83.89	83	89	93.89	93	89	4
52.02	52	2	62.02	62	2	1
65.1	65	10	75.1	75	10	2
83.41	83	41	93.41	93	41	5
91.24	91	24	101.24	101	24	3
69.73	69	73	79.73	79	73	5
74.01	74	1	84.01	84	1	4
80.17	80	17	90.17	90	17	3
96.19	96	19	106.19	106	19	3
74.78	74	78	84.78	84	78	2
70.24	70	24	80.24	80	24	1
52.34	52	34	62.34	62	34	3
79.36	79	36	89.36	89	36	2
78.12	78	12	88.12	88	12	1
75.45	75	45	85.45	85	45	1
93.64	93	64	103.64	103	64	1
75.31	75	31	85.31	85	31	2
55.52	55	52	65.52	65	52	1
62.28	62	28	72.28	72	28	4
66.44	66	44	76.44	76	44	2
71.69	71	69	81.69	81	69	4
77.87	77	87	87.87	87	87	5
stocks
94.01	94	1	1
