items_number
200
stocks_number
1
digit
2
items
8914.27	8914	27	8924.27	8924	27	4
6759.31	6759	31	6769.31	6769	31	3
8544.25	8544	25	8554.25	8554	25	4
6172.38	6172	38	6182.38	6182	38	3
8690.66	8690	66	8700.66	8700	66	1
8748.05	8748	5	8758.05	8758	5	2
8703.21	8703	21	8713.21	8713	21	4
5572.79	5572	79	5582.79	5582	79	4
5468.53	5468	53	5478.53	5478	53	4
8296.07	8296	7	8306.07	8306	7	3
7465.41	7465	41	7475.41	7475	41	1
7406.08	7406	8	7416.08	7416	8	1
7125.86	7125	86	7135.86	7135	86	5
6481.93	6481	93	6491.93	6491	93	2
7778.35	7778	35	7788.35	7788	35	3
5274.47	5274	47	5284.47	5284	47	3
9676.97	9676	97	9686.97	9686	97	2
7807.77	7807	77	7817.77	7817	77	5
6775.33	6775	33	6785.33	6785	33	1
6178.88	6178	88	6188.88	6188	88	4
7966.04	7966	4	7976.04	7976	4	4
9134.98	9134	98	9144.98	9144	98	2
6992.79	6992	79	7002.79	7002	79	1
5350.38	5350	38	5360.38	5360	38	2
6323.83	6323	83	6333.83	6333	83	5
5226.26	5226	26	5236.26	5236	26	5
8826.26	8826	26	8836.26	8836	26	4
5583.08	5583	8	5593.08	5593	8	5
8307.88	8307	88	8317.88	8317	88	3
5665.28	5665	28	5675.28	5675	28	5
5605.12	5605	12	5615.12	5615	12	5
7983.67	7983	67	7993.67	7993	67	2
8188.12	8188	12	8198.12	8198	12	4
9912.9	9912	90	9922.9	9922	90	4
9918.05	9918	5	9928.05	9928	5	1
6877.3	6877	30	6887.3	6887	30	4
9423.95	9423	95	9433.95	9433	95	5
9384.26	9384	26	9394.26	9394	26	1
8212.61	8212	61	8222.61	8222	61	3
5653.01	5653	1	5663.01	5663	1	3
8442.34	8442	34	8452.34	8452	34	3
6439.02	6439	2	6449.02	6449	2	3
8060.61	8060	61	8070.61	8070	61	5
5567.2	5567	20	5577.2	5577	20	5
7920.48	7920	48	7930.48	7930	48	4
6600.96	6600	96	6610.96	6610	96	4
6604.2	6604	20	6614.2	6614	20	4
8359.45	8359	45	8369.45	8369	45	2
9407.73	9407	73	9417.73	9417	73	4
9142.05	9142	5	9152.05	9152	5	1
9537.85	9537	85	9547.85	9547	85	1
7372.3	7372	30	7382.3	7382	30	4
8275.03	8275	3	8285.03	8285	3	2
6528.17	6528	17	6538.17	6538	17	3
8485.68	8485	68	8495.68	8495	68	5
5361.39	5361	39	5371.39	5371	39	1
7518.43	7518	43	7528.43	7528	43	2
7310.94	7310	94	7320.94	7320	94	5
5944.47	5944	47	5954.47	5954	47	5
6587.31	6587	31	6597.31	6597	31	2
8739.75	8739	75	8749.75	8749	75	4
7312.11	7312	11	7322.11	7322	11	2
9571.98	9571	98	9581.98	9581	98	5
7689.39	7689	39	7699.39	7699	39	4
7224.01	7224	1	7234.01	7234	1	5
5250.03	5250	3	5260.03	5260	3	5
5328.69	5328	69	5338.69	5338	69	3
7409.49	7409	49	7419.49	7419	49	1
9634.3	9634	30	9644.3	9644	30	1
8541.3	8541	30	8551.3	8551	30	2
8062.02	8062	2	8072.02	8072	2	5
8076.16	8076	16	8086.16	8086	16	5
5742.85	5742	85	5752.85	5752	85	1
6884.63	6884	63	6894.63	6894	63	4
9406.88	9406	88	9416.88	9416	88	1
8663.33	8663	33	8673.33	8673	33	2
8484.6	8484	60	8494.6	8494	60	2
6772.08	6772	8	6782.08	6782	8	5
7784.78	7784	78	7794.78	7794	78	3
7890.33	7890	33	7900.33	7900	33	2
5913.13	5913	13	5923.13	5923	13	5
7320.64	7320	64	7330.64	7330	64	3
6024.15	6024	15	6034.15	6034	15	5
9189.17	9189	17	9199.17	9199	17	4
9612.81	9612	81	9622.81	9622	81	1
9510.83	9510	83	9520.83	9520	83	4
9550.56	9550	56	9560.56	9560	56	4
7892.76	7892	76	7902.76	7902	76	4
7582.3	7582	30	7592.3	7592	30	4
5493.55	5493	55	5503.55	5503	55	1
5241.08	5241	8	5251.08	5251	8	2
7083.57	7083	57	7093.57	7093	57	4
7805.66	7805	66	7815.66	7815	66	2
9812.58	9812	58	9822.58	9822	58	3
9772.96	9772	96	9782.96	9782	96	3
5791.2	5791	20	5801.2	5801	20	3
5825.62	5825	62	5835.62	5835	62	5
5100.17	5100	17	5110.17	5110	17	2
8963.69	8963	69	8973.69	8973	69	3
5458.44	5458	44	5468.44	5468	44	2
9404.99	9404	99	9414.99	9414	99	5
7788.71	7788	71	7798.71	7798	71	4
8534.12	8534	12	8544.12	8544	12	3
5145.84	5145	84	5155.84	5155	84	5
9672.86	9672	86	9682.86	9682	86	2
8702	8702	0	8712	8712	0	4
8808.69	8808	69	8818.69	8818	69	1
8156.46	8156	46	8166.46	8166	46	5
5473.09	5473	9	5483.09	5483	9	5
6591	6591	0	6601	6601	0	4
6808.32	6808	32	6818.32	6818	32	2
6387.22	6387	22	6397.22	6397	22	1
9675.64	9675	64	9685.64	9685	64	3
8596.47	8596	47	8606.47	8606	47	3
5575.39	5575	39	5585.39	5585	39	4
5048.97	5048	97	5058.97	5058	97	5
8868.83	8868	83	8878.83	8878	83	4
5124.47	5124	47	5134.47	5134	47	5
7940.73	7940	73	7950.73	7950	73	1
6449.65	6449	65	6459.65	6459	65	2
6380.02	6380	2	6390.02	6390	2	2
8181.33	8181	33	8191.33	8191	33	2
9296.74	9296	74	9306.74	9306	74	2
9948.21	9948	21	9958.21	9958	21	3
8756.92	8756	92	8766.92	8766	92	2
9067.7	9067	70	9077.7	9077	70	1
6502.41	6502	41	6512.41	6512	41	2
9581.06	9581	6	9591.06	9591	6	1
9930.39	9930	39	9940.39	9940	39	2
5464.62	5464	62	5474.62	5474	62	1
5801.02	5801	2	5811.02	5811	2	4
9333.38	9333	38	9343.38	9343	38	1
8252.85	8252	85	8262.85	8262	85	4
5098.14	5098	14	5108.14	5108	14	1
9479.75	9479	75	9489.75	9489	75	3
7924.71	7924	71	7934.71	7934	71	5
8800.14	8800	14	8810.14	8810	14	4
9049.44	9049	44	9059.44	9059	44	3
6842.7	6842	70	6852.7	6852	70	1
9274.75	9274	75	9284.75	9284	75	5
6403.44	6403	44	6413.44	6413	44	3
9413.54	9413	54	9423.54	9423	54	4
5660.98	5660	98	5670.98	5670	98	3
6840.6	6840	60	6850.6	6850	60	3
8008.01	8008	1	8018.01	8018	1	2
6235.89	6235	89	6245.89	6245	89	1
6888.09	6888	9	6898.09	6898	9	4
7638.36	7638	36	7648.36	7648	36	2
7122.89	7122	89	7132.89	7132	89	2
5590.35	5590	35	5600.35	5600	35	4
9088.01	9088	1	9098.01	9098	1	3
8502.91	8502	91	8512.91	8512	91	3
8771.68	8771	68	8781.68	8781	68	3
9146.75	9146	75	9156.75	9156	75	1
8449.64	8449	64	8459.64	8459	64	2
8289.12	8289	12	8299.12	8299	12	4
8212.97	8212	97	8222.97	8222	97	2
9951.05	9951	5	9961.05	9961	5	3
8632.18	8632	18	8642.18	8642	18	1
8905.36	8905	36	8915.36	8915	36	5
6178.19	6178	19	6188.19	6188	19	3
5196.2	5196	20	5206.2	5206	20	4
8237.27	8237	27	8247.27	8247	27	3
5192.04	5192	4	5202.04	5202	4	1
5294.86	5294	86	5304.86	5304	86	1
7715.02	7715	2	7725.02	7725	2	5
8116.28	8116	28	8126.28	8126	28	2
9094.01	9094	1	9104.01	9104	1	2
7527.98	7527	98	7537.98	7537	98	4
5720.5	5720	50	5730.5	5730	50	5
8367.76	8367	76	8377.76	8377	76	1
8930.43	8930	43	8940.43	8940	43	4
5896.04	5896	4	5906.04	5906	4	3
9790.26	9790	26	9800.26	9800	26	3
5769.55	5769	55	5779.55	5779	55	1
9667.05	9667	5	9677.05	9677	5	1
6787.16	6787	16	6797.16	6797	16	1
8420.17	8420	17	8430.17	8430	17	4
7305.94	7305	94	7315.94	7315	94	2
8909.57	8909	57	8919.57	8919	57	2
9010.52	9010	52	9020.52	9020	52	5
7155.95	7155	95	7165.95	7165	95	1
7410.48	7410	48	7420.48	7420	48	2
8543.72	8543	72	8553.72	8553	72	2
6300.23	6300	23	6310.23	6310	23	2
6622.65	6622	65	6632.65	6632	65	3
7595.85	7595	85	7605.85	7605	85	2
5274.2	5274	20	5284.2	5284	20	5
7335.7	7335	70	7345.7	7345	70	3
6226.03	6226	3	6236.03	6236	3	4
9179.09	9179	9	9189.09	9189	9	1
9276.42	9276	42	9286.42	9286	42	2
6422.76	6422	76	6432.76	6432	76	2
7416.36	7416	36	7426.36	7426	36	3
9469.98	9469	98	9479.98	9479	98	3
7479.62	7479	62	7489.62	7489	62	2
5893.9	5893	90	5903.9	5903	90	4
8347.26	8347	26	8357.26	8357	26	1
6573.15	6573	15	6583.15	6583	15	3
9183.88	9183	88	9193.88	9193	88	3
stocks
12745.05	12745	5	1
