items_number
200
stocks_number
1
digit
2
items
778.47	778	47	778.47	778	47	4
948.81	948	81	948.81	948	81	3
786.97	786	97	786.97	786	97	4
682.06	682	6	682.06	682	6	4
993.86	993	86	993.86	993	86	3
843.02	843	2	843.02	843	2	4
737.22	737	22	737.22	737	22	4
615.66	615	66	615.66	615	66	1
770.28	770	28	770.28	770	28	3
972.57	972	57	972.57	972	57	4
835.93	835	93	835.93	835	93	3
532.79	532	79	532.79	532	79	5
525.78	525	78	525.78	525	78	2
983.93	983	93	983.93	983	93	3
721.55	721	55	721.55	721	55	2
671.6	671	60	671.6	671	60	4
581.23	581	23	581.23	581	23	2
885.43	885	43	885.43	885	43	2
567.92	567	92	567.92	567	92	4
827.1	827	10	827.1	827	10	1
776.25	776	25	776.25	776	25	1
654.61	654	61	654.61	654	61	2
509.25	509	25	509.25	509	25	2
602.7	602	70	602.7	602	70	3
717.29	717	29	717.29	717	29	1
858.63	858	63	858.63	858	63	1
547.33	547	33	547.33	547	33	1
611.52	611	52	611.52	611	52	4
524.52	524	52	524.52	524	52	3
732.85	732	85	732.85	732	85	2
665.35	665	35	665.35	665	35	1
802.99	802	99	802.99	802	99	1
679.66	679	66	679.66	679	66	2
698.33	698	33	698.33	698	33	4
730.05	730	5	730.05	730	5	5
919.52	919	52	919.52	919	52	1
540.35	540	35	540.35	540	35	5
713.79	713	79	713.79	713	79	5
533.71	533	71	533.71	533	71	1
810.16	810	16	810.16	810	16	2
684.36	684	36	684.36	684	36	3
614.64	614	64	614.64	614	64	5
589.95	589	95	589.95	589	95	4
956.14	956	14	956.14	956	14	2
843.09	843	9	843.09	843	9	2
810.02	810	2	810.02	810	2	5
626.27	626	27	626.27	626	27	5
924.32	924	32	924.32	924	32	1
695.45	695	45	695.45	695	45	4
693.19	693	19	693.19	693	19	5
998.95	998	95	998.95	998	95	3
717.22	717	22	717.22	717	22	4
593.81	593	81	593.81	593	81	2
506.72	506	72	506.72	506	72	5
565.92	565	92	565.92	565	92	3
811.62	811	62	811.62	811	62	2
864.87	864	87	864.87	864	87	5
613.78	613	78	613.78	613	78	3
668.67	668	67	668.67	668	67	2
634.4	634	40	634.4	634	40	3
845.63	845	63	845.63	845	63	2
579.54	579	54	579.54	579	54	3
682.39	682	39	682.39	682	39	5
771.81	771	81	771.81	771	81	3
777.87	777	87	777.87	777	87	3
912.97	912	97	912.97	912	97	1
689.85	689	85	689.85	689	85	3
563.75	563	75	563.75	563	75	2
871.28	871	28	871.28	871	28	5
969.08	969	8	969.08	969	8	1
620.91	620	91	620.91	620	91	4
554.65	554	65	554.65	554	65	5
829.73	829	73	829.73	829	73	2
709.38	709	38	709.38	709	38	4
509.31	509	31	509.31	509	31	1
672.34	672	34	672.34	672	34	1
765.41	765	41	765.41	765	41	5
636.58	636	58	636.58	636	58	2
842.19	842	19	842.19	842	19	3
960.38	960	38	960.38	960	38	3
575.78	575	78	575.78	575	78	1
839.66	839	66	839.66	839	66	5
923.61	923	61	923.61	923	61	4
916.11	916	11	916.11	916	11	4
845.38	845	38	845.38	845	38	4
989.05	989	5	989.05	989	5	1
726.25	726	25	726.25	726	25	2
955.77	955	77	955.77	955	77	4
601.83	601	83	601.83	601	83	1
640.92	640	92	640.92	640	92	4
835.17	835	17	835.17	835	17	3
692.98	692	98	692.98	692	98	2
719.99	719	99	719.99	719	99	3
516.09	516	9	516.09	516	9	4
963.79	963	79	963.79	963	79	1
997.86	997	86	997.86	997	86	5
674.06	674	6	674.06	674	6	5
651.65	651	65	651.65	651	65	5
559.13	559	13	559.13	559	13	2
544.34	544	34	544.34	544	34	1
866.73	866	73	866.73	866	73	2
679.56	679	56	679.56	679	56	2
598.51	598	51	598.51	598	51	2
695.98	695	98	695.98	695	98	1
888.95	888	95	888.95	888	95	5
855.83	855	83	855.83	855	83	2
613.85	613	85	613.85	613	85	1
653.88	653	88	653.88	653	88	4
991.93	991	93	991.93	991	93	5
955.04	955	4	955.04	955	4	3
859.26	859	26	859.26	859	26	4
812.23	812	23	812.23	812	23	3
540.22	540	22	540.22	540	22	2
528.87	528	87	528.87	528	87	2
727.34	727	34	727.34	727	34	3
885.12	885	12	885.12	885	12	3
516.45	516	45	516.45	516	45	4
953.12	953	12	953.12	953	12	5
586.89	586	89	586.89	586	89	3
864.28	864	28	864.28	864	28	4
839.56	839	56	839.56	839	56	5
667.07	667	7	667.07	667	7	2
555.27	555	27	555.27	555	27	2
558.55	558	55	558.55	558	55	2
684.16	684	16	684.16	684	16	5
765.58	765	58	765.58	765	58	4
554.94	554	94	554.94	554	94	1
604.74	604	74	604.74	604	74	4
662.75	662	75	662.75	662	75	4
860.07	860	7	860.07	860	7	4
649.6	649	60	649.6	649	60	2
528.01	528	1	528.01	528	1	2
786.16	786	16	786.16	786	16	5
994.12	994	12	994.12	994	12	3
723.99	723	99	723.99	723	99	2
920.63	920	63	920.63	920	63	4
594.47	594	47	594.47	594	47	2
836.36	836	36	836.36	836	36	2
819.51	819	51	819.51	819	51	5
584.4	584	40	584.4	584	40	1
536.92	536	92	536.92	536	92	1
925.29	925	29	925.29	925	29	3
643.64	643	64	643.64	643	64	5
576.14	576	14	576.14	576	14	5
953.69	953	69	953.69	953	69	1
870.5	870	50	870.5	870	50	3
708.26	708	26	708.26	708	26	4
715.14	715	14	715.14	715	14	4
569.62	569	62	569.62	569	62	4
540.16	540	16	540.16	540	16	1
578.42	578	42	578.42	578	42	5
908.71	908	71	908.71	908	71	3
707.75	707	75	707.75	707	75	2
880.21	880	21	880.21	880	21	1
966.26	966	26	966.26	966	26	1
891.91	891	91	891.91	891	91	1
644.32	644	32	644.32	644	32	2
766.2	766	20	766.2	766	20	1
996.17	996	17	996.17	996	17	2
553.07	553	7	553.07	553	7	5
873.8	873	80	873.8	873	80	5
891.77	891	77	891.77	891	77	3
581.08	581	8	581.08	581	8	1
658.48	658	48	658.48	658	48	1
630.41	630	41	630.41	630	41	5
804.6	804	60	804.6	804	60	3
824.63	824	63	824.63	824	63	2
725.88	725	88	725.88	725	88	1
886.96	886	96	886.96	886	96	1
643.14	643	14	643.14	643	14	1
555.29	555	29	555.29	555	29	4
922.41	922	41	922.41	922	41	4
567.95	567	95	567.95	567	95	5
698.45	698	45	698.45	698	45	5
999.55	999	55	999.55	999	55	5
766.64	766	64	766.64	766	64	5
568.47	568	47	568.47	568	47	2
953.34	953	34	953.34	953	34	3
981.78	981	78	981.78	981	78	5
884.1	884	10	884.1	884	10	2
993.5	993	50	993.5	993	50	3
805.73	805	73	805.73	805	73	1
791.33	791	33	791.33	791	33	4
699.77	699	77	699.77	699	77	1
931.46	931	46	931.46	931	46	4
503.59	503	59	503.59	503	59	4
837.2	837	20	837.2	837	20	3
822.78	822	78	822.78	822	78	5
515.32	515	32	515.32	515	32	2
578.37	578	37	578.37	578	37	4
875.38	875	38	875.38	875	38	4
888.64	888	64	888.64	888	64	3
969.66	969	66	969.66	969	66	3
956.46	956	46	956.46	956	46	1
792.64	792	64	792.64	792	64	3
845.08	845	8	845.08	845	8	5
505.58	505	58	505.58	505	58	5
616.27	616	27	616.27	616	27	1
569.96	569	96	569.96	569	96	2
891.07	891	7	891.07	891	7	3
stocks
0	0	0	1
