items_number
200
stocks_number
1
digit
2
items
80	80	0	80	80	0	4
60.96	60	96	60.96	60	96	4
78.91	78	91	78.91	78	91	5
85.8	85	80	85.8	85	80	2
70.71	70	71	70.71	70	71	1
62.48	62	48	62.48	62	48	4
59.37	59	37	59.37	59	37	3
56.25	56	25	56.25	56	25	4
51.4	51	40	51.4	51	40	4
70.26	70	26	70.26	70	26	1
59	59	0	59	59	0	3
56.09	56	9	56.09	56	9	5
55.62	55	62	55.62	55	62	5
81.5	81	50	81.5	81	50	5
90	90	0	90	90	0	5
75.22	75	22	75.22	75	22	4
68.41	68	41	68.41	68	41	2
56.19	56	19	56.19	56	19	1
94.41	94	41	94.41	94	41	2
95.85	95	85	95.85	95	85	5
56.32	56	32	56.32	56	32	2
61.82	61	82	61.82	61	82	1
82.88	82	88	82.88	82	88	2
68.64	68	64	68.64	68	64	1
90.66	90	66	90.66	90	66	5
97.24	97	24	97.24	97	24	5
64.06	64	6	64.06	64	6	3
74.28	74	28	74.28	74	28	3
83.61	83	61	83.61	83	61	3
86.84	86	84	86.84	86	84	5
86.88	86	88	86.88	86	88	4
87.62	87	62	87.62	87	62	3
96.8	96	80	96.8	96	80	3
64.8	64	80	64.8	64	80	1
72.42	72	42	72.42	72	42	4
65.51	65	51	65.51	65	51	5
50.8	50	80	50.8	50	80	4
55.32	55	32	55.32	55	32	3
97.28	97	28	97.28	97	28	5
76.73	76	73	76.73	76	73	2
75.58	75	58	75.58	75	58	3
80.28	80	28	80.28	80	28	4
56.82	56	82	56.82	56	82	3
81.72	81	72	81.72	81	72	5
61.31	61	31	61.31	61	31	3
97.34	97	34	97.34	97	34	4
80.94	80	94	80.94	80	94	3
53.72	53	72	53.72	53	72	1
52.54	52	54	52.54	52	54	2
99.36	99	36	99.36	99	36	1
72.09	72	9	72.09	72	9	5
58.86	58	86	58.86	58	86	3
59.7	59	70	59.7	59	70	4
54.98	54	98	54.98	54	98	3
76.02	76	2	76.02	76	2	1
73.36	73	36	73.36	73	36	3
75.74	75	74	75.74	75	74	2
90.08	90	8	90.08	90	8	3
97.65	97	65	97.65	97	65	5
58.36	58	36	58.36	58	36	1
100.92	100	92	100.92	100	92	4
56.53	56	53	56.53	56	53	1
95.5	95	50	95.5	95	50	4
96.24	96	24	96.24	96	24	3
95.85	95	85	95.85	95	85	1
91.44	91	44	91.44	91	44	4
85.76	85	76	85.76	85	76	2
69.66	69	66	69.66	69	66	1
97.76	97	76	97.76	97	76	2
81.04	81	4	81.04	81	4	3
95.39	95	39	95.39	95	39	4
96.34	96	34	96.34	96	34	1
61.85	61	85	61.85	61	85	1
51.73	51	73	51.73	51	73	4
50.58	50	58	50.58	50	58	5
97.68	97	68	97.68	97	68	5
72.08	72	8	72.08	72	8	2
81.53	81	53	81.53	81	53	4
74.4	74	40	74.4	74	40	5
74.14	74	14	74.14	74	14	3
79.41	79	41	79.41	79	41	2
97.02	97	2	97.02	97	2	2
56.52	56	52	56.52	56	52	3
88.11	88	11	88.11	88	11	5
75	75	0	75	75	0	4
57.54	57	54	57.54	57	54	5
60	60	0	60	60	0	2
74.26	74	26	74.26	74	26	3
71.62	71	62	71.62	71	62	2
81.65	81	65	81.65	81	65	4
82.62	82	62	82.62	82	62	3
71.06	71	6	71.06	71	6	5
61.7	61	70	61.7	61	70	1
51.64	51	64	51.64	51	64	3
66.3	66	30	66.3	66	30	2
81.56	81	56	81.56	81	56	3
66.09	66	9	66.09	66	9	2
75.58	75	58	75.58	75	58	5
100.74	100	74	100.74	100	74	3
87.85	87	85	87.85	87	85	5
81.15	81	15	81.15	81	15	4
69.65	69	65	69.65	69	65	1
83.72	83	72	83.72	83	72	5
66	66	0	66	66	0	4
70.38	70	38	70.38	70	38	4
83.3	83	30	83.3	83	30	2
62.68	62	68	62.68	62	68	3
92.98	92	98	92.98	92	98	3
88.35	88	35	88.35	88	35	2
60.6	60	60	60.6	60	60	4
90.12	90	12	90.12	90	12	2
66.76	66	76	66.76	66	76	3
56.14	56	14	56.14	56	14	5
70.64	70	64	70.64	70	64	4
78.4	78	40	78.4	78	40	4
55.66	55	66	55.66	55	66	1
77.18	77	18	77.18	77	18	3
62.4	62	40	62.4	62	40	3
80.93	80	93	80.93	80	93	5
99.32	99	32	99.32	99	32	1
67.57	67	57	67.57	67	57	3
86.07	86	7	86.07	86	7	2
94.9	94	90	94.9	94	90	2
53.27	53	27	53.27	53	27	3
87.72	87	72	87.72	87	72	2
84.73	84	73	84.73	84	73	5
84.35	84	35	84.35	84	35	2
78.81	78	81	78.81	78	81	3
58.31	58	31	58.31	58	31	4
57.09	57	9	57.09	57	9	4
64.18	64	18	64.18	64	18	2
63.46	63	46	63.46	63	46	4
76.26	76	26	76.26	76	26	1
71.42	71	42	71.42	71	42	3
79.98	79	98	79.98	79	98	2
70.17	70	17	70.17	70	17	2
79.73	79	73	79.73	79	73	4
65.66	65	66	65.66	65	66	1
86.15	86	15	86.15	86	15	4
66.6	66	60	66.6	66	60	1
76.79	76	79	76.79	76	79	2
75.8	75	80	75.8	75	80	5
57.89	57	89	57.89	57	89	5
82.93	82	93	82.93	82	93	1
70.96	70	96	70.96	70	96	1
59.29	59	29	59.29	59	29	1
62.6	62	60	62.6	62	60	3
97.67	97	67	97.67	97	67	5
72.69	72	69	72.69	72	69	3
92.05	92	5	92.05	92	5	2
69.51	69	51	69.51	69	51	1
63.78	63	78	63.78	63	78	5
77.12	77	12	77.12	77	12	1
62.42	62	42	62.42	62	42	2
66.05	66	5	66.05	66	5	4
89.36	89	36	89.36	89	36	2
70.15	70	15	70.15	70	15	4
74.93	74	93	74.93	74	93	5
66.17	66	17	66.17	66	17	1
53.98	53	98	53.98	53	98	2
82.54	82	54	82.54	82	54	5
80.88	80	88	80.88	80	88	4
66.45	66	45	66.45	66	45	3
82.81	82	81	82.81	82	81	2
51.3	51	30	51.3	51	30	1
96.43	96	43	96.43	96	43	4
52.98	52	98	52.98	52	98	3
54.55	54	55	54.55	54	55	2
60.62	60	62	60.62	60	62	2
88.65	88	65	88.65	88	65	3
70.16	70	16	70.16	70	16	4
86.93	86	93	86.93	86	93	3
88.97	88	97	88.97	88	97	3
51.57	51	57	51.57	51	57	5
93.38	93	38	93.38	93	38	5
57.94	57	94	57.94	57	94	5
61.86	61	86	61.86	61	86	5
54.5	54	50	54.5	54	50	3
78.13	78	13	78.13	78	13	4
57.07	57	7	57.07	57	7	2
96.55	96	55	96.55	96	55	4
98.64	98	64	98.64	98	64	1
70.85	70	85	70.85	70	85	3
97.68	97	68	97.68	97	68	4
84.06	84	6	84.06	84	6	5
61.42	61	42	61.42	61	42	3
85.04	85	4	85.04	85	4	2
79.73	79	73	79.73	79	73	3
59.35	59	35	59.35	59	35	4
50.74	50	74	50.74	50	74	2
82.72	82	72	82.72	82	72	1
65.9	65	90	65.9	65	90	3
55.14	55	14	55.14	55	14	5
98.17	98	17	98.17	98	17	3
98.23	98	23	98.23	98	23	5
81.44	81	44	81.44	81	44	3
93.12	93	12	93.12	93	12	4
74.21	74	21	74.21	74	21	4
85	85	0	85	85	0	4
53.26	53	26	53.26	53	26	5
stocks
363.97	363	97	1
