items_number
200
stocks_number
1
digit
2
items
898.77	898	77	898.77	898	77	5
984.97	984	97	984.97	984	97	4
744.51	744	51	744.51	744	51	4
853.94	853	94	853.94	853	94	3
506.92	506	92	506.92	506	92	2
728.41	728	41	728.41	728	41	3
676.51	676	51	676.51	676	51	3
598.95	598	95	598.95	598	95	5
832.79	832	79	832.79	832	79	5
545.98	545	98	545.98	545	98	4
599.82	599	82	599.82	599	82	2
723.67	723	67	723.67	723	67	4
954.81	954	81	954.81	954	81	2
794.42	794	42	794.42	794	42	4
741.78	741	78	741.78	741	78	3
615.92	615	92	615.92	615	92	4
612.04	612	4	612.04	612	4	4
547.72	547	72	547.72	547	72	4
697.35	697	35	697.35	697	35	4
512.5	512	50	512.5	512	50	2
897.85	897	85	897.85	897	85	1
853.37	853	37	853.37	853	37	3
614.76	614	76	614.76	614	76	2
803.27	803	27	803.27	803	27	2
566.97	566	97	566.97	566	97	2
683.2	683	20	683.2	683	20	5
850.39	850	39	850.39	850	39	4
878.98	878	98	878.98	878	98	4
901.26	901	26	901.26	901	26	2
595.19	595	19	595.19	595	19	3
689.09	689	9	689.09	689	9	1
544.03	544	3	544.03	544	3	1
578.16	578	16	578.16	578	16	3
679.12	679	12	679.12	679	12	2
897.5	897	50	897.5	897	50	1
831.09	831	9	831.09	831	9	5
907.53	907	53	907.53	907	53	4
819.53	819	53	819.53	819	53	3
675.56	675	56	675.56	675	56	1
738.84	738	84	738.84	738	84	5
610.52	610	52	610.52	610	52	3
774.9	774	90	774.9	774	90	2
961.04	961	4	961.04	961	4	4
563.85	563	85	563.85	563	85	2
568.32	568	32	568.32	568	32	5
949.34	949	34	949.34	949	34	1
679.77	679	77	679.77	679	77	2
680.88	680	88	680.88	680	88	1
996.07	996	7	996.07	996	7	4
622.13	622	13	622.13	622	13	5
940.9	940	90	940.9	940	90	4
639.44	639	44	639.44	639	44	5
975.02	975	2	975.02	975	2	2
553.67	553	67	553.67	553	67	5
942.24	942	24	942.24	942	24	1
540.51	540	51	540.51	540	51	3
983.39	983	39	983.39	983	39	1
791.63	791	63	791.63	791	63	1
664.49	664	49	664.49	664	49	4
883.65	883	65	883.65	883	65	2
632.82	632	82	632.82	632	82	1
853.1	853	10	853.1	853	10	4
927.2	927	20	927.2	927	20	3
957.51	957	51	957.51	957	51	3
778.22	778	22	778.22	778	22	5
570.22	570	22	570.22	570	22	5
787.12	787	12	787.12	787	12	4
684.28	684	28	684.28	684	28	1
635.76	635	76	635.76	635	76	4
963.2	963	20	963.2	963	20	2
923.12	923	12	923.12	923	12	5
746.28	746	28	746.28	746	28	1
736.1	736	10	736.1	736	10	5
629.68	629	68	629.68	629	68	3
555.13	555	13	555.13	555	13	2
550.94	550	94	550.94	550	94	5
577.03	577	3	577.03	577	3	3
734.43	734	43	734.43	734	43	3
978.83	978	83	978.83	978	83	2
573.62	573	62	573.62	573	62	2
602.08	602	8	602.08	602	8	3
917.25	917	25	917.25	917	25	5
712.58	712	58	712.58	712	58	3
824.62	824	62	824.62	824	62	1
970.92	970	92	970.92	970	92	1
900.82	900	82	900.82	900	82	5
610.13	610	13	610.13	610	13	4
698.31	698	31	698.31	698	31	2
691.98	691	98	691.98	691	98	2
775.62	775	62	775.62	775	62	2
581.48	581	48	581.48	581	48	3
569.8	569	80	569.8	569	80	2
874.24	874	24	874.24	874	24	2
754.21	754	21	754.21	754	21	2
526.83	526	83	526.83	526	83	2
652.46	652	46	652.46	652	46	2
824.43	824	43	824.43	824	43	3
813.95	813	95	813.95	813	95	2
836.74	836	74	836.74	836	74	4
960.71	960	71	960.71	960	71	1
775.67	775	67	775.67	775	67	3
504.39	504	39	504.39	504	39	3
952.99	952	99	952.99	952	99	2
758.77	758	77	758.77	758	77	3
634.07	634	7	634.07	634	7	3
506.65	506	65	506.65	506	65	3
808.72	808	72	808.72	808	72	4
711.62	711	62	711.62	711	62	5
988.6	988	60	988.6	988	60	3
785.07	785	7	785.07	785	7	5
530.76	530	76	530.76	530	76	3
589.2	589	20	589.2	589	20	2
948.32	948	32	948.32	948	32	1
989.35	989	35	989.35	989	35	2
659.82	659	82	659.82	659	82	2
663.77	663	77	663.77	663	77	1
889.69	889	69	889.69	889	69	3
770.95	770	95	770.95	770	95	5
862.6	862	60	862.6	862	60	2
826.67	826	67	826.67	826	67	5
544.09	544	9	544.09	544	9	3
943.61	943	61	943.61	943	61	2
895	895	0	895	895	0	1
664.33	664	33	664.33	664	33	5
696.82	696	82	696.82	696	82	5
921.83	921	83	921.83	921	83	4
816.79	816	79	816.79	816	79	3
767.77	767	77	767.77	767	77	3
734.31	734	31	734.31	734	31	1
899.06	899	6	899.06	899	6	3
973.49	973	49	973.49	973	49	3
755.98	755	98	755.98	755	98	5
903.97	903	97	903.97	903	97	5
924	924	0	924	924	0	4
759.28	759	28	759.28	759	28	2
783.56	783	56	783.56	783	56	4
930.17	930	17	930.17	930	17	4
814.52	814	52	814.52	814	52	2
741.19	741	19	741.19	741	19	1
917.77	917	77	917.77	917	77	3
845.11	845	11	845.11	845	11	3
771.95	771	95	771.95	771	95	5
753.97	753	97	753.97	753	97	4
793.43	793	43	793.43	793	43	3
506.82	506	82	506.82	506	82	2
912.79	912	79	912.79	912	79	5
956.2	956	20	956.2	956	20	1
895.52	895	52	895.52	895	52	4
928.26	928	26	928.26	928	26	2
817.33	817	33	817.33	817	33	2
720.71	720	71	720.71	720	71	3
718.35	718	35	718.35	718	35	1
759.94	759	94	759.94	759	94	5
614.71	614	71	614.71	614	71	1
883.68	883	68	883.68	883	68	2
702.76	702	76	702.76	702	76	5
782.07	782	7	782.07	782	7	4
945	945	0	945	945	0	4
715.05	715	5	715.05	715	5	4
762.38	762	38	762.38	762	38	4
843.58	843	58	843.58	843	58	1
687.06	687	6	687.06	687	6	1
516.88	516	88	516.88	516	88	4
993.55	993	55	993.55	993	55	3
857.07	857	7	857.07	857	7	2
522.68	522	68	522.68	522	68	2
521.11	521	11	521.11	521	11	1
532.24	532	24	532.24	532	24	2
836.72	836	72	836.72	836	72	1
762.3	762	30	762.3	762	30	1
696.54	696	54	696.54	696	54	4
680.83	680	83	680.83	680	83	3
780.78	780	78	780.78	780	78	1
949.51	949	51	949.51	949	51	2
973.27	973	27	973.27	973	27	3
786.12	786	12	786.12	786	12	4
606.83	606	83	606.83	606	83	3
675.99	675	99	675.99	675	99	3
680.16	680	16	680.16	680	16	4
534.09	534	9	534.09	534	9	1
992.32	992	32	992.32	992	32	1
646.88	646	88	646.88	646	88	2
752.45	752	45	752.45	752	45	4
998.26	998	26	998.26	998	26	1
506.59	506	59	506.59	506	59	4
881.65	881	65	881.65	881	65	5
699.54	699	54	699.54	699	54	2
788.18	788	18	788.18	788	18	2
826.17	826	17	826.17	826	17	1
914.12	914	12	914.12	914	12	5
549.08	549	8	549.08	549	8	3
915.75	915	75	915.75	915	75	3
847.18	847	18	847.18	847	18	5
813.49	813	49	813.49	813	49	3
653.3	653	30	653.3	653	30	5
703.77	703	77	703.77	703	77	3
835.17	835	17	835.17	835	17	1
675.42	675	42	675.42	675	42	3
735.54	735	54	735.54	735	54	4
917.9	917	90	917.9	917	90	1
stocks
75.75	41506	75	1
