items_number
200
stocks_number
1
digit
2
items
8036.7	8036	70	8036.7	8036	70	5
6321.95	6321	95	6321.95	6321	95	2
6772.9	6772	90	6772.9	6772	90	5
9543.27	9543	27	9543.27	9543	27	2
8136.55	8136	55	8136.55	8136	55	1
9666.81	9666	81	9666.81	9666	81	3
7637.03	7637	3	7637.03	7637	3	2
7805.1	7805	10	7805.1	7805	10	1
6734.27	6734	27	6734.27	6734	27	5
9977.39	9977	39	9977.39	9977	39	3
7586.43	7586	43	7586.43	7586	43	4
6663.63	6663	63	6663.63	6663	63	1
9100.75	9100	75	9100.75	9100	75	5
9115.52	9115	52	9115.52	9115	52	5
8951.71	8951	71	8951.71	8951	71	1
8552.2	8552	20	8552.2	8552	20	4
7879.69	7879	69	7879.69	7879	69	1
6693.72	6693	72	6693.72	6693	72	2
9276.37	9276	37	9276.37	9276	37	4
9098.21	9098	21	9098.21	9098	21	5
6153.46	6153	46	6153.46	6153	46	3
7024.15	7024	15	7024.15	7024	15	3
6845.94	6845	94	6845.94	6845	94	3
9284.69	9284	69	9284.69	9284	69	1
6059.44	6059	44	6059.44	6059	44	5
5247.55	5247	55	5247.55	5247	55	1
5005.85	5005	85	5005.85	5005	85	2
8194.15	8194	15	8194.15	8194	15	4
8428.14	8428	14	8428.14	8428	14	4
5725.14	5725	14	5725.14	5725	14	2
9227.5	9227	50	9227.5	9227	50	2
7227.36	7227	36	7227.36	7227	36	4
7809.61	7809	61	7809.61	7809	61	5
6761.92	6761	92	6761.92	6761	92	3
6769.63	6769	63	6769.63	6769	63	2
6707.16	6707	16	6707.16	6707	16	5
7189.73	7189	73	7189.73	7189	73	2
9406.18	9406	18	9406.18	9406	18	5
9512.26	9512	26	9512.26	9512	26	5
8923.53	8923	53	8923.53	8923	53	1
9382.58	9382	58	9382.58	9382	58	2
7860.69	7860	69	7860.69	7860	69	1
6348.68	6348	68	6348.68	6348	68	1
9244.33	9244	33	9244.33	9244	33	1
6974.74	6974	74	6974.74	6974	74	2
5298.39	5298	39	5298.39	5298	39	4
7795.05	7795	5	7795.05	7795	5	1
5616.95	5616	95	5616.95	5616	95	4
6991.63	6991	63	6991.63	6991	63	5
7833.43	7833	43	7833.43	7833	43	5
5476.17	5476	17	5476.17	5476	17	3
8907.1	8907	10	8907.1	8907	10	4
5619.58	5619	58	5619.58	5619	58	4
7321.11	7321	11	7321.11	7321	11	3
8954.79	8954	79	8954.79	8954	79	5
6678.54	6678	54	6678.54	6678	54	4
8331.18	8331	18	8331.18	8331	18	3
8959.16	8959	16	8959.16	8959	16	3
5635.21	5635	21	5635.21	5635	21	4
6759.32	6759	32	6759.32	6759	32	1
5446.82	5446	82	5446.82	5446	82	2
5624.23	5624	23	5624.23	5624	23	2
8986.69	8986	69	8986.69	8986	69	1
9019.43	9019	43	9019.43	9019	43	1
7385.15	7385	15	7385.15	7385	15	1
5754.84	5754	84	5754.84	5754	84	2
5725.59	5725	59	5725.59	5725	59	3
5336.41	5336	41	5336.41	5336	41	2
5922.55	5922	55	5922.55	5922	55	3
6000.37	6000	37	6000.37	6000	37	4
9259.94	9259	94	9259.94	9259	94	4
6066.65	6066	65	6066.65	6066	65	4
8860.58	8860	58	8860.58	8860	58	1
5606.62	5606	62	5606.62	5606	62	2
5309.5	5309	50	5309.5	5309	50	1
6597.32	6597	32	6597.32	6597	32	2
5905.53	5905	53	5905.53	5905	53	5
8868.55	8868	55	8868.55	8868	55	4
7213.8	7213	80	7213.8	7213	80	1
8659.68	8659	68	8659.68	8659	68	1
6700.5	6700	50	6700.5	6700	50	3
8452.49	8452	49	8452.49	8452	49	5
8329.78	8329	78	8329.78	8329	78	5
7320.61	7320	61	7320.61	7320	61	3
5772.12	5772	12	5772.12	5772	12	2
7282.09	7282	9	7282.09	7282	9	1
9761.15	9761	15	9761.15	9761	15	3
9104.3	9104	30	9104.3	9104	30	4
6240.77	6240	77	6240.77	6240	77	5
5395.89	5395	89	5395.89	5395	89	2
6625.14	6625	14	6625.14	6625	14	2
7449.59	7449	59	7449.59	7449	59	1
6019.12	6019	12	6019.12	6019	12	5
5610.35	5610	35	5610.35	5610	35	2
6467.02	6467	2	6467.02	6467	2	2
9167.28	9167	28	9167.28	9167	28	1
6364.72	6364	72	6364.72	6364	72	1
7956.13	7956	13	7956.13	7956	13	1
9503.69	9503	69	9503.69	9503	69	2
8049.27	8049	27	8049.27	8049	27	5
8956.5	8956	50	8956.5	8956	50	4
9524.15	9524	15	9524.15	9524	15	1
9115.92	9115	92	9115.92	9115	92	4
8578.09	8578	9	8578.09	8578	9	5
5893.29	5893	29	5893.29	5893	29	4
9424.94	9424	94	9424.94	9424	94	4
5174.93	5174	93	5174.93	5174	93	3
7561.82	7561	82	7561.82	7561	82	3
9054.49	9054	49	9054.49	9054	49	2
8150.73	8150	73	8150.73	8150	73	5
6982.5	6982	50	6982.5	6982	50	5
5754.52	5754	52	5754.52	5754	52	1
6601.22	6601	22	6601.22	6601	22	5
5310.81	5310	81	5310.81	5310	81	1
8837.13	8837	13	8837.13	8837	13	1
8137.34	8137	34	8137.34	8137	34	3
7592.42	7592	42	7592.42	7592	42	1
8597.8	8597	80	8597.8	8597	80	3
8003.16	8003	16	8003.16	8003	16	4
9595.2	9595	20	9595.2	9595	20	1
9756.21	9756	21	9756.21	9756	21	4
9628.31	9628	31	9628.31	9628	31	5
7807.79	7807	79	7807.79	7807	79	3
5774.34	5774	34	5774.34	5774	34	1
6000.18	6000	18	6000.18	6000	18	3
9274.34	9274	34	9274.34	9274	34	1
5704.14	5704	14	5704.14	5704	14	1
8127.9	8127	90	8127.9	8127	90	5
7992.47	7992	47	7992.47	7992	47	1
5206.35	5206	35	5206.35	5206	35	4
6175.69	6175	69	6175.69	6175	69	5
6947.5	6947	50	6947.5	6947	50	5
5493.5	5493	50	5493.5	5493	50	1
6052.13	6052	13	6052.13	6052	13	5
6288.59	6288	59	6288.59	6288	59	1
6386.79	6386	79	6386.79	6386	79	4
5475.07	5475	7	5475.07	5475	7	3
6462.04	6462	4	6462.04	6462	4	3
9710.13	9710	13	9710.13	9710	13	3
5292.57	5292	57	5292.57	5292	57	2
5375.3	5375	30	5375.3	5375	30	3
6691.15	6691	15	6691.15	6691	15	3
6046.61	6046	61	6046.61	6046	61	4
7739.52	7739	52	7739.52	7739	52	4
7002.96	7002	96	7002.96	7002	96	3
9883.26	9883	26	9883.26	9883	26	1
6638.39	6638	39	6638.39	6638	39	1
5356.39	5356	39	5356.39	5356	39	1
9242.58	9242	58	9242.58	9242	58	4
5403.07	5403	7	5403.07	5403	7	4
9952.11	9952	11	9952.11	9952	11	3
8997.8	8997	80	8997.8	8997	80	4
5793.9	5793	90	5793.9	5793	90	5
7758.42	7758	42	7758.42	7758	42	5
9772.66	9772	66	9772.66	9772	66	4
6793.09	6793	9	6793.09	6793	9	5
7794.76	7794	76	7794.76	7794	76	1
6238.8	6238	80	6238.8	6238	80	4
9920.99	9920	99	9920.99	9920	99	4
6549.76	6549	76	6549.76	6549	76	3
7207.15	7207	15	7207.15	7207	15	5
6857.21	6857	21	6857.21	6857	21	5
8496.26	8496	26	8496.26	8496	26	4
7700.17	7700	17	7700.17	7700	17	5
7909.34	7909	34	7909.34	7909	34	4
9784.37	9784	37	9784.37	9784	37	4
9849.96	9849	96	9849.96	9849	96	4
9148.42	9148	42	9148.42	9148	42	4
7009.41	7009	41	7009.41	7009	41	4
9558.61	9558	61	9558.61	9558	61	1
9440.51	9440	51	9440.51	9440	51	2
8147.71	8147	71	8147.71	8147	71	1
7012.76	7012	76	7012.76	7012	76	5
6248.12	6248	12	6248.12	6248	12	2
5885.76	5885	76	5885.76	5885	76	4
9014.73	9014	73	9014.73	9014	73	3
6130.9	6130	90	6130.9	6130	90	3
8287.67	8287	67	8287.67	8287	67	1
9370.64	9370	64	9370.64	9370	64	5
6134.48	6134	48	6134.48	6134	48	3
8690.74	8690	74	8690.74	8690	74	2
5083.27	5083	27	5083.27	5083	27	2
5131.28	5131	28	5131.28	5131	28	1
5246.65	5246	65	5246.65	5246	65	3
8604.69	8604	69	8604.69	8604	69	3
5665.46	5665	46	5665.46	5665	46	2
7039.74	7039	74	7039.74	7039	74	2
7161.98	7161	98	7161.98	7161	98	3
6903.26	6903	26	6903.26	6903	26	2
7722.25	7722	25	7722.25	7722	25	3
8710.74	8710	74	8710.74	8710	74	3
9110.93	9110	93	9110.93	9110	93	1
5341.46	5341	46	5341.46	5341	46	2
7968	7968	0	7968	7968	0	1
7573.1	7573	10	7573.1	7573	10	1
8251.81	8251	81	8251.81	8251	81	3
8515.89	8515	89	8515.89	8515	89	5
7421.58	7421	58	7421.58	7421	58	1
7398.75	7398	75	7398.75	7398	75	3
6286.82	6286	82	6286.82	6286	82	3
stocks
19323.04	19323	4	1
