items_number
200
stocks_number
1
digit
2
items
986.53	986	53	986.53	986	53	5
983.31	983	31	983.31	983	31	2
921.3	921	30	921.3	921	30	4
696.44	696	44	696.44	696	44	5
581.57	581	57	581.57	581	57	4
971.28	971	28	971.28	971	28	1
974.79	974	79	974.79	974	79	4
620.23	620	23	620.23	620	23	2
901.53	901	53	901.53	901	53	4
767.89	767	89	767.89	767	89	4
662.84	662	84	662.84	662	84	4
985.12	985	12	985.12	985	12	5
699.75	699	75	699.75	699	75	5
963.3	963	30	963.3	963	30	1
749.11	749	11	749.11	749	11	1
775.66	775	66	775.66	775	66	3
942.06	942	6	942.06	942	6	5
815.36	815	36	815.36	815	36	4
748.62	748	62	748.62	748	62	3
794.71	794	71	794.71	794	71	1
856.24	856	24	856.24	856	24	3
968.85	968	85	968.85	968	85	2
864.25	864	25	864.25	864	25	2
645.91	645	91	645.91	645	91	5
941.02	941	2	941.02	941	2	3
847.76	847	76	847.76	847	76	5
696.24	696	24	696.24	696	24	1
877.65	877	65	877.65	877	65	4
569.6	569	60	569.6	569	60	5
669.64	669	64	669.64	669	64	4
661.05	661	5	661.05	661	5	2
554.14	554	14	554.14	554	14	5
651.48	651	48	651.48	651	48	2
828.35	828	35	828.35	828	35	2
750.58	750	58	750.58	750	58	4
979.57	979	57	979.57	979	57	2
798.16	798	16	798.16	798	16	3
971.37	971	37	971.37	971	37	3
846.8	846	80	846.8	846	80	3
698.69	698	69	698.69	698	69	3
984.79	984	79	984.79	984	79	3
507.17	507	17	507.17	507	17	4
683.33	683	33	683.33	683	33	4
682.54	682	54	682.54	682	54	4
716.99	716	99	716.99	716	99	1
678.44	678	44	678.44	678	44	4
703.2	703	20	703.2	703	20	1
658.05	658	5	658.05	658	5	2
993.32	993	32	993.32	993	32	4
697.34	697	34	697.34	697	34	3
698.77	698	77	698.77	698	77	2
849.08	849	8	849.08	849	8	2
911.19	911	19	911.19	911	19	4
809.02	809	2	809.02	809	2	5
994.99	994	99	994.99	994	99	1
852.73	852	73	852.73	852	73	3
902.3	902	30	902.3	902	30	5
936.75	936	75	936.75	936	75	4
975.39	975	39	975.39	975	39	3
971.91	971	91	971.91	971	91	1
604.4	604	40	604.4	604	40	4
882.96	882	96	882.96	882	96	4
525.05	525	5	525.05	525	5	5
756.88	756	88	756.88	756	88	5
709.83	709	83	709.83	709	83	2
521.63	521	63	521.63	521	63	1
981.45	981	45	981.45	981	45	3
506.99	506	99	506.99	506	99	4
992.52	992	52	992.52	992	52	3
826.78	826	78	826.78	826	78	2
952.2	952	20	952.2	952	20	3
975.83	975	83	975.83	975	83	2
833.95	833	95	833.95	833	95	2
634.54	634	54	634.54	634	54	2
903.37	903	37	903.37	903	37	5
549.94	549	94	549.94	549	94	4
558.5	558	50	558.5	558	50	2
852.09	852	9	852.09	852	9	5
954.51	954	51	954.51	954	51	5
551.35	551	35	551.35	551	35	1
548.44	548	44	548.44	548	44	4
898.28	898	28	898.28	898	28	1
646.43	646	43	646.43	646	43	2
706.15	706	15	706.15	706	15	4
706.83	706	83	706.83	706	83	3
886.95	886	95	886.95	886	95	4
804.89	804	89	804.89	804	89	3
608.13	608	13	608.13	608	13	4
821.7	821	70	821.7	821	70	4
778.28	778	28	778.28	778	28	5
578.04	578	4	578.04	578	4	4
926.62	926	62	926.62	926	62	2
660.76	660	76	660.76	660	76	5
850.61	850	61	850.61	850	61	4
928.02	928	2	928.02	928	2	3
869.59	869	59	869.59	869	59	1
872.24	872	24	872.24	872	24	4
654.48	654	48	654.48	654	48	2
876.59	876	59	876.59	876	59	2
609.29	609	29	609.29	609	29	3
981.78	981	78	981.78	981	78	4
827.31	827	31	827.31	827	31	4
831.12	831	12	831.12	831	12	4
813.25	813	25	813.25	813	25	5
707.85	707	85	707.85	707	85	2
980.02	980	2	980.02	980	2	3
608.71	608	71	608.71	608	71	4
765.88	765	88	765.88	765	88	4
832.11	832	11	832.11	832	11	4
561.22	561	22	561.22	561	22	5
562.23	562	23	562.23	562	23	4
626.07	626	7	626.07	626	7	2
706.03	706	3	706.03	706	3	1
708.66	708	66	708.66	708	66	2
832.23	832	23	832.23	832	23	2
912.38	912	38	912.38	912	38	5
840.61	840	61	840.61	840	61	2
635.12	635	12	635.12	635	12	4
766.03	766	3	766.03	766	3	3
908.84	908	84	908.84	908	84	1
660.92	660	92	660.92	660	92	3
845.08	845	8	845.08	845	8	1
833.46	833	46	833.46	833	46	4
820.68	820	68	820.68	820	68	4
941.69	941	69	941.69	941	69	1
506.49	506	49	506.49	506	49	2
688.27	688	27	688.27	688	27	4
558.46	558	46	558.46	558	46	1
907.49	907	49	907.49	907	49	3
810.38	810	38	810.38	810	38	2
668.27	668	27	668.27	668	27	3
887.79	887	79	887.79	887	79	3
636.7	636	70	636.7	636	70	3
745.91	745	91	745.91	745	91	3
947.04	947	4	947.04	947	4	5
589.07	589	7	589.07	589	7	4
724.45	724	45	724.45	724	45	2
554.75	554	75	554.75	554	75	3
601.95	601	95	601.95	601	95	2
802.09	802	9	802.09	802	9	5
863.97	863	97	863.97	863	97	2
663.18	663	18	663.18	663	18	2
929.16	929	16	929.16	929	16	3
568.52	568	52	568.52	568	52	4
618.37	618	37	618.37	618	37	3
506.39	506	39	506.39	506	39	4
726.9	726	90	726.9	726	90	5
958.5	958	50	958.5	958	50	2
889.03	889	3	889.03	889	3	2
993.94	993	94	993.94	993	94	2
865.86	865	86	865.86	865	86	2
548.47	548	47	548.47	548	47	1
583.54	583	54	583.54	583	54	5
944.33	944	33	944.33	944	33	5
868.67	868	67	868.67	868	67	4
523.75	523	75	523.75	523	75	5
696.34	696	34	696.34	696	34	3
802.95	802	95	802.95	802	95	5
582.21	582	21	582.21	582	21	1
603.35	603	35	603.35	603	35	3
612.85	612	85	612.85	612	85	3
997	997	0	997	997	0	5
736.14	736	14	736.14	736	14	2
995.07	995	7	995.07	995	7	5
741.44	741	44	741.44	741	44	3
682.18	682	18	682.18	682	18	1
584.67	584	67	584.67	584	67	4
711.89	711	89	711.89	711	89	4
984.93	984	93	984.93	984	93	5
932.14	932	14	932.14	932	14	2
513.98	513	98	513.98	513	98	1
846.42	846	42	846.42	846	42	4
594.85	594	85	594.85	594	85	4
688.15	688	15	688.15	688	15	3
660.95	660	95	660.95	660	95	4
959.22	959	22	959.22	959	22	3
694.06	694	6	694.06	694	6	4
886.85	886	85	886.85	886	85	4
663.24	663	24	663.24	663	24	4
582.62	582	62	582.62	582	62	2
878.31	878	31	878.31	878	31	5
774.11	774	11	774.11	774	11	5
630.09	630	9	630.09	630	9	3
961.85	961	85	961.85	961	85	1
718.96	718	96	718.96	718	96	2
744.77	744	77	744.77	744	77	3
731.61	731	61	731.61	731	61	1
660.3	660	30	660.3	660	30	1
546.24	546	24	546.24	546	24	4
813.34	813	34	813.34	813	34	3
509.17	509	17	509.17	509	17	5
658.61	658	61	658.61	658	61	4
555.35	555	35	555.35	555	35	2
746.31	746	31	746.31	746	31	2
899.21	899	21	899.21	899	21	3
542.31	542	31	542.31	542	31	1
674.01	674	1	674.01	674	1	4
983.88	983	88	983.88	983	88	3
753.72	753	72	753.72	753	72	2
657.46	657	46	657.46	657	46	4
stocks
2382.86	2382	86	1
