items_number
200
stocks_number
1
digit
2
items
851.09	851	9	851.09	851	9	2
546.51	546	51	546.51	546	51	1
904.94	904	94	904.94	904	94	2
933.6	933	60	933.6	933	60	3
658.43	658	43	658.43	658	43	4
504.07	504	7	504.07	504	7	1
540.68	540	68	540.68	540	68	3
817.9	817	90	817.9	817	90	2
611.05	611	5	611.05	611	5	4
516.66	516	66	516.66	516	66	3
604.31	604	31	604.31	604	31	2
755.01	755	1	755.01	755	1	2
927.62	927	62	927.62	927	62	3
969.31	969	31	969.31	969	31	1
725.02	725	2	725.02	725	2	3
505.6	505	60	505.6	505	60	3
535.3	535	30	535.3	535	30	3
701.67	701	67	701.67	701	67	3
871.1	871	10	871.1	871	10	2
897.76	897	76	897.76	897	76	3
782.55	782	55	782.55	782	55	3
916.58	916	58	916.58	916	58	3
904.79	904	79	904.79	904	79	2
714.94	714	94	714.94	714	94	2
956.55	956	55	956.55	956	55	2
728.91	728	91	728.91	728	91	5
557.63	557	63	557.63	557	63	4
664.47	664	47	664.47	664	47	4
975.4	975	40	975.4	975	40	4
671.56	671	56	671.56	671	56	5
806.13	806	13	806.13	806	13	4
826.02	826	2	826.02	826	2	5
964.07	964	7	964.07	964	7	2
957.6	957	60	957.6	957	60	3
758.14	758	14	758.14	758	14	2
621.02	621	2	621.02	621	2	1
707.19	707	19	707.19	707	19	3
545.83	545	83	545.83	545	83	1
685.92	685	92	685.92	685	92	4
564.24	564	24	564.24	564	24	3
561.01	561	1	561.01	561	1	4
789.75	789	75	789.75	789	75	3
820.77	820	77	820.77	820	77	2
735.15	735	15	735.15	735	15	3
504.58	504	58	504.58	504	58	3
791.79	791	79	791.79	791	79	4
987.27	987	27	987.27	987	27	3
539.4	539	40	539.4	539	40	5
738.98	738	98	738.98	738	98	1
857.37	857	37	857.37	857	37	4
683.17	683	17	683.17	683	17	4
520.54	520	54	520.54	520	54	5
518.95	518	95	518.95	518	95	3
586.96	586	96	586.96	586	96	3
734	734	0	734	734	0	2
974.5	974	50	974.5	974	50	1
560.4	560	40	560.4	560	40	2
537.63	537	63	537.63	537	63	2
637.5	637	50	637.5	637	50	4
534.8	534	80	534.8	534	80	5
956.19	956	19	956.19	956	19	3
689.15	689	15	689.15	689	15	5
606.34	606	34	606.34	606	34	1
919.78	919	78	919.78	919	78	4
645.75	645	75	645.75	645	75	2
611.49	611	49	611.49	611	49	3
540.8	540	80	540.8	540	80	1
599.94	599	94	599.94	599	94	4
903.84	903	84	903.84	903	84	3
725.24	725	24	725.24	725	24	5
663.71	663	71	663.71	663	71	3
964.85	964	85	964.85	964	85	3
760.51	760	51	760.51	760	51	2
729	729	0	729	729	0	4
945.52	945	52	945.52	945	52	3
510.1	510	10	510.1	510	10	1
520.32	520	32	520.32	520	32	2
931.79	931	79	931.79	931	79	5
797.5	797	50	797.5	797	50	2
758.82	758	82	758.82	758	82	4
533.16	533	16	533.16	533	16	5
980.19	980	19	980.19	980	19	3
524.88	524	88	524.88	524	88	4
551.12	551	12	551.12	551	12	2
812.16	812	16	812.16	812	16	5
505.88	505	88	505.88	505	88	2
771.14	771	14	771.14	771	14	4
618.08	618	8	618.08	618	8	3
542.52	542	52	542.52	542	52	3
654.16	654	16	654.16	654	16	3
899.88	899	88	899.88	899	88	4
998.23	998	23	998.23	998	23	2
844.32	844	32	844.32	844	32	2
752.75	752	75	752.75	752	75	4
917.54	917	54	917.54	917	54	5
735.07	735	7	735.07	735	7	5
863.24	863	24	863.24	863	24	3
703.34	703	34	703.34	703	34	1
834.54	834	54	834.54	834	54	5
765.08	765	8	765.08	765	8	3
674.11	674	11	674.11	674	11	2
998.77	998	77	998.77	998	77	2
975.45	975	45	975.45	975	45	2
934.62	934	62	934.62	934	62	5
726.77	726	77	726.77	726	77	1
666.97	666	97	666.97	666	97	4
691.72	691	72	691.72	691	72	5
993.61	993	61	993.61	993	61	4
596.76	596	76	596.76	596	76	3
988.75	988	75	988.75	988	75	3
998.44	998	44	998.44	998	44	3
877.44	877	44	877.44	877	44	4
713.94	713	94	713.94	713	94	5
521.32	521	32	521.32	521	32	1
928.08	928	8	928.08	928	8	5
771.62	771	62	771.62	771	62	1
526.73	526	73	526.73	526	73	2
946.75	946	75	946.75	946	75	1
889.7	889	70	889.7	889	70	5
816.77	816	77	816.77	816	77	1
599.91	599	91	599.91	599	91	3
533.11	533	11	533.11	533	11	3
813	813	0	813	813	0	2
943.23	943	23	943.23	943	23	1
785.86	785	86	785.86	785	86	4
976.54	976	54	976.54	976	54	1
925.83	925	83	925.83	925	83	5
894.1	894	10	894.1	894	10	3
925.41	925	41	925.41	925	41	3
758.89	758	89	758.89	758	89	1
905.7	905	70	905.7	905	70	2
598.52	598	52	598.52	598	52	4
501.66	501	66	501.66	501	66	2
880.15	880	15	880.15	880	15	1
779.66	779	66	779.66	779	66	5
975.95	975	95	975.95	975	95	4
792.12	792	12	792.12	792	12	4
970.91	970	91	970.91	970	91	1
967.09	967	9	967.09	967	9	3
888.4	888	40	888.4	888	40	4
703.66	703	66	703.66	703	66	4
964.53	964	53	964.53	964	53	5
764.36	764	36	764.36	764	36	2
916.12	916	12	916.12	916	12	5
732.37	732	37	732.37	732	37	5
939.45	939	45	939.45	939	45	4
933.75	933	75	933.75	933	75	1
504.1	504	10	504.1	504	10	3
630.2	630	20	630.2	630	20	1
821.97	821	97	821.97	821	97	5
820.87	820	87	820.87	820	87	3
729.63	729	63	729.63	729	63	3
600.08	600	8	600.08	600	8	5
880.4	880	40	880.4	880	40	4
919.87	919	87	919.87	919	87	5
886.46	886	46	886.46	886	46	5
601.46	601	46	601.46	601	46	4
589.22	589	22	589.22	589	22	1
525.08	525	8	525.08	525	8	4
526.87	526	87	526.87	526	87	4
593.63	593	63	593.63	593	63	1
931.78	931	78	931.78	931	78	3
624.91	624	91	624.91	624	91	4
595.81	595	81	595.81	595	81	4
556.45	556	45	556.45	556	45	3
903.1	903	10	903.1	903	10	4
569.76	569	76	569.76	569	76	3
848.09	848	9	848.09	848	9	1
618.01	618	1	618.01	618	1	4
782.85	782	85	782.85	782	85	5
982.49	982	49	982.49	982	49	1
821.19	821	19	821.19	821	19	4
993.9	993	90	993.9	993	90	1
993.86	993	86	993.86	993	86	5
983.31	983	31	983.31	983	31	4
724.28	724	28	724.28	724	28	5
931.83	931	83	931.83	931	83	5
915.58	915	58	915.58	915	58	1
728.9	728	90	728.9	728	90	2
807.03	807	3	807.03	807	3	5
735.08	735	8	735.08	735	8	5
795.78	795	78	795.78	795	78	1
535.66	535	66	535.66	535	66	4
582.68	582	68	582.68	582	68	1
674.7	674	70	674.7	674	70	4
700.05	700	5	700.05	700	5	3
968.15	968	15	968.15	968	15	2
775.16	775	16	775.16	775	16	2
789.79	789	79	789.79	789	79	5
739.23	739	23	739.23	739	23	1
801.56	801	56	801.56	801	56	2
883.42	883	42	883.42	883	42	5
669.54	669	54	669.54	669	54	3
672.99	672	99	672.99	672	99	1
724.75	724	75	724.75	724	75	3
725.99	725	99	725.99	725	99	5
821.09	821	9	821.09	821	9	4
539.04	539	4	539.04	539	4	2
819.09	819	9	819.09	819	9	2
940.1	940	10	940.1	940	10	4
stocks
2580.57	2580	57	1
