items_number
200
stocks_number
1
digit
2
items
70293.86	70293	86	70293.86	70293	86	4
72116.15	72116	15	72116.15	72116	15	3
82311.23	82311	23	82311.23	82311	23	5
69346.88	69346	88	69346.88	69346	88	3
58074.3	58074	30	58074.3	58074	30	4
62153.64	62153	64	62153.64	62153	64	5
60241.23	60241	23	60241.23	60241	23	2
86277.51	86277	51	86277.51	86277	51	4
76723.82	76723	82	76723.82	76723	82	1
77693.17	77693	17	77693.17	77693	17	5
90075.19	90075	19	90075.19	90075	19	3
93684.39	93684	39	93684.39	93684	39	3
68177.05	68177	5	68177.05	68177	5	5
56938.4	56938	40	56938.4	56938	40	2
72019.82	72019	82	72019.82	72019	82	3
86844.01	86844	1	86844.01	86844	1	4
90617.51	90617	51	90617.51	90617	51	4
56923.7	56923	70	56923.7	56923	70	1
81532.93	81532	93	81532.93	81532	93	5
64647.49	64647	49	64647.49	64647	49	1
97081.99	97081	99	97081.99	97081	99	3
68853.23	68853	23	68853.23	68853	23	3
63825.15	63825	15	63825.15	63825	15	3
58607.67	58607	67	58607.67	58607	67	5
56946.75	56946	75	56946.75	56946	75	3
80982.12	80982	12	80982.12	80982	12	1
98623.81	98623	81	98623.81	98623	81	4
54707.33	54707	33	54707.33	54707	33	3
85688.8	85688	80	85688.8	85688	80	4
74604.04	74604	4	74604.04	74604	4	4
86697.5	86697	50	86697.5	86697	50	3
55980.66	55980	66	55980.66	55980	66	4
56020.19	56020	19	56020.19	56020	19	1
69007.74	69007	74	69007.74	69007	74	4
84628.06	84628	6	84628.06	84628	6	3
64094.01	64094	1	64094.01	64094	1	1
81160.9	81160	90	81160.9	81160	90	4
94869.82	94869	82	94869.82	94869	82	4
59672.53	59672	53	59672.53	59672	53	5
67184.72	67184	72	67184.72	67184	72	1
72561.51	72561	51	72561.51	72561	51	1
99747.24	99747	24	99747.24	99747	24	4
60867.12	60867	12	60867.12	60867	12	4
50038.08	50038	8	50038.08	50038	8	2
56684.64	56684	64	56684.64	56684	64	2
92187.46	92187	46	92187.46	92187	46	1
86882.1	86882	10	86882.1	86882	10	5
97301.68	97301	68	97301.68	97301	68	5
99110.16	99110	16	99110.16	99110	16	1
77714.55	77714	55	77714.55	77714	55	2
71248.17	71248	17	71248.17	71248	17	3
55491.67	55491	67	55491.67	55491	67	3
96568.79	96568	79	96568.79	96568	79	4
85073.32	85073	32	85073.32	85073	32	5
64098.86	64098	86	64098.86	64098	86	4
62814.54	62814	54	62814.54	62814	54	1
75355.96	75355	96	75355.96	75355	96	2
72021.67	72021	67	72021.67	72021	67	4
67521.87	67521	87	67521.87	67521	87	5
61043.76	61043	76	61043.76	61043	76	3
55925.23	55925	23	55925.23	55925	23	2
63518.9	63518	90	63518.9	63518	90	3
76324.94	76324	94	76324.94	76324	94	1
71247.94	71247	94	71247.94	71247	94	5
82525.16	82525	16	82525.16	82525	16	1
70252.01	70252	1	70252.01	70252	1	4
85341.96	85341	96	85341.96	85341	96	5
72986.06	72986	6	72986.06	72986	6	1
74421.83	74421	83	74421.83	74421	83	4
95013.01	95013	1	95013.01	95013	1	1
90170.31	90170	31	90170.31	90170	31	2
56283.34	56283	34	56283.34	56283	34	1
94759.25	94759	25	94759.25	94759	25	4
51036.43	51036	43	51036.43	51036	43	2
56321.94	56321	94	56321.94	56321	94	3
60743.89	60743	89	60743.89	60743	89	1
93223.89	93223	89	93223.89	93223	89	4
52504.04	52504	4	52504.04	52504	4	4
67344.57	67344	57	67344.57	67344	57	5
51633.58	51633	58	51633.58	51633	58	4
89519.6	89519	60	89519.6	89519	60	5
88592.26	88592	26	88592.26	88592	26	2
57124.77	57124	77	57124.77	57124	77	3
86086.39	86086	39	86086.39	86086	39	5
82965.11	82965	11	82965.11	82965	11	4
80523.64	80523	64	80523.64	80523	64	3
58201.45	58201	45	58201.45	58201	45	5
58320.07	58320	7	58320.07	58320	7	2
61844.83	61844	83	61844.83	61844	83	1
75722.33	75722	33	75722.33	75722	33	2
78664.36	78664	36	78664.36	78664	36	4
67770.07	67770	7	67770.07	67770	7	3
89241.75	89241	75	89241.75	89241	75	4
64288.3	64288	30	64288.3	64288	30	2
89017.01	89017	1	89017.01	89017	1	4
81066.91	81066	91	81066.91	81066	91	1
93842.83	93842	83	93842.83	93842	83	2
83658.49	83658	49	83658.49	83658	49	3
54051.49	54051	49	54051.49	54051	49	2
68262.66	68262	66	68262.66	68262	66	2
78671.5	78671	50	78671.5	78671	50	1
94221.8	94221	80	94221.8	94221	80	5
83846.52	83846	52	83846.52	83846	52	3
82730.75	82730	75	82730.75	82730	75	4
54557.23	54557	23	54557.23	54557	23	3
90168.47	90168	47	90168.47	90168	47	2
93474.17	93474	17	93474.17	93474	17	1
97781.65	97781	65	97781.65	97781	65	1
51972.03	51972	3	51972.03	51972	3	2
70118.26	70118	26	70118.26	70118	26	1
58714.75	58714	75	58714.75	58714	75	4
91491.15	91491	15	91491.15	91491	15	4
58710.53	58710	53	58710.53	58710	53	4
65838.04	65838	4	65838.04	65838	4	3
86878.06	86878	6	86878.06	86878	6	3
50975.16	50975	16	50975.16	50975	16	4
55661.2	55661	20	55661.2	55661	20	2
95079.52	95079	52	95079.52	95079	52	5
68596.23	68596	23	68596.23	68596	23	1
67505.04	67505	4	67505.04	67505	4	2
80101.37	80101	37	80101.37	80101	37	1
97260.11	97260	11	97260.11	97260	11	1
94576.63	94576	63	94576.63	94576	63	1
69341.12	69341	12	69341.12	69341	12	1
70849.42	70849	42	70849.42	70849	42	2
92893.16	92893	16	92893.16	92893	16	4
59708.03	59708	3	59708.03	59708	3	1
64690.77	64690	77	64690.77	64690	77	5
76551.66	76551	66	76551.66	76551	66	4
63759.52	63759	52	63759.52	63759	52	4
82952.44	82952	44	82952.44	82952	44	2
64522.16	64522	16	64522.16	64522	16	4
67281.33	67281	33	67281.33	67281	33	5
76099.48	76099	48	76099.48	76099	48	1
56552.44	56552	44	56552.44	56552	44	2
71838.08	71838	8	71838.08	71838	8	2
66266.47	66266	47	66266.47	66266	47	4
59326.61	59326	61	59326.61	59326	61	3
78919.25	78919	25	78919.25	78919	25	2
77539.03	77539	3	77539.03	77539	3	5
79445.39	79445	39	79445.39	79445	39	5
87633	87633	0	87633	87633	0	2
78330.18	78330	18	78330.18	78330	18	5
88155.92	88155	92	88155.92	88155	92	5
62771.05	62771	5	62771.05	62771	5	1
65207.77	65207	77	65207.77	65207	77	5
98431.6	98431	60	98431.6	98431	60	4
77733.77	77733	77	77733.77	77733	77	2
69586.29	69586	29	69586.29	69586	29	4
67027.36	67027	36	67027.36	67027	36	1
95239.81	95239	81	95239.81	95239	81	4
99688.66	99688	66	99688.66	99688	66	1
73587.47	73587	47	73587.47	73587	47	1
99115.96	99115	96	99115.96	99115	96	4
78329.78	78329	78	78329.78	78329	78	1
94436.41	94436	41	94436.41	94436	41	5
92008.13	92008	13	92008.13	92008	13	5
88037.33	88037	33	88037.33	88037	33	1
68426.19	68426	19	68426.19	68426	19	4
77859.79	77859	79	77859.79	77859	79	3
61097.85	61097	85	61097.85	61097	85	2
60679.15	60679	15	60679.15	60679	15	5
51681.47	51681	47	51681.47	51681	47	1
78378.7	78378	70	78378.7	78378	70	1
86778.15	86778	15	86778.15	86778	15	2
58233.91	58233	91	58233.91	58233	91	4
59516.79	59516	79	59516.79	59516	79	3
62344.15	62344	15	62344.15	62344	15	5
67560.04	67560	4	67560.04	67560	4	3
88436.04	88436	4	88436.04	88436	4	1
89883.18	89883	18	89883.18	89883	18	2
97005.44	97005	44	97005.44	97005	44	2
85369.57	85369	57	85369.57	85369	57	3
68212.88	68212	88	68212.88	68212	88	1
94460.88	94460	88	94460.88	94460	88	4
57441.14	57441	14	57441.14	57441	14	3
92721.65	92721	65	92721.65	92721	65	5
92890.49	92890	49	92890.49	92890	49	4
85174.91	85174	91	85174.91	85174	91	5
62306.46	62306	46	62306.46	62306	46	5
69217.85	69217	85	69217.85	69217	85	1
80412.25	80412	25	80412.25	80412	25	3
71294.64	71294	64	71294.64	71294	64	2
92805.84	92805	84	92805.84	92805	84	1
79527.21	79527	21	79527.21	79527	21	3
99624.94	99624	94	99624.94	99624	94	2
96541.26	96541	26	96541.26	96541	26	2
80835.34	80835	34	80835.34	80835	34	2
96961.27	96961	27	96961.27	96961	27	5
64967.97	64967	97	64967.97	64967	97	1
58693.65	58693	65	58693.65	58693	65	4
58057.65	58057	65	58057.65	58057	65	1
75646.12	75646	12	75646.12	75646	12	2
60374.65	60374	65	60374.65	60374	65	1
86435.87	86435	87	86435.87	86435	87	1
62423.27	62423	27	62423.27	62423	27	4
77908.08	77908	8	77908.08	77908	8	5
55252.66	55252	66	55252.66	55252	66	5
74767.42	74767	42	74767.42	74767	42	3
95468.65	95468	65	95468.65	95468	65	2
stocks
136531.63	136531	63	1
