items_number
200
stocks_number
1
digit
2
items
925559.47	925559	47	925559.47	925559	47	4
646555	646555	0	646555	646555	0	5
648565.3	648565	30	648565.3	648565	30	5
518124.75	518124	75	518124.75	518124	75	5
773326.94	773326	94	773326.94	773326	94	2
658098.47	658098	47	658098.47	658098	47	3
751933.74	751933	74	751933.74	751933	74	4
961964.03	961964	3	961964.03	961964	3	5
748436.65	748436	65	748436.65	748436	65	3
934267.21	934267	21	934267.21	934267	21	2
517700.05	517700	5	517700.05	517700	5	1
716369.55	716369	55	716369.55	716369	55	2
888032.92	888032	92	888032.92	888032	92	4
716696.94	716696	94	716696.94	716696	94	3
755492.02	755492	2	755492.02	755492	2	2
738773.35	738773	35	738773.35	738773	35	1
995784.23	995784	23	995784.23	995784	23	2
504320.7	504320	70	504320.7	504320	70	3
621083.1	621083	10	621083.1	621083	10	4
666774.12	666774	12	666774.12	666774	12	2
881014.77	881014	77	881014.77	881014	77	5
546491.36	546491	36	546491.36	546491	36	5
555419.19	555419	19	555419.19	555419	19	3
703555.35	703555	35	703555.35	703555	35	2
763893.3	763893	30	763893.3	763893	30	2
651737.87	651737	87	651737.87	651737	87	5
820383.13	820383	13	820383.13	820383	13	2
754903.67	754903	67	754903.67	754903	67	3
689647.32	689647	32	689647.32	689647	32	2
892734.46	892734	46	892734.46	892734	46	1
871810.84	871810	84	871810.84	871810	84	1
615205.31	615205	31	615205.31	615205	31	1
559935.98	559935	98	559935.98	559935	98	5
541021.15	541021	15	541021.15	541021	15	2
633330.07	633330	7	633330.07	633330	7	5
833261.92	833261	92	833261.92	833261	92	4
719767.14	719767	14	719767.14	719767	14	5
905910.33	905910	33	905910.33	905910	33	5
815872.47	815872	47	815872.47	815872	47	5
968203.31	968203	31	968203.31	968203	31	2
860823.54	860823	54	860823.54	860823	54	1
854219.52	854219	52	854219.52	854219	52	3
684572.39	684572	39	684572.39	684572	39	5
748855.98	748855	98	748855.98	748855	98	5
591561.98	591561	98	591561.98	591561	98	5
960711.41	960711	41	960711.41	960711	41	1
508274.33	508274	33	508274.33	508274	33	2
587345.22	587345	22	587345.22	587345	22	1
985678.63	985678	63	985678.63	985678	63	1
650005.95	650005	95	650005.95	650005	95	5
754119.86	754119	86	754119.86	754119	86	4
866691.92	866691	92	866691.92	866691	92	2
696496.31	696496	31	696496.31	696496	31	4
830185.05	830185	5	830185.05	830185	5	2
590892.79	590892	79	590892.79	590892	79	3
981036.14	981036	14	981036.14	981036	14	3
981923.93	981923	93	981923.93	981923	93	1
931922.92	931922	92	931922.92	931922	92	4
735938.81	735938	81	735938.81	735938	81	5
692216.77	692216	77	692216.77	692216	77	4
824655.9	824655	90	824655.9	824655	90	4
628395.65	628395	65	628395.65	628395	65	2
807422.6	807422	60	807422.6	807422	60	4
884590.89	884590	89	884590.89	884590	89	1
690063.32	690063	32	690063.32	690063	32	4
961399.67	961399	67	961399.67	961399	67	5
738498.33	738498	33	738498.33	738498	33	4
909830.46	909830	46	909830.46	909830	46	3
867308.52	867308	52	867308.52	867308	52	5
575016.81	575016	81	575016.81	575016	81	3
878033.78	878033	78	878033.78	878033	78	1
728130.58	728130	58	728130.58	728130	58	2
929235.85	929235	85	929235.85	929235	85	5
583251.17	583251	17	583251.17	583251	17	2
997632.57	997632	57	997632.57	997632	57	1
541442.84	541442	84	541442.84	541442	84	1
564608.1	564608	10	564608.1	564608	10	2
505906.42	505906	42	505906.42	505906	42	5
628787.06	628787	6	628787.06	628787	6	4
550285.25	550285	25	550285.25	550285	25	2
655911.38	655911	38	655911.38	655911	38	1
882906.44	882906	44	882906.44	882906	44	2
937623.18	937623	18	937623.18	937623	18	4
873054.21	873054	21	873054.21	873054	21	2
713091.49	713091	49	713091.49	713091	49	5
528514.97	528514	97	528514.97	528514	97	3
854089.35	854089	35	854089.35	854089	35	4
715660.94	715660	94	715660.94	715660	94	2
960437.9	960437	90	960437.9	960437	90	2
610673.68	610673	68	610673.68	610673	68	5
907876.23	907876	23	907876.23	907876	23	1
805738.32	805738	32	805738.32	805738	32	5
759715.34	759715	34	759715.34	759715	34	1
735944.84	735944	84	735944.84	735944	84	1
710975.73	710975	73	710975.73	710975	73	2
970426.66	970426	66	970426.66	970426	66	1
697342.03	697342	3	697342.03	697342	3	1
970120.07	970120	7	970120.07	970120	7	5
880255.65	880255	65	880255.65	880255	65	5
585296.08	585296	8	585296.08	585296	8	5
545135.4	545135	40	545135.4	545135	40	5
778934.95	778934	95	778934.95	778934	95	2
813427.66	813427	66	813427.66	813427	66	1
995017.25	995017	25	995017.25	995017	25	1
862185.12	862185	12	862185.12	862185	12	3
831705.23	831705	23	831705.23	831705	23	4
536458.61	536458	61	536458.61	536458	61	2
926793.74	926793	74	926793.74	926793	74	2
837611.18	837611	18	837611.18	837611	18	3
665246.19	665246	19	665246.19	665246	19	5
997725.99	997725	99	997725.99	997725	99	5
514168.08	514168	8	514168.08	514168	8	3
568798.63	568798	63	568798.63	568798	63	3
935347.17	935347	17	935347.17	935347	17	3
887222.29	887222	29	887222.29	887222	29	4
802536.65	802536	65	802536.65	802536	65	3
963862.67	963862	67	963862.67	963862	67	3
761957.17	761957	17	761957.17	761957	17	4
518195.11	518195	11	518195.11	518195	11	1
944945.57	944945	57	944945.57	944945	57	4
893278.85	893278	85	893278.85	893278	85	3
946719.35	946719	35	946719.35	946719	35	1
771329.41	771329	41	771329.41	771329	41	5
673639.19	673639	19	673639.19	673639	19	1
682662.71	682662	71	682662.71	682662	71	2
982304.15	982304	15	982304.15	982304	15	2
644064.38	644064	38	644064.38	644064	38	1
880005.26	880005	26	880005.26	880005	26	4
952423.22	952423	22	952423.22	952423	22	1
524319.55	524319	55	524319.55	524319	55	3
965301.34	965301	34	965301.34	965301	34	3
518204.14	518204	14	518204.14	518204	14	2
823900.5	823900	50	823900.5	823900	50	4
799374.53	799374	53	799374.53	799374	53	5
513220.91	513220	91	513220.91	513220	91	3
706732.14	706732	14	706732.14	706732	14	2
631079.28	631079	28	631079.28	631079	28	5
570326.53	570326	53	570326.53	570326	53	4
654171.88	654171	88	654171.88	654171	88	3
989337.46	989337	46	989337.46	989337	46	2
756219.72	756219	72	756219.72	756219	72	5
651896.39	651896	39	651896.39	651896	39	2
503505.54	503505	54	503505.54	503505	54	2
825017.36	825017	36	825017.36	825017	36	2
587242.09	587242	9	587242.09	587242	9	2
890727.84	890727	84	890727.84	890727	84	2
648200.01	648200	1	648200.01	648200	1	1
571750.76	571750	76	571750.76	571750	76	4
673331.01	673331	1	673331.01	673331	1	1
666395.12	666395	12	666395.12	666395	12	2
537341.85	537341	85	537341.85	537341	85	4
566608.38	566608	38	566608.38	566608	38	3
613113.99	613113	99	613113.99	613113	99	4
829318.26	829318	26	829318.26	829318	26	3
740247.1	740247	10	740247.1	740247	10	3
816423.22	816423	22	816423.22	816423	22	5
832268.41	832268	41	832268.41	832268	41	1
904959.48	904959	48	904959.48	904959	48	1
696427.49	696427	49	696427.49	696427	49	5
805338.15	805338	15	805338.15	805338	15	2
929278.55	929278	55	929278.55	929278	55	3
682374.35	682374	35	682374.35	682374	35	2
823542.29	823542	29	823542.29	823542	29	5
773824.05	773824	5	773824.05	773824	5	1
502395.88	502395	88	502395.88	502395	88	4
857410.73	857410	73	857410.73	857410	73	2
980556.71	980556	71	980556.71	980556	71	4
633474.17	633474	17	633474.17	633474	17	3
948383.26	948383	26	948383.26	948383	26	5
634727.59	634727	59	634727.59	634727	59	3
643457.15	643457	15	643457.15	643457	15	2
704601.5	704601	50	704601.5	704601	50	4
807270.5	807270	50	807270.5	807270	50	2
646962.22	646962	22	646962.22	646962	22	3
550264.86	550264	86	550264.86	550264	86	3
915159.59	915159	59	915159.59	915159	59	3
558336.58	558336	58	558336.58	558336	58	1
698464.39	698464	39	698464.39	698464	39	3
507556.35	507556	35	507556.35	507556	35	3
752314.11	752314	11	752314.11	752314	11	1
864860.04	864860	4	864860.04	864860	4	4
544897.2	544897	20	544897.2	544897	20	1
818922.49	818922	49	818922.49	818922	49	1
998620.03	998620	3	998620.03	998620	3	3
874215.47	874215	47	874215.47	874215	47	5
579815.59	579815	59	579815.59	579815	59	5
835689.26	835689	26	835689.26	835689	26	4
706483.4	706483	40	706483.4	706483	40	1
984774.59	984774	59	984774.59	984774	59	2
532115.27	532115	27	532115.27	532115	27	4
511820.56	511820	56	511820.56	511820	56	4
934698.14	934698	14	934698.14	934698	14	4
735137.14	735137	14	735137.14	735137	14	2
856009.37	856009	37	856009.37	856009	37	3
729169.71	729169	71	729169.71	729169	71	2
737532.55	737532	55	737532.55	737532	55	5
734065.1	734065	10	734065.1	734065	10	5
709724.42	709724	42	709724.42	709724	42	2
891653.72	891653	72	891653.72	891653	72	5
682447.88	682447	88	682447.88	682447	88	1
stocks
82.82	38635343	82	1
