items_number
200
stocks_number
1
digit
2
items
50.51	50	51	50.51	50	51	2
70.11	70	11	70.11	70	11	4
52.23	52	23	52.23	52	23	3
100.79	100	79	100.79	100	79	1
82.73	82	73	82.73	82	73	1
68.22	68	22	68.22	68	22	4
89.25	89	25	89.25	89	25	5
51.56	51	56	51.56	51	56	4
95.7	95	70	95.7	95	70	5
81.54	81	54	81.54	81	54	4
93.94	93	94	93.94	93	94	2
62.48	62	48	62.48	62	48	1
95.12	95	12	95.12	95	12	5
54.04	54	4	54.04	54	4	2
75.32	75	32	75.32	75	32	3
94.49	94	49	94.49	94	49	1
80.96	80	96	80.96	80	96	2
67.94	67	94	67.94	67	94	1
63.99	63	99	63.99	63	99	5
69.04	69	4	69.04	69	4	5
75.12	75	12	75.12	75	12	3
57.34	57	34	57.34	57	34	1
65.96	65	96	65.96	65	96	4
56.45	56	45	56.45	56	45	3
75.24	75	24	75.24	75	24	1
75.05	75	5	75.05	75	5	3
82.27	82	27	82.27	82	27	4
52.22	52	22	52.22	52	22	1
94.82	94	82	94.82	94	82	4
85.77	85	77	85.77	85	77	3
58.44	58	44	58.44	58	44	2
94.85	94	85	94.85	94	85	5
55.4	55	40	55.4	55	40	3
85.67	85	67	85.67	85	67	4
67.65	67	65	67.65	67	65	2
87.66	87	66	87.66	87	66	3
52.41	52	41	52.41	52	41	3
80.42	80	42	80.42	80	42	4
62.22	62	22	62.22	62	22	4
71.11	71	11	71.11	71	11	4
85.96	85	96	85.96	85	96	2
54.16	54	16	54.16	54	16	2
83.11	83	11	83.11	83	11	4
80.61	80	61	80.61	80	61	3
84.2	84	20	84.2	84	20	3
82.43	82	43	82.43	82	43	3
98.62	98	62	98.62	98	62	4
88.16	88	16	88.16	88	16	4
99.9	99	90	99.9	99	90	4
60.61	60	61	60.61	60	61	5
57.72	57	72	57.72	57	72	3
99.54	99	54	99.54	99	54	1
67.96	67	96	67.96	67	96	1
72.68	72	68	72.68	72	68	1
54.99	54	99	54.99	54	99	1
66.2	66	20	66.2	66	20	3
97.25	97	25	97.25	97	25	1
87.78	87	78	87.78	87	78	4
94.94	94	94	94.94	94	94	3
64.59	64	59	64.59	64	59	4
71.08	71	8	71.08	71	8	3
76.38	76	38	76.38	76	38	5
57.45	57	45	57.45	57	45	1
50.48	50	48	50.48	50	48	5
60.57	60	57	60.57	60	57	5
99.62	99	62	99.62	99	62	4
61.14	61	14	61.14	61	14	5
87.5	87	50	87.5	87	50	4
78.04	78	4	78.04	78	4	2
74.88	74	88	74.88	74	88	3
57.62	57	62	57.62	57	62	3
62.53	62	53	62.53	62	53	5
52.04	52	4	52.04	52	4	4
64.73	64	73	64.73	64	73	1
66.66	66	66	66.66	66	66	3
60.24	60	24	60.24	60	24	1
97.69	97	69	97.69	97	69	1
63.28	63	28	63.28	63	28	3
99.93	99	93	99.93	99	93	2
69.11	69	11	69.11	69	11	4
98.89	98	89	98.89	98	89	2
55.65	55	65	55.65	55	65	1
67.65	67	65	67.65	67	65	1
89.37	89	37	89.37	89	37	4
51.86	51	86	51.86	51	86	4
72.16	72	16	72.16	72	16	1
80.09	80	9	80.09	80	9	2
72.63	72	63	72.63	72	63	4
83.94	83	94	83.94	83	94	2
73.03	73	3	73.03	73	3	1
86.23	86	23	86.23	86	23	4
53.02	53	2	53.02	53	2	1
73.93	73	93	73.93	73	93	2
67.68	67	68	67.68	67	68	1
79.03	79	3	79.03	79	3	1
57.02	57	2	57.02	57	2	4
65.3	65	30	65.3	65	30	5
90.17	90	17	90.17	90	17	2
94.53	94	53	94.53	94	53	2
67.86	67	86	67.86	67	86	1
88.58	88	58	88.58	88	58	4
75.67	75	67	75.67	75	67	4
79.39	79	39	79.39	79	39	1
91.62	91	62	91.62	91	62	4
63.92	63	92	63.92	63	92	2
96.57	96	57	96.57	96	57	5
50.39	50	39	50.39	50	39	1
84.13	84	13	84.13	84	13	2
83.85	83	85	83.85	83	85	4
99.32	99	32	99.32	99	32	4
78.24	78	24	78.24	78	24	2
55.75	55	75	55.75	55	75	2
78.49	78	49	78.49	78	49	5
95.89	95	89	95.89	95	89	2
94.64	94	64	94.64	94	64	3
79.87	79	87	79.87	79	87	3
66.05	66	5	66.05	66	5	5
73.74	73	74	73.74	73	74	4
75.51	75	51	75.51	75	51	3
99	99	0	99	99	0	1
70.29	70	29	70.29	70	29	1
60.74	60	74	60.74	60	74	1
77.54	77	54	77.54	77	54	1
93.23	93	23	93.23	93	23	5
77.94	77	94	77.94	77	94	4
80.57	80	57	80.57	80	57	3
74.77	74	77	74.77	74	77	3
66.76	66	76	66.76	66	76	3
69.27	69	27	69.27	69	27	4
92.3	92	30	92.3	92	30	4
83.62	83	62	83.62	83	62	5
57.85	57	85	57.85	57	85	4
66.49	66	49	66.49	66	49	5
87.54	87	54	87.54	87	54	2
72.47	72	47	72.47	72	47	4
54.42	54	42	54.42	54	42	3
56.11	56	11	56.11	56	11	3
97.38	97	38	97.38	97	38	2
62.55	62	55	62.55	62	55	1
89.97	89	97	89.97	89	97	1
70.7	70	70	70.7	70	70	5
90.32	90	32	90.32	90	32	2
94.24	94	24	94.24	94	24	3
98.72	98	72	98.72	98	72	4
85.73	85	73	85.73	85	73	5
88.4	88	40	88.4	88	40	5
51.59	51	59	51.59	51	59	1
75.79	75	79	75.79	75	79	4
85.14	85	14	85.14	85	14	5
76.62	76	62	76.62	76	62	3
99.31	99	31	99.31	99	31	1
80.44	80	44	80.44	80	44	2
61.88	61	88	61.88	61	88	1
100.85	100	85	100.85	100	85	4
97.19	97	19	97.19	97	19	1
62.82	62	82	62.82	62	82	4
79.95	79	95	79.95	79	95	3
71.48	71	48	71.48	71	48	3
79.58	79	58	79.58	79	58	3
72.22	72	22	72.22	72	22	4
62.79	62	79	62.79	62	79	4
86.73	86	73	86.73	86	73	4
53.07	53	7	53.07	53	7	4
53.8	53	80	53.8	53	80	3
97.79	97	79	97.79	97	79	1
75.54	75	54	75.54	75	54	3
57.74	57	74	57.74	57	74	5
52.42	52	42	52.42	52	42	3
72.45	72	45	72.45	72	45	4
94.82	94	82	94.82	94	82	2
92.39	92	39	92.39	92	39	1
92.15	92	15	92.15	92	15	3
58.14	58	14	58.14	58	14	3
59.15	59	15	59.15	59	15	5
63.39	63	39	63.39	63	39	4
67.87	67	87	67.87	67	87	4
71.56	71	56	71.56	71	56	1
89.51	89	51	89.51	89	51	4
66.18	66	18	66.18	66	18	3
56.22	56	22	56.22	56	22	5
65.13	65	13	65.13	65	13	4
64.01	64	1	64.01	64	1	5
60.18	60	18	60.18	60	18	3
50.02	50	2	50.02	50	2	1
88.39	88	39	88.39	88	39	3
56.89	56	89	56.89	56	89	4
62.36	62	36	62.36	62	36	1
91.34	91	34	91.34	91	34	3
77.38	77	38	77.38	77	38	3
65.47	65	47	65.47	65	47	3
63.56	63	56	63.56	63	56	1
90.69	90	69	90.69	90	69	1
76.2	76	20	76.2	76	20	3
66.63	66	63	66.63	66	63	4
93.49	93	49	93.49	93	49	3
72.99	72	99	72.99	72	99	3
66.69	66	69	66.69	66	69	3
74.24	74	24	74.24	74	24	4
75.41	75	41	75.41	75	41	3
62.14	62	14	62.14	62	14	3
stocks
42.42	4281	42	1
