items_number
200
stocks_number
1
digit
2
items
92738.65	92738	65	92738.65	92738	65	3
88377.38	88377	38	88377.38	88377	38	5
55095.56	55095	56	55095.56	55095	56	4
91959.36	91959	36	91959.36	91959	36	5
85768.37	85768	37	85768.37	85768	37	5
88256.76	88256	76	88256.76	88256	76	3
53873.82	53873	82	53873.82	53873	82	2
80657.37	80657	37	80657.37	80657	37	1
95626.19	95626	19	95626.19	95626	19	1
87060.28	87060	28	87060.28	87060	28	5
74629.18	74629	18	74629.18	74629	18	4
93516.82	93516	82	93516.82	93516	82	2
98526.22	98526	22	98526.22	98526	22	1
79702.13	79702	13	79702.13	79702	13	2
99418.71	99418	71	99418.71	99418	71	3
94368.1	94368	10	94368.1	94368	10	3
98218.56	98218	56	98218.56	98218	56	2
53243.29	53243	29	53243.29	53243	29	1
99662.5	99662	50	99662.5	99662	50	4
67354.52	67354	52	67354.52	67354	52	4
86631.74	86631	74	86631.74	86631	74	4
62021.14	62021	14	62021.14	62021	14	1
61122.57	61122	57	61122.57	61122	57	5
59484.07	59484	7	59484.07	59484	7	3
94856.56	94856	56	94856.56	94856	56	3
60463.28	60463	28	60463.28	60463	28	5
94396.09	94396	9	94396.09	94396	9	1
74396.75	74396	75	74396.75	74396	75	4
85023.31	85023	31	85023.31	85023	31	5
79595.56	79595	56	79595.56	79595	56	5
83085.54	83085	54	83085.54	83085	54	3
77760.96	77760	96	77760.96	77760	96	3
77273.94	77273	94	77273.94	77273	94	2
97482.62	97482	62	97482.62	97482	62	3
69719.84	69719	84	69719.84	69719	84	4
72341.84	72341	84	72341.84	72341	84	1
95038.38	95038	38	95038.38	95038	38	3
82893.66	82893	66	82893.66	82893	66	2
52997.21	52997	21	52997.21	52997	21	1
99964.09	99964	9	99964.09	99964	9	3
79253.46	79253	46	79253.46	79253	46	3
77626.91	77626	91	77626.91	77626	91	2
93480.91	93480	91	93480.91	93480	91	4
77778.69	77778	69	77778.69	77778	69	3
57328.04	57328	4	57328.04	57328	4	3
52197.14	52197	14	52197.14	52197	14	1
72145.31	72145	31	72145.31	72145	31	5
64846.13	64846	13	64846.13	64846	13	2
64742.44	64742	44	64742.44	64742	44	3
81108.34	81108	34	81108.34	81108	34	5
91501.17	91501	17	91501.17	91501	17	2
60673.7	60673	70	60673.7	60673	70	3
93129	93129	0	93129	93129	0	1
52622.75	52622	75	52622.75	52622	75	1
70157.77	70157	77	70157.77	70157	77	2
87984.56	87984	56	87984.56	87984	56	5
72386.03	72386	3	72386.03	72386	3	3
64552.38	64552	38	64552.38	64552	38	3
71681.83	71681	83	71681.83	71681	83	3
57409.86	57409	86	57409.86	57409	86	2
53448.94	53448	94	53448.94	53448	94	2
54765.89	54765	89	54765.89	54765	89	2
94470.82	94470	82	94470.82	94470	82	1
80721.89	80721	89	80721.89	80721	89	3
52246.51	52246	51	52246.51	52246	51	5
73489.18	73489	18	73489.18	73489	18	1
53061.25	53061	25	53061.25	53061	25	5
56585.41	56585	41	56585.41	56585	41	2
65682.84	65682	84	65682.84	65682	84	4
65359.98	65359	98	65359.98	65359	98	3
56548.02	56548	2	56548.02	56548	2	4
94935.83	94935	83	94935.83	94935	83	2
92985.89	92985	89	92985.89	92985	89	4
50027.94	50027	94	50027.94	50027	94	4
72713.04	72713	4	72713.04	72713	4	4
59613.45	59613	45	59613.45	59613	45	3
61526.08	61526	8	61526.08	61526	8	1
54158.87	54158	87	54158.87	54158	87	1
83760.1	83760	10	83760.1	83760	10	4
85569.04	85569	4	85569.04	85569	4	5
85266.21	85266	21	85266.21	85266	21	5
75261.28	75261	28	75261.28	75261	28	3
96242.26	96242	26	96242.26	96242	26	2
78395.73	78395	73	78395.73	78395	73	2
87184.03	87184	3	87184.03	87184	3	3
75699.55	75699	55	75699.55	75699	55	3
75679.81	75679	81	75679.81	75679	81	3
59570.58	59570	58	59570.58	59570	58	2
90251.93	90251	93	90251.93	90251	93	5
97360.17	97360	17	97360.17	97360	17	2
76280.45	76280	45	76280.45	76280	45	4
52999.88	52999	88	52999.88	52999	88	4
61426.06	61426	6	61426.06	61426	6	4
80050.79	80050	79	80050.79	80050	79	1
93021.77	93021	77	93021.77	93021	77	1
72973.1	72973	10	72973.1	72973	10	5
53539.98	53539	98	53539.98	53539	98	4
55382.54	55382	54	55382.54	55382	54	3
79558.51	79558	51	79558.51	79558	51	1
69221.34	69221	34	69221.34	69221	34	2
70741.52	70741	52	70741.52	70741	52	5
86107.54	86107	54	86107.54	86107	54	1
73457.17	73457	17	73457.17	73457	17	3
63726.93	63726	93	63726.93	63726	93	3
86134	86134	0	86134	86134	0	1
55470.21	55470	21	55470.21	55470	21	4
82640.38	82640	38	82640.38	82640	38	2
56960.6	56960	60	56960.6	56960	60	1
59628.61	59628	61	59628.61	59628	61	4
66400.49	66400	49	66400.49	66400	49	3
92529.65	92529	65	92529.65	92529	65	5
54195.34	54195	34	54195.34	54195	34	5
91661.77	91661	77	91661.77	91661	77	5
98071.43	98071	43	98071.43	98071	43	3
91891.08	91891	8	91891.08	91891	8	4
78844.32	78844	32	78844.32	78844	32	2
73769.99	73769	99	73769.99	73769	99	5
67569.89	67569	89	67569.89	67569	89	1
97715.42	97715	42	97715.42	97715	42	1
73321.92	73321	92	73321.92	73321	92	2
74230.06	74230	6	74230.06	74230	6	3
83295.87	83295	87	83295.87	83295	87	4
76320.8	76320	80	76320.8	76320	80	5
85656.65	85656	65	85656.65	85656	65	1
63345.19	63345	19	63345.19	63345	19	1
78642.09	78642	9	78642.09	78642	9	2
58628.75	58628	75	58628.75	58628	75	5
76185.69	76185	69	76185.69	76185	69	4
84024.63	84024	63	84024.63	84024	63	4
88187.78	88187	78	88187.78	88187	78	2
54706.03	54706	3	54706.03	54706	3	1
54765.15	54765	15	54765.15	54765	15	5
83594.32	83594	32	83594.32	83594	32	4
78163.73	78163	73	78163.73	78163	73	5
77792.6	77792	60	77792.6	77792	60	4
69727.84	69727	84	69727.84	69727	84	4
92934.46	92934	46	92934.46	92934	46	3
60431.99	60431	99	60431.99	60431	99	1
85989.45	85989	45	85989.45	85989	45	1
52562.07	52562	7	52562.07	52562	7	3
86132	86132	0	86132	86132	0	3
87818.62	87818	62	87818.62	87818	62	2
66058.42	66058	42	66058.42	66058	42	3
87093.29	87093	29	87093.29	87093	29	2
85889.05	85889	5	85889.05	85889	5	4
67249.5	67249	50	67249.5	67249	50	1
75238.61	75238	61	75238.61	75238	61	5
59657.04	59657	4	59657.04	59657	4	5
94119.91	94119	91	94119.91	94119	91	3
72952.03	72952	3	72952.03	72952	3	5
82978.97	82978	97	82978.97	82978	97	1
68348.5	68348	50	68348.5	68348	50	5
65548.43	65548	43	65548.43	65548	43	5
68599.29	68599	29	68599.29	68599	29	2
63304.15	63304	15	63304.15	63304	15	2
78893.62	78893	62	78893.62	78893	62	3
97241.39	97241	39	97241.39	97241	39	4
81234.9	81234	90	81234.9	81234	90	1
55077.83	55077	83	55077.83	55077	83	1
81264.54	81264	54	81264.54	81264	54	4
78721.68	78721	68	78721.68	78721	68	4
69084.86	69084	86	69084.86	69084	86	3
95330.22	95330	22	95330.22	95330	22	1
62314.53	62314	53	62314.53	62314	53	2
97248.59	97248	59	97248.59	97248	59	5
82422.82	82422	82	82422.82	82422	82	4
91342.37	91342	37	91342.37	91342	37	5
90181.58	90181	58	90181.58	90181	58	2
92854.33	92854	33	92854.33	92854	33	4
77330.34	77330	34	77330.34	77330	34	2
52043.65	52043	65	52043.65	52043	65	2
88286.33	88286	33	88286.33	88286	33	3
65148.96	65148	96	65148.96	65148	96	3
77402.07	77402	7	77402.07	77402	7	4
75379.62	75379	62	75379.62	75379	62	4
51036.02	51036	2	51036.02	51036	2	1
94651.09	94651	9	94651.09	94651	9	1
50616.75	50616	75	50616.75	50616	75	1
69994.06	69994	6	69994.06	69994	6	1
88770.53	88770	53	88770.53	88770	53	3
82869.31	82869	31	82869.31	82869	31	5
52972.55	52972	55	52972.55	52972	55	1
66418.03	66418	3	66418.03	66418	3	5
98417.74	98417	74	98417.74	98417	74	5
80872.85	80872	85	80872.85	80872	85	5
79723.18	79723	18	79723.18	79723	18	1
86610.88	86610	88	86610.88	86610	88	2
78112.76	78112	76	78112.76	78112	76	5
60956.6	60956	60	60956.6	60956	60	4
50987.71	50987	71	50987.71	50987	71	4
68676.82	68676	82	68676.82	68676	82	5
98978.8	98978	80	98978.8	98978	80	2
70072.09	70072	9	70072.09	70072	9	4
73307.04	73307	4	73307.04	73307	4	5
61291.33	61291	33	61291.33	61291	33	1
76620.21	76620	21	76620.21	76620	21	3
55728.39	55728	39	55728.39	55728	39	4
52632.23	52632	23	52632.23	52632	23	2
66800.79	66800	79	66800.79	66800	79	1
57882.24	57882	24	57882.24	57882	24	4
stocks
0	0	0	1
