items_number
200
stocks_number
1
digit
2
items
84871.38	84871	38	98678.43	98678	43	5
61379.25	61379	25	81362.67	81362	67	1
81217.81	81217	81	59271.24	59271	24	2
91032.67	91032	67	58345.36	58345	36	3
80374.59	80374	59	66612.3	66612	30	1
85055.64	85055	64	55788.66	55788	66	1
92019.14	92019	14	59573.9	59573	90	5
91055.41	91055	41	91221.34	91221	34	5
85693.18	85693	18	73204.51	73204	51	4
99245.24	99245	24	73867.46	73867	46	5
90263.12	90263	12	73743.26	73743	26	3
63304.96	63304	96	71057.06	71057	6	4
87185.27	87185	27	69391.42	69391	42	1
64509.1	64509	10	87532.2	87532	20	1
57742.82	57742	82	93854.76	93854	76	1
91610.13	91610	13	84760.72	84760	72	2
64088.93	64088	93	58882.37	58882	37	4
90319.39	90319	39	74362.13	74362	13	2
79217.5	79217	50	50917.15	50917	15	2
82341.3	82341	30	69384.75	69384	75	1
55816.29	55816	29	65174.42	65174	42	4
95907.19	95907	19	94732.97	94732	97	1
76980.06	76980	6	94810.15	94810	15	4
72734.01	72734	1	53390.76	53390	76	2
80689.92	80689	92	61006.64	61006	64	2
88040.51	88040	51	61122.18	61122	18	2
69425.51	69425	51	97290.93	97290	93	5
68808.53	68808	53	98913.55	98913	55	3
98621.04	98621	4	83077.36	83077	36	1
86207.43	86207	43	82335.07	82335	7	3
52060.31	52060	31	50258.73	50258	73	3
92792.94	92792	94	81754.8	81754	80	5
97586.69	97586	69	72997.27	72997	27	1
83277.12	83277	12	59530.97	59530	97	4
83824.61	83824	61	90099.68	90099	68	5
77960.28	77960	28	89609.57	89609	57	1
68332.28	68332	28	74619.15	74619	15	5
85143.27	85143	27	58972.58	58972	58	4
78315.21	78315	21	80829.43	80829	43	2
54024.46	54024	46	57123.66	57123	66	3
84387.03	84387	3	82839.04	82839	4	3
68578.33	68578	33	54572.22	54572	22	4
76629.94	76629	94	78180.25	78180	25	4
80872.3	80872	30	61531.47	61531	47	5
92388.95	92388	95	92104.42	92104	42	5
84371.77	84371	77	72033.01	72033	1	4
72481.44	72481	44	55591.71	55591	71	1
56475.88	56475	88	60286.79	60286	79	5
83990.68	83990	68	55695.66	55695	66	2
51697.46	51697	46	65809.38	65809	38	4
98117.71	98117	71	88971.06	88971	6	5
89806.97	89806	97	80171.09	80171	9	5
56905.65	56905	65	60541.35	60541	35	5
75097.29	75097	29	83781.21	83781	21	4
62539.5	62539	50	92862.37	92862	37	4
87594.09	87594	9	80848.52	80848	52	1
72437.32	72437	32	54203.4	54203	40	2
91266.02	91266	2	90152.3	90152	30	5
65703.62	65703	62	79760.07	79760	7	4
71057.36	71057	36	87280.28	87280	28	2
86773.45	86773	45	81787.9	81787	90	5
67763.93	67763	93	80019.32	80019	32	1
63849.82	63849	82	78334.6	78334	60	3
84359.66	84359	66	54784.17	54784	17	5
51039.57	51039	57	98850.81	98850	81	2
56973.95	56973	95	77733.29	77733	29	2
71619.46	71619	46	94393.26	94393	26	2
78672.86	78672	86	73468.97	73468	97	1
92116.74	92116	74	86705.87	86705	87	2
99934.67	99934	67	84523.21	84523	21	5
91997.84	91997	84	80591.15	80591	15	5
85804.78	85804	78	78845.44	78845	44	1
77812.52	77812	52	98396.43	98396	43	3
68625.79	68625	79	68071.4	68071	40	3
66675.08	66675	8	99677.43	99677	43	1
70199.48	70199	48	99800.85	99800	85	4
62296.08	62296	8	99406.41	99406	41	4
98458.04	98458	4	64568.14	64568	14	1
85975.88	85975	88	69387.17	69387	17	4
96286.76	96286	76	55100.6	55100	60	5
50154.5	50154	50	80378.52	80378	52	5
93393.11	93393	11	58357.75	58357	75	5
86091.25	86091	25	94572.69	94572	69	2
66360.68	66360	68	50219.4	50219	40	4
68489.4	68489	40	51438.97	51438	97	3
57931.76	57931	76	87434.58	87434	58	5
53954.29	53954	29	90368.44	90368	44	1
50226.72	50226	72	55641.89	55641	89	1
58497.3	58497	30	86886.89	86886	89	1
78958.44	78958	44	70127.03	70127	3	1
71283.6	71283	60	52221.17	52221	17	4
54570.75	54570	75	68672.79	68672	79	5
96721.89	96721	89	59446.35	59446	35	2
94433.42	94433	42	80555.78	80555	78	2
98230.94	98230	94	73456.48	73456	48	1
57060.47	57060	47	58295.68	58295	68	5
51405.89	51405	89	67588.59	67588	59	3
69848.4	69848	40	77150.74	77150	74	4
95034.85	95034	85	91064.65	91064	65	5
93522.64	93522	64	63594.46	63594	46	5
79083.08	79083	8	61672.95	61672	95	3
87030.69	87030	69	71654.81	71654	81	4
79325.94	79325	94	51739.42	51739	42	5
56894.12	56894	12	69368.91	69368	91	1
64956	64956	0	89726.21	89726	21	4
55300.02	55300	2	60716.85	60716	85	5
86395.12	86395	12	78468.28	78468	28	1
77252.08	77252	8	98432.15	98432	15	4
53757.59	53757	59	75284.51	75284	51	3
72369.53	72369	53	97855.97	97855	97	4
82839.36	82839	36	53531.75	53531	75	3
63213.61	63213	61	64962.56	64962	56	4
65761.64	65761	64	65513.73	65513	73	1
78230.62	78230	62	98104.96	98104	96	1
79573.81	79573	81	74482.48	74482	48	2
93551.05	93551	5	66951.7	66951	70	3
95462.9	95462	90	94838.54	94838	54	2
92828.11	92828	11	64849.92	64849	92	4
53077.29	53077	29	72593.11	72593	11	1
53958.2	53958	20	81723.95	81723	95	3
71785.07	71785	7	84977.95	84977	95	5
74361.42	74361	42	74814.28	74814	28	4
67830.47	67830	47	50394.74	50394	74	4
77806.96	77806	96	53723.3	53723	30	3
78094.36	78094	36	64670.58	64670	58	5
66059.41	66059	41	73851.22	73851	22	5
84867.43	84867	43	71320.98	71320	98	2
79500.26	79500	26	91559.17	91559	17	3
85908.82	85908	82	51000.48	51000	48	5
89201.28	89201	28	62383.16	62383	16	1
82322.9	82322	90	55152.16	55152	16	2
74291.42	74291	42	71973.96	71973	96	3
76230.5	76230	50	93339.49	93339	49	1
70947.36	70947	36	66192.58	66192	58	3
90486.54	90486	54	91341.39	91341	39	5
50486.5	50486	50	83064.7	83064	70	1
76247.38	76247	38	76908.44	76908	44	3
86181.19	86181	19	69808.67	69808	67	2
77739.11	77739	11	81495.37	81495	37	4
89306.49	89306	49	61493.47	61493	47	5
58550.72	58550	72	76964.65	76964	65	3
69878.47	69878	47	94327.64	94327	64	4
52518.63	52518	63	76455.03	76455	3	3
83612.36	83612	36	92477.38	92477	38	3
98108.61	98108	61	51730.12	51730	12	4
82091.44	82091	44	60238.51	60238	51	1
86464.93	86464	93	59427.6	59427	60	5
93570.51	93570	51	96568.67	96568	67	1
74919.07	74919	7	75087.43	75087	43	1
89541.75	89541	75	91321.71	91321	71	2
56828.71	56828	71	78290.62	78290	62	5
56004.14	56004	14	69364.38	69364	38	5
73202.17	73202	17	75436.51	75436	51	1
74658.19	74658	19	78685.89	78685	89	3
83811.63	83811	63	73088.2	73088	20	2
60597.53	60597	53	99407.1	99407	10	5
50018.6	50018	60	61836.63	61836	63	4
68677.06	68677	6	94408.71	94408	71	5
90097.79	90097	79	90965.79	90965	79	4
95227.94	95227	94	72137.64	72137	64	1
57877.87	57877	87	66091.39	66091	39	2
81719.21	81719	21	55418.95	55418	95	5
69517.36	69517	36	94110.12	94110	12	3
93408.37	93408	37	59429.88	59429	88	3
61966.57	61966	57	71610.06	71610	6	5
69303.43	69303	43	94751.51	94751	51	4
93895.39	93895	39	51793.1	51793	10	5
97514.48	97514	48	57819.02	57819	2	2
55484.62	55484	62	73859.18	73859	18	5
80934.5	80934	50	92589.48	92589	48	4
86819.49	86819	49	69312.49	69312	49	3
73335.86	73335	86	60123.83	60123	83	2
50811.98	50811	98	86916.64	86916	64	2
89337.12	89337	12	95767.53	95767	53	2
66247.22	66247	22	52599.73	52599	73	4
58219.59	58219	59	88646.77	88646	77	2
80729.09	80729	9	56004.04	56004	4	4
52710.68	52710	68	71328.33	71328	33	1
61089.63	61089	63	94515.96	94515	96	4
64948.16	64948	16	90393	90393	0	4
51552.43	51552	43	62648.04	62648	4	4
77219.34	77219	34	72804.58	72804	58	3
70952.83	70952	83	59756.9	59756	90	4
84055.6	84055	60	97385.56	97385	56	4
61177.05	61177	5	60789.99	60789	99	3
54762.46	54762	46	92145.11	92145	11	2
94652.65	94652	65	96791.18	96791	18	1
61195.18	61195	18	72625.15	72625	15	1
82740.04	82740	4	95853.34	95853	34	4
94049.45	94049	45	97057.97	97057	97	4
56421.12	56421	12	94762.79	94762	79	1
99918.43	99918	43	61944.25	61944	25	5
75767.18	75767	18	52474.45	52474	45	1
75938.01	75938	1	98172.91	98172	91	5
52626.32	52626	32	71373.13	71373	13	4
87733.28	87733	28	83385.51	83385	51	5
54542.44	54542	44	52222.94	52222	94	5
55821.72	55821	72	73167.23	73167	23	4
85247.76	85247	76	91204.53	91204	53	3
69327.58	69327	58	85383.12	85383	12	2
stocks
28.28	3566525	28	1
