items_number
200
stocks_number
1
digit
2
items
9642.9	9642	90	5673.33	5673	33	5
6403.13	6403	13	5009.38	5009	38	1
9619.05	9619	5	7617.11	7617	11	4
5450.35	5450	35	6823.33	6823	33	2
9409.57	9409	57	8179.23	8179	23	1
5195.75	5195	75	8691.93	8691	93	3
9872.32	9872	32	7309.28	7309	28	5
8027.66	8027	66	5673.8	5673	80	4
8812.01	8812	1	7941.11	7941	11	4
9770.34	9770	34	8031.13	8031	13	5
5539.31	5539	31	9628.32	9628	32	5
6596.71	6596	71	8525.15	8525	15	2
7485.53	7485	53	7347.08	7347	8	4
9797.74	9797	74	9616.32	9616	32	4
6403.29	6403	29	8157.98	8157	98	5
6603.02	6603	2	5005.52	5005	52	1
7138.41	7138	41	8222	8222	0	5
7504.74	7504	74	7622.35	7622	35	4
7626.31	7626	31	5479.49	5479	49	3
8176.27	8176	27	9949.86	9949	86	2
5998.5	5998	50	9849.17	9849	17	2
6092.22	6092	22	7662.74	7662	74	2
8388.18	8388	18	6375.6	6375	60	2
7197.36	7197	36	5241.86	5241	86	4
8013.2	8013	20	8290.11	8290	11	5
9424.19	9424	19	9702.13	9702	13	5
5512.29	5512	29	5107.61	5107	61	2
7727.58	7727	58	5871.42	5871	42	5
9461.61	9461	61	7293.14	7293	14	5
9538.15	9538	15	9061.9	9061	90	4
9270.92	9270	92	7333.1	7333	10	4
9866.51	9866	51	8729.99	8729	99	2
6703.8	6703	80	9833.8	9833	80	2
8889.97	8889	97	9950.21	9950	21	3
6078.38	6078	38	5551.32	5551	32	3
6875.89	6875	89	8012.04	8012	4	2
9847.72	9847	72	8640.67	8640	67	2
6713.71	6713	71	7860.6	7860	60	5
9902.08	9902	8	9448.36	9448	36	3
9422.25	9422	25	7344.78	7344	78	5
6482.57	6482	57	6653.74	6653	74	1
6203.39	6203	39	9076.2	9076	20	4
6017.96	6017	96	5868.45	5868	45	1
9730.1	9730	10	9000.34	9000	34	1
6000.66	6000	66	9454.53	9454	53	3
8183.78	8183	78	9025.43	9025	43	2
7095.64	7095	64	9005.86	9005	86	1
8138.07	8138	7	7676.05	7676	5	4
5686.04	5686	4	7409.31	7409	31	1
5484.47	5484	47	5246.87	5246	87	5
7076.35	7076	35	8387.91	8387	91	5
7448.54	7448	54	8020.48	8020	48	2
6576.69	6576	69	7908.62	7908	62	1
5463.53	5463	53	5524.51	5524	51	4
5407.9	5407	90	8261.86	8261	86	2
9589.89	9589	89	6197.73	6197	73	5
5650.25	5650	25	5988.17	5988	17	3
5920.72	5920	72	8369.99	8369	99	3
8078.47	8078	47	7068.67	7068	67	2
5873.38	5873	38	8281.31	8281	31	4
6220.39	6220	39	8192.89	8192	89	4
8110.91	8110	91	9401.77	9401	77	5
6501.41	6501	41	7009.31	7009	31	5
8687.71	8687	71	8788.21	8788	21	5
6998.88	6998	88	5112.5	5112	50	2
8343.79	8343	79	8323.15	8323	15	5
6324.13	6324	13	7562.25	7562	25	3
7608.13	7608	13	8753.17	8753	17	5
5055.02	5055	2	6182.76	6182	76	1
6225.21	6225	21	7009.13	7009	13	2
7029.38	7029	38	6096.48	6096	48	4
7300.6	7300	60	7836.02	7836	2	3
7429.6	7429	60	6084.34	6084	34	1
8046.87	8046	87	7727.93	7727	93	2
7792.22	7792	22	7598.88	7598	88	3
9192.78	9192	78	6301.39	6301	39	3
6992.17	6992	17	6752.89	6752	89	3
9888.39	9888	39	6603.27	6603	27	5
8092.86	8092	86	8977.44	8977	44	3
8441.21	8441	21	9924.2	9924	20	5
5371.86	5371	86	7612.14	7612	14	4
5167.73	5167	73	7363.35	7363	35	2
5888.28	5888	28	7944.68	7944	68	3
7710.56	7710	56	5520.76	5520	76	5
6394.26	6394	26	7887.86	7887	86	5
6296.18	6296	18	6967.06	6967	6	4
8061.45	8061	45	7480.01	7480	1	1
7807.03	7807	3	8876.55	8876	55	4
7979.42	7979	42	5335.05	5335	5	4
6138.45	6138	45	5311.68	5311	68	2
9443.41	9443	41	7919.87	7919	87	5
9962.33	9962	33	9291.46	9291	46	4
9248.36	9248	36	5474.97	5474	97	4
5944.82	5944	82	9929.7	9929	70	1
9411.57	9411	57	8078.67	8078	67	5
7009.25	7009	25	5587.48	5587	48	2
5049.14	5049	14	9014.85	9014	85	2
5734.7	5734	70	5639.93	5639	93	2
9617.9	9617	90	5102.17	5102	17	2
5104.16	5104	16	5196.13	5196	13	2
7723.91	7723	91	7648.58	7648	58	4
7408.8	7408	80	6198.17	6198	17	2
8167.76	8167	76	8795.67	8795	67	4
5914.03	5914	3	9496.92	9496	92	1
5453.19	5453	19	9688.63	9688	63	3
5958.51	5958	51	6392.08	6392	8	3
5105.82	5105	82	5796.31	5796	31	5
8208.36	8208	36	7202.52	7202	52	3
6608.9	6608	90	8758.35	8758	35	2
8197.68	8197	68	5535.27	5535	27	2
6649.1	6649	10	7126.24	7126	24	4
7742.76	7742	76	6370.49	6370	49	1
9127.41	9127	41	8661.62	8661	62	3
8300.38	8300	38	5832.44	5832	44	2
5451.32	5451	32	6890.78	6890	78	5
5520.19	5520	19	7310.01	7310	1	5
5358.08	5358	8	7799.5	7799	50	2
8512.3	8512	30	5132.31	5132	31	5
9090.75	9090	75	6948.56	6948	56	3
8337.03	8337	3	8898.07	8898	7	2
9650.75	9650	75	5443	5443	0	4
8533.68	8533	68	9868.95	9868	95	4
9062.88	9062	88	8188.53	8188	53	5
9661.11	9661	11	6681.49	6681	49	2
5239.03	5239	3	5558.65	5558	65	5
9235.45	9235	45	7028.2	7028	20	4
7432.88	7432	88	7268.49	7268	49	5
5288.17	5288	17	9572.03	9572	3	1
9970.15	9970	15	7667.65	7667	65	3
7811.3	7811	30	7370.19	7370	19	1
6155.33	6155	33	5530.68	5530	68	5
8455.58	8455	58	6077.24	6077	24	1
5218.11	5218	11	9331.88	9331	88	3
5084.62	5084	62	5087.36	5087	36	5
9369.14	9369	14	6335.68	6335	68	3
5671.82	5671	82	9018.51	9018	51	2
6805.13	6805	13	7243.44	7243	44	3
9474.96	9474	96	7894.52	7894	52	2
8880.71	8880	71	6220.55	6220	55	1
8414.55	8414	55	6000.31	6000	31	4
8433.16	8433	16	8429.79	8429	79	3
6291.81	6291	81	9109.79	9109	79	5
6155.31	6155	31	8133.8	8133	80	4
7559.09	7559	9	7852.42	7852	42	2
9591.71	9591	71	9941.75	9941	75	3
6607.16	6607	16	5785.1	5785	10	5
8080.8	8080	80	5162.95	5162	95	1
9950.79	9950	79	8502.77	8502	77	1
5881.46	5881	46	5918.42	5918	42	2
7932.55	7932	55	7873.03	7873	3	1
9049.34	9049	34	7399.84	7399	84	3
6294.73	6294	73	7124.94	7124	94	5
6464.24	6464	24	8503.99	8503	99	4
8873.23	8873	23	5586.37	5586	37	2
5954.36	5954	36	8805.95	8805	95	3
7466.27	7466	27	9061.16	9061	16	5
8108.68	8108	68	7614.1	7614	10	3
9149.77	9149	77	6835.45	6835	45	4
8517.44	8517	44	9396.19	9396	19	1
8840.36	8840	36	6043.27	6043	27	5
6959.07	6959	7	9205.64	9205	64	5
5434.29	5434	29	5688.4	5688	40	5
7294.94	7294	94	7884.51	7884	51	5
7177.7	7177	70	9298.04	9298	4	4
5518.91	5518	91	5776.76	5776	76	4
7425.6	7425	60	9219.72	9219	72	4
8611.53	8611	53	9079.56	9079	56	2
7324.56	7324	56	8019.72	8019	72	3
6898.56	6898	56	7113.24	7113	24	5
8253.24	8253	24	6061.63	6061	63	5
6500.11	6500	11	9782.03	9782	3	2
6093.24	6093	24	6304.03	6304	3	4
9544.57	9544	57	5169.95	5169	95	4
7655.95	7655	95	7915.35	7915	35	2
8652.33	8652	33	9157.97	9157	97	5
9135.28	9135	28	5872.7	5872	70	3
5024.63	5024	63	8700.98	8700	98	2
6731.14	6731	14	5081.92	5081	92	3
9084.07	9084	7	5136.48	5136	48	5
6669.09	6669	9	5380.4	5380	40	5
5426.21	5426	21	7954.96	7954	96	3
8895.42	8895	42	7536.32	7536	32	2
7963.82	7963	82	7505.86	7505	86	1
7653.45	7653	45	6457.95	6457	95	3
7768.17	7768	17	8885.22	8885	22	1
9680.18	9680	18	6309.81	6309	81	5
5119.24	5119	24	6280.63	6280	63	3
5875.85	5875	85	7262.84	7262	84	3
8828.47	8828	47	8908.78	8908	78	3
9399.2	9399	20	6438.35	6438	35	3
5477.21	5477	21	8305.11	8305	11	2
5786.55	5786	55	8112.94	8112	94	4
9834.5	9834	50	7127.75	7127	75	4
8534.68	8534	68	6951.63	6951	63	3
7963.25	7963	25	8173.99	8173	99	4
5351.93	5351	93	8666.03	8666	3	4
5958.28	5958	28	6170.35	6170	35	1
6573.3	6573	30	7251.55	7251	55	1
7675.02	7675	2	6684.75	6684	75	2
8619.37	8619	37	9046.59	9046	59	5
stocks
16352.63	16352	63	1
