items_number
200
stocks_number
1
digit
2
items
8730.04	8730	4	9477.06	9477	6	2
5230.92	5230	92	9445.86	9445	86	1
7148.54	7148	54	9423.96	9423	96	1
5915.18	5915	18	6153.16	6153	16	3
5608.64	5608	64	7857.51	7857	51	5
8639.85	8639	85	8893.22	8893	22	1
9247.11	9247	11	6020.04	6020	4	5
8519.41	8519	41	9165.95	9165	95	2
5029.01	5029	1	8568.79	8568	79	2
6413.31	6413	31	7055.17	7055	17	4
6470.33	6470	33	7209.65	7209	65	3
9617.43	9617	43	5374.98	5374	98	2
8049	8049	0	9045.41	9045	41	4
5332.61	5332	61	8984.71	8984	71	4
9641.86	9641	86	8142.74	8142	74	4
5731.31	5731	31	5489.1	5489	10	1
7278.78	7278	78	6567.13	6567	13	1
6470.8	6470	80	8302.05	8302	5	2
8945.73	8945	73	8648.64	8648	64	3
5090.29	5090	29	6193.88	6193	88	5
5777.95	5777	95	7036.04	7036	4	4
9043.38	9043	38	8287.16	8287	16	3
9492.59	9492	59	5144.95	5144	95	1
9296.81	9296	81	6930.43	6930	43	3
7199.97	7199	97	6666.78	6666	78	1
6294.08	6294	8	5099.07	5099	7	5
8544.44	8544	44	7671.48	7671	48	3
8268	8268	0	6238.78	6238	78	5
5744.56	5744	56	6548.31	6548	31	5
8903.92	8903	92	7500.32	7500	32	2
9264.52	9264	52	9107.94	9107	94	5
9474.12	9474	12	6788.89	6788	89	3
9896.36	9896	36	6945.7	6945	70	2
7174.07	7174	7	9293.9	9293	90	3
6152.3	6152	30	7941.57	7941	57	2
5504	5504	0	5564.22	5564	22	4
5813.44	5813	44	8948.65	8948	65	3
5398.94	5398	94	9725.13	9725	13	3
9786.93	9786	93	9729.69	9729	69	2
6605.98	6605	98	7516.96	7516	96	1
7574.25	7574	25	7542.31	7542	31	1
6256.78	6256	78	7700.34	7700	34	4
6222.41	6222	41	7890.46	7890	46	5
6385.78	6385	78	7349.24	7349	24	1
6588.92	6588	92	6683.58	6683	58	4
5862.27	5862	27	6795.2	6795	20	3
7116.61	7116	61	8602.86	8602	86	2
9629.7	9629	70	8250.23	8250	23	5
8095.59	8095	59	5096.78	5096	78	1
6823.34	6823	34	7249.51	7249	51	1
5481	5481	0	5206.12	5206	12	4
8873.54	8873	54	7895.34	7895	34	4
5866.24	5866	24	6299.67	6299	67	1
9974.11	9974	11	5350.07	5350	7	4
8931.87	8931	87	9825.77	9825	77	4
8828.22	8828	22	7965.97	7965	97	1
7030.19	7030	19	6212.15	6212	15	4
7474.84	7474	84	8259.26	8259	26	3
7096.74	7096	74	9966.75	9966	75	5
7775.27	7775	27	7761.98	7761	98	5
6376.28	6376	28	5758.58	5758	58	4
6359.78	6359	78	9836.69	9836	69	2
7248.92	7248	92	5311.4	5311	40	2
7035.64	7035	64	8466.28	8466	28	3
9296.85	9296	85	9891.12	9891	12	1
8400.22	8400	22	8252.97	8252	97	4
7539.16	7539	16	9031.02	9031	2	1
5108.82	5108	82	8838.77	8838	77	5
9561.68	9561	68	8739.63	8739	63	1
7324.09	7324	9	9522.24	9522	24	2
6714.8	6714	80	7116.25	7116	25	5
7897.46	7897	46	6281.46	6281	46	4
9343.88	9343	88	7222.1	7222	10	3
8699.73	8699	73	5769.71	5769	71	1
9283.76	9283	76	9393.7	9393	70	4
6694.32	6694	32	8905.68	8905	68	1
5323.52	5323	52	7564.43	7564	43	1
7161.37	7161	37	7994.57	7994	57	5
6322.02	6322	2	7918.92	7918	92	5
9182.11	9182	11	8423.21	8423	21	3
8985.72	8985	72	5243.08	5243	8	3
6804.54	6804	54	8887.04	8887	4	5
8817.66	8817	66	6317.56	6317	56	4
5613.48	5613	48	7305.27	7305	27	3
7540.18	7540	18	10000.63	10000	63	1
7747.05	7747	5	6141.33	6141	33	4
9441.7	9441	70	5269.24	5269	24	5
5332.37	5332	37	6212.78	6212	78	1
5984.89	5984	89	5162.11	5162	11	1
7299.96	7299	96	5998.52	5998	52	1
8107.17	8107	17	9736.29	9736	29	5
8123.17	8123	17	5921.21	5921	21	2
9421.75	9421	75	5833.21	5833	21	2
6118.09	6118	9	5046.69	5046	69	1
5157.81	5157	81	9387.5	9387	50	4
8717.12	8717	12	6486.85	6486	85	4
9518.83	9518	83	9061.18	9061	18	1
7696.97	7696	97	9180.04	9180	4	1
8825.46	8825	46	6086.14	6086	14	3
9842.04	9842	4	8563.81	8563	81	4
5783.59	5783	59	8702.8	8702	80	4
6301.26	6301	26	8203.39	8203	39	5
7738.5	7738	50	5606.27	5606	27	2
5125.99	5125	99	6686.91	6686	91	1
5762.99	5762	99	8972.1	8972	10	2
7783.26	7783	26	9999.5	9999	50	5
7582.31	7582	31	5590.59	5590	59	4
6849.03	6849	3	7298.06	7298	6	2
9945.63	9945	63	7993.07	7993	7	2
8905.85	8905	85	9271.03	9271	3	3
6030.15	6030	15	5720.27	5720	27	2
9692.87	9692	87	8999.67	8999	67	4
6471.4	6471	40	8920.59	8920	59	3
5609.33	5609	33	7800.35	7800	35	5
6067.88	6067	88	6303.94	6303	94	3
9774.58	9774	58	9683.23	9683	23	5
8356.38	8356	38	9704.21	9704	21	3
5507.1	5507	10	7335.7	7335	70	2
5105.47	5105	47	5894.53	5894	53	5
5102.28	5102	28	9867.32	9867	32	3
7807.07	7807	7	8333.22	8333	22	2
8213.16	8213	16	6392.82	6392	82	4
8226.45	8226	45	5787.54	5787	54	4
7990.82	7990	82	9929.96	9929	96	1
9331.77	9331	77	7201.03	7201	3	1
8383.79	8383	79	5936.56	5936	56	4
6706.46	6706	46	7177.81	7177	81	4
9611.13	9611	13	6261.22	6261	22	2
6842.76	6842	76	5879.12	5879	12	4
6294.93	6294	93	8264.96	8264	96	4
5214.17	5214	17	5586.55	5586	55	5
7625.87	7625	87	9581.93	9581	93	5
8358.71	8358	71	6466.87	6466	87	3
8716.67	8716	67	6192.35	6192	35	1
8513.86	8513	86	6266.84	6266	84	5
9121.23	9121	23	6200.5	6200	50	4
6498.45	6498	45	6191.85	6191	85	2
6095.69	6095	69	7619.95	7619	95	3
6732.26	6732	26	8498.56	8498	56	3
7205.6	7205	60	9947.44	9947	44	3
5762.55	5762	55	7653.99	7653	99	3
7762.41	7762	41	9218.35	9218	35	4
6896.48	6896	48	8945.63	8945	63	3
7233.47	7233	47	7335.58	7335	58	2
9134.74	9134	74	7780.71	7780	71	5
7963.36	7963	36	6010.57	6010	57	2
7006.57	7006	57	7017.81	7017	81	1
8252.65	8252	65	7483.44	7483	44	2
9234.98	9234	98	8345.79	8345	79	3
7874.56	7874	56	8674.87	8674	87	5
8355.93	8355	93	7349.76	7349	76	1
7803.05	7803	5	7441.02	7441	2	2
6849.25	6849	25	5065.69	5065	69	3
6580.9	6580	90	8899.3	8899	30	2
5792.39	5792	39	8132.98	8132	98	4
6942.02	6942	2	7266.25	7266	25	3
5725.69	5725	69	5598.38	5598	38	5
7499.86	7499	86	5309.31	5309	31	4
6553.15	6553	15	9291.99	9291	99	1
7567.46	7567	46	6477.51	6477	51	1
9556.31	9556	31	9336.79	9336	79	2
7530.84	7530	84	9877.54	9877	54	5
5954.85	5954	85	6057.44	6057	44	5
7913.02	7913	2	5801.67	5801	67	1
6245.51	6245	51	6832.89	6832	89	2
9468.24	9468	24	8086.8	8086	80	1
7796.25	7796	25	7001.17	7001	17	5
7744.48	7744	48	8023.26	8023	26	1
6325.93	6325	93	6467.75	6467	75	1
9528.52	9528	52	6261.25	6261	25	4
5711.09	5711	9	7969.7	7969	70	3
7087	7087	0	9120.26	9120	26	3
8052.45	8052	45	5478.6	5478	60	4
8371.57	8371	57	7676.33	7676	33	3
9320.47	9320	47	6455.85	6455	85	4
7185.2	7185	20	9021.83	9021	83	3
6333.45	6333	45	8686.42	8686	42	4
7088.56	7088	56	9235.18	9235	18	1
5437.37	5437	37	6503.27	6503	27	4
6329.43	6329	43	7793.22	7793	22	4
5724.65	5724	65	7909.05	7909	5	5
9555.3	9555	30	9616.56	9616	56	1
9895.01	9895	1	5233.76	5233	76	5
7574.9	7574	90	7974.27	7974	27	4
6134.2	6134	20	8514.38	8514	38	2
5687.4	5687	40	9129.26	9129	26	5
9516.92	9516	92	6003.52	6003	52	3
7622.9	7622	90	9112.77	9112	77	4
8949.78	8949	78	5200.57	5200	57	3
6831.6	6831	60	6056.03	6056	3	4
5189.88	5189	88	5588.8	5588	80	1
8504.09	8504	9	9536.89	9536	89	2
9362.44	9362	44	6695.57	6695	57	5
6906.25	6906	25	7408.24	7408	24	2
6416.12	6416	12	5336.56	5336	56	2
6369.48	6369	48	8527.99	8527	99	4
6373.49	6373	49	6256.56	6256	56	2
9976.89	9976	89	8100.25	8100	25	3
9876.96	9876	96	6549.25	6549	25	4
7698.95	7698	95	7724.31	7724	31	4
stocks
23.23	513449	23	1
