items_number
200
stocks_number
1
digit
2
items
9893.73	9893	73	8542.48	8542	48	5
7013.25	7013	25	8312.71	8312	71	5
6536.52	6536	52	7827.31	7827	31	3
6051.73	6051	73	8478.19	8478	19	4
9802.98	9802	98	7153.1	7153	10	1
7200.38	7200	38	7345.25	7345	25	1
5204.45	5204	45	8366.68	8366	68	3
9419.28	9419	28	7777.75	7777	75	3
6712.47	6712	47	7948.79	7948	79	2
8015.93	8015	93	6012.98	6012	98	1
6685.24	6685	24	7317.26	7317	26	5
5178.75	5178	75	7285.53	7285	53	5
7566.56	7566	56	7819.37	7819	37	3
8288.67	8288	67	7769.49	7769	49	3
6578.12	6578	12	8921.65	8921	65	3
6489.72	6489	72	5894.03	5894	3	3
6111.01	6111	1	6662.72	6662	72	3
7266.35	7266	35	7309.84	7309	84	4
7271.06	7271	6	6991.88	6991	88	4
7671.98	7671	98	9904.56	9904	56	1
6857.98	6857	98	5478.34	5478	34	1
9207.25	9207	25	5553.72	5553	72	1
5515.86	5515	86	6489.87	6489	87	1
5873.7	5873	70	9399.17	9399	17	3
8094.6	8094	60	8662.12	8662	12	3
8797.09	8797	9	9472.33	9472	33	3
5750.75	5750	75	8654.25	8654	25	4
5059.04	5059	4	5281.91	5281	91	2
6561.24	6561	24	5905.93	5905	93	4
7661.53	7661	53	7342.43	7342	43	2
6113.81	6113	81	9505.46	9505	46	1
7217.49	7217	49	5210.42	5210	42	5
9674.79	9674	79	6416.14	6416	14	1
8413.33	8413	33	7331.77	7331	77	5
8268.22	8268	22	9451.61	9451	61	1
5237.77	5237	77	8569.76	8569	76	3
5612.23	5612	23	5438.54	5438	54	3
8473.19	8473	19	7816.29	7816	29	5
9656.57	9656	57	7109.52	7109	52	5
8088.22	8088	22	9149.33	9149	33	4
6487.64	6487	64	8828.27	8828	27	5
7103.81	7103	81	9426.78	9426	78	4
8266.5	8266	50	6433.38	6433	38	5
9816.21	9816	21	7410.17	7410	17	4
5390.01	5390	1	7957.79	7957	79	1
5606.62	5606	62	5354.04	5354	4	3
7067.93	7067	93	8304.2	8304	20	2
6501.02	6501	2	5381.51	5381	51	5
8635.97	8635	97	7663.4	7663	40	1
9338.51	9338	51	6057.08	6057	8	5
9935	9935	0	5284.59	5284	59	5
5491.47	5491	47	8141.74	8141	74	3
8544.77	8544	77	6611.32	6611	32	2
6213.38	6213	38	7536.47	7536	47	2
6365.17	6365	17	8302.44	8302	44	1
7400.89	7400	89	5272.96	5272	96	4
5009.47	5009	47	7008.32	7008	32	5
7878.45	7878	45	6955.21	6955	21	1
7460.93	7460	93	6316.88	6316	88	3
7333.23	7333	23	8676.25	8676	25	5
5539.98	5539	98	5059.64	5059	64	2
9336.26	9336	26	5820.86	5820	86	5
9550.73	9550	73	8886.19	8886	19	4
5975.29	5975	29	6476.3	6476	30	4
7748.11	7748	11	8914.63	8914	63	1
8581.47	8581	47	8336.32	8336	32	4
6976.59	6976	59	5807.06	5807	6	2
9124.35	9124	35	5115.18	5115	18	3
7053.67	7053	67	6151.14	6151	14	4
7394.16	7394	16	7916.1	7916	10	1
7974.09	7974	9	9264.03	9264	3	2
9303.31	9303	31	5742.93	5742	93	3
9498.5	9498	50	8104.4	8104	40	5
6239.59	6239	59	5697.94	5697	94	1
9881.04	9881	4	8915.1	8915	10	4
9888.51	9888	51	6061.19	6061	19	2
6845.21	6845	21	6814.98	6814	98	5
7710.97	7710	97	7981.83	7981	83	5
7152.53	7152	53	6442.23	6442	23	2
5480.7	5480	70	5239.38	5239	38	3
7047.49	7047	49	9039.43	9039	43	1
7849.05	7849	5	7490.82	7490	82	3
6734.7	6734	70	9144.65	9144	65	5
6353.78	6353	78	6412.76	6412	76	4
9062.95	9062	95	5025.81	5025	81	5
8099.39	8099	39	7445.61	7445	61	2
8754.67	8754	67	6684.24	6684	24	5
9071.94	9071	94	7033.65	7033	65	1
5977.36	5977	36	5163.34	5163	34	3
6213.13	6213	13	8763.12	8763	12	2
7167.7	7167	70	5709.91	5709	91	5
7279.35	7279	35	5985.98	5985	98	1
6311.39	6311	39	9583.98	9583	98	3
7479.43	7479	43	5357.62	5357	62	3
9017.16	9017	16	7461.8	7461	80	5
9060.51	9060	51	9259.14	9259	14	3
6059.42	6059	42	8694.95	8694	95	4
5992.75	5992	75	9032.86	9032	86	1
8946.38	8946	38	9374.84	9374	84	1
8875.61	8875	61	5607.61	5607	61	2
9150.44	9150	44	7710.97	7710	97	1
6919.99	6919	99	8638.39	8638	39	4
8940.45	8940	45	7112.54	7112	54	1
8647.94	8647	94	5814.37	5814	37	5
8158.59	8158	59	5097.33	5097	33	1
9583.49	9583	49	6026.17	6026	17	4
8534.97	8534	97	7638.09	7638	9	4
5765.32	5765	32	6911.83	6911	83	1
7292.99	7292	99	9008.52	9008	52	5
6448.02	6448	2	9843.32	9843	32	5
7008.55	7008	55	7150.22	7150	22	3
9339.48	9339	48	8809.47	8809	47	2
9298.07	9298	7	7332.66	7332	66	4
8743.25	8743	25	6293.39	6293	39	4
6455.78	6455	78	5220.23	5220	23	1
8359.54	8359	54	8121	8121	0	5
7604.16	7604	16	9502	9502	0	1
5208.45	5208	45	7667	7667	0	5
8193.48	8193	48	5153.65	5153	65	5
9344.53	9344	53	5427.34	5427	34	5
6421.1	6421	10	6429.12	6429	12	3
6122.18	6122	18	6625.08	6625	8	4
6622.4	6622	40	6412.84	6412	84	5
8495.02	8495	2	6011.63	6011	63	5
8601.13	8601	13	6983.71	6983	71	4
6402.56	6402	56	9637.64	9637	64	4
7554.05	7554	5	6032.29	6032	29	2
5423.08	5423	8	6439.18	6439	18	2
8157.84	8157	84	8668.02	8668	2	4
7262.43	7262	43	5406.65	5406	65	4
5060.69	5060	69	7809.31	7809	31	3
7306.28	7306	28	7140.51	7140	51	2
9181.42	9181	42	9807.04	9807	4	2
9001.14	9001	14	9922.85	9922	85	5
5952.74	5952	74	7954.89	7954	89	1
8101.53	8101	53	9904.9	9904	90	3
9346.16	9346	16	6710.54	6710	54	4
5249.71	5249	71	6354.5	6354	50	1
9630.86	9630	86	7577.73	7577	73	5
6638.15	6638	15	6480.58	6480	58	5
6697.73	6697	73	6960.34	6960	34	2
6637.93	6637	93	5489.47	5489	47	4
6739.15	6739	15	5288.06	5288	6	2
6757.32	6757	32	5054	5054	0	1
6142.7	6142	70	7546.86	7546	86	2
8194.93	8194	93	5508.81	5508	81	4
5879.38	5879	38	8175.52	8175	52	5
8747.86	8747	86	7810.38	7810	38	4
8402.9	8402	90	8175.81	8175	81	3
9072.86	9072	86	9092.18	9092	18	5
8090.39	8090	39	8237.24	8237	24	3
5585.01	5585	1	9604.46	9604	46	2
5956.57	5956	57	5716.26	5716	26	5
5475.31	5475	31	5411.6	5411	60	5
9081.03	9081	3	6377.61	6377	61	1
9557.22	9557	22	8462.49	8462	49	5
6877.88	6877	88	5047.24	5047	24	3
7397.6	7397	60	8173.9	8173	90	4
9980.3	9980	30	5663.67	5663	67	1
5796.24	5796	24	9478.79	9478	79	4
9660.03	9660	3	8579.07	8579	7	5
5803.52	5803	52	8473.5	8473	50	5
8103.52	8103	52	6618.3	6618	30	5
9603.97	9603	97	9148.63	9148	63	1
9804.18	9804	18	8394.36	8394	36	5
9818.26	9818	26	5334.71	5334	71	2
7704.51	7704	51	9814.53	9814	53	5
9912.34	9912	34	5866.42	5866	42	5
5066.49	5066	49	6689.21	6689	21	3
7333.89	7333	89	8153.79	8153	79	4
6549.01	6549	1	7347.01	7347	1	4
7527.74	7527	74	8649.55	8649	55	1
9733.82	9733	82	8642.26	8642	26	2
9052.16	9052	16	7635.59	7635	59	5
9284.06	9284	6	9466.08	9466	8	1
5875.04	5875	4	6187.65	6187	65	1
8008.09	8008	9	8907.4	8907	40	3
5162.44	5162	44	7641.6	7641	60	3
5384.9	5384	90	9760.03	9760	3	1
7173	7173	0	7844.22	7844	22	2
9997.82	9997	82	6732.3	6732	30	4
9237.82	9237	82	7996.8	7996	80	1
7758.53	7758	53	8211.2	8211	20	3
5952.91	5952	91	8211.57	8211	57	3
9712.13	9712	13	8408.4	8408	40	5
7601.08	7601	8	9588.81	9588	81	5
6272.14	6272	14	7436.58	7436	58	3
7351.53	7351	53	9218.17	9218	17	4
5761.68	5761	68	8523.23	8523	23	1
7014.96	7014	96	8099.78	8099	78	5
8148.77	8148	77	8696.96	8696	96	2
6183.23	6183	23	7101.3	7101	30	5
7817	7817	0	7334.28	7334	28	5
7013.81	7013	81	5313.26	5313	26	3
5785.72	5785	72	7011.93	7011	93	2
8383.71	8383	71	6490.16	6490	16	1
6830.07	6830	7	5647.5	5647	50	2
8489.75	8489	75	6824.99	6824	99	4
8295.05	8295	5	7357.59	7357	59	5
7660.08	7660	8	8099.71	8099	71	1
stocks
7271.06	7271	6	1
