items_number
200
stocks_number
1
digit
2
items
85149.05	85149	5	72466.75	72466	75	1
99665.92	99665	92	71555.36	71555	36	2
80162.23	80162	23	53147.44	53147	44	1
68183.17	68183	17	99286.5	99286	50	1
74343.6	74343	60	94316.83	94316	83	3
50266.14	50266	14	53788.42	53788	42	2
90950.75	90950	75	70639.76	70639	76	3
64934.33	64934	33	85395.24	85395	24	1
90527.12	90527	12	69968.07	69968	7	2
64252.63	64252	63	72375.53	72375	53	5
80368.63	80368	63	50523.64	50523	64	3
80506.97	80506	97	87957.26	87957	26	5
77959.9	77959	90	62391.05	62391	5	4
73161.62	73161	62	92334.97	92334	97	4
97499.67	97499	67	70113.48	70113	48	5
76437.4	76437	40	79407.27	79407	27	4
69211.03	69211	3	81085.87	81085	87	2
63028.61	63028	61	64970.45	64970	45	4
98342.36	98342	36	70937.09	70937	9	3
89992.24	89992	24	88033.13	88033	13	4
92745.87	92745	87	63086.81	63086	81	5
55434.72	55434	72	88611.54	88611	54	5
59737.66	59737	66	89788.37	89788	37	3
65257.9	65257	90	79618.11	79618	11	4
53761.9	53761	90	75738.93	75738	93	3
64480.88	64480	88	53083.97	53083	97	5
76294.51	76294	51	66802.91	66802	91	3
55583.24	55583	24	96296.97	96296	97	4
78629.03	78629	3	99243.13	99243	13	5
65075.08	65075	8	66306.37	66306	37	5
77574.91	77574	91	57006.24	57006	24	5
63777.61	63777	61	71708.88	71708	88	2
64739	64739	0	97162.25	97162	25	1
67036.14	67036	14	60153.68	60153	68	2
81960.3	81960	30	80294.38	80294	38	3
98383.12	98383	12	91477.08	91477	8	1
76603.29	76603	29	73242.1	73242	10	5
82210.58	82210	58	60233.66	60233	66	2
63317.97	63317	97	76871.84	76871	84	3
67130.41	67130	41	52511.7	52511	70	3
55762.21	55762	21	82608.71	82608	71	1
52985.6	52985	60	86695.48	86695	48	1
97636.38	97636	38	90468.96	90468	96	2
83722.64	83722	64	54300.77	54300	77	4
76147.22	76147	22	88329.97	88329	97	1
54434.58	54434	58	69882.96	69882	96	1
69459.56	69459	56	83707.04	83707	4	5
54658.77	54658	77	69413.84	69413	84	2
67462.19	67462	19	94153.41	94153	41	2
67800.44	67800	44	63944.65	63944	65	2
94650.02	94650	2	66746.97	66746	97	2
69507.58	69507	58	66539.74	66539	74	1
73235.16	73235	16	52554.2	52554	20	3
63687.2	63687	20	56534.87	56534	87	1
94066.48	94066	48	96157.86	96157	86	1
86297.06	86297	6	78293.65	78293	65	2
78168.08	78168	8	59617.84	59617	84	5
70359.51	70359	51	72259.29	72259	29	4
91880.31	91880	31	74588.62	74588	62	3
56796.64	56796	64	68160.97	68160	97	1
85434.11	85434	11	88565.18	88565	18	3
69453.74	69453	74	81594.86	81594	86	2
79874.25	79874	25	89868.86	89868	86	3
59474.11	59474	11	85726.43	85726	43	5
95790.89	95790	89	51047.06	51047	6	5
71134.07	71134	7	79463.76	79463	76	2
67157.75	67157	75	86503.51	86503	51	2
72393.7	72393	70	83591.69	83591	69	2
62645.65	62645	65	89696.43	89696	43	3
89775.72	89775	72	63374.87	63374	87	2
89523.11	89523	11	86102.39	86102	39	4
68407.87	68407	87	72304.66	72304	66	1
92761.32	92761	32	59369.36	59369	36	2
96459.01	96459	1	85870.87	85870	87	3
61429.03	61429	3	85905.43	85905	43	1
78208.07	78208	7	97699.85	97699	85	2
50892.59	50892	59	65052.84	65052	84	3
80889.59	80889	59	69611	69611	0	5
82866.84	82866	84	67111.7	67111	70	1
68354.3	68354	30	59204.77	59204	77	1
57989.03	57989	3	83555.65	83555	65	3
86817.38	86817	38	83858.67	83858	67	2
97163.88	97163	88	85045.52	85045	52	3
90525.19	90525	19	95411.37	95411	37	2
50503.59	50503	59	99693.06	99693	6	3
91228.89	91228	89	81201.9	81201	90	4
76822.26	76822	26	73703.02	73703	2	4
87972.19	87972	19	68610.91	68610	91	4
61586.4	61586	40	62761.71	62761	71	4
68701.09	68701	9	57591.17	57591	17	3
94768.83	94768	83	86770.4	86770	40	5
56320.52	56320	52	51325.89	51325	89	3
97456.35	97456	35	98486.55	98486	55	1
83942.6	83942	60	85938.26	85938	26	2
75095.15	75095	15	96353.84	96353	84	4
93245.24	93245	24	58833.62	58833	62	5
55076.68	55076	68	65400.55	65400	55	3
92253.91	92253	91	92156.35	92156	35	1
65637.94	65637	94	92424.83	92424	83	1
77022.33	77022	33	55096.5	55096	50	5
82027.63	82027	63	64830.74	64830	74	2
64460.57	64460	57	78525.22	78525	22	2
54729.72	54729	72	86701.16	86701	16	2
84088.96	84088	96	74200.1	74200	10	5
60918.11	60918	11	73696.09	73696	9	4
66159.75	66159	75	81906.12	81906	12	3
62295.03	62295	3	71898.48	71898	48	3
71111.22	71111	22	88748.45	88748	45	3
56348.34	56348	34	51516.12	51516	12	2
54462.39	54462	39	98310.18	98310	18	3
89466.53	89466	53	57253.23	57253	23	4
73638.89	73638	89	94372.77	94372	77	2
50579.78	50579	78	91468.37	91468	37	2
95929.93	95929	93	92298.27	92298	27	1
64163.61	64163	61	89782.67	89782	67	3
51082.89	51082	89	91160.44	91160	44	1
87156.82	87156	82	82799.17	82799	17	1
50285.39	50285	39	72785.21	72785	21	3
89055.08	89055	8	59769.35	59769	35	4
58042.23	58042	23	95560.4	95560	40	4
68986.48	68986	48	89677.38	89677	38	5
93123.92	93123	92	55839.75	55839	75	3
73663.27	73663	27	56186.29	56186	29	3
75742.35	75742	35	97463.94	97463	94	5
77065.04	77065	4	91778.54	91778	54	4
98759.94	98759	94	61839.13	61839	13	2
78288.6	78288	60	56296.08	56296	8	2
91442.72	91442	72	57177.09	57177	9	3
50311.85	50311	85	53994	53994	0	4
53225.06	53225	6	98720.91	98720	91	4
77764.58	77764	58	71574.59	71574	59	5
91639.01	91639	1	68825.74	68825	74	2
67686.16	67686	16	86546.65	86546	65	5
82493.3	82493	30	67575.27	67575	27	1
75727.49	75727	49	52325.37	52325	37	3
87905.79	87905	79	60241.26	60241	26	5
57952.06	57952	6	99481.39	99481	39	3
97323.04	97323	4	74223.85	74223	85	5
59016.01	59016	1	98989.72	98989	72	3
64300.92	64300	92	60297.51	60297	51	2
51784.43	51784	43	81833.55	81833	55	5
57782.06	57782	6	56241.47	56241	47	3
87939.34	87939	34	63970.81	63970	81	5
52363.73	52363	73	73301.92	73301	92	3
53710	53710	0	57839.74	57839	74	5
61402.95	61402	95	63052.48	63052	48	2
62747.62	62747	62	73761.36	73761	36	3
50166.82	50166	82	90639.43	90639	43	1
61687.34	61687	34	95139.69	95139	69	2
61102.71	61102	71	92832.71	92832	71	1
67509.57	67509	57	86198.83	86198	83	1
89974.34	89974	34	84815.6	84815	60	1
54224.15	54224	15	98671.99	98671	99	1
91172.36	91172	36	92384.12	92384	12	1
75017.69	75017	69	91579.54	91579	54	3
90590.19	90590	19	90448.53	90448	53	1
99231.31	99231	31	54222.77	54222	77	2
53304.81	53304	81	97875.14	97875	14	4
91332.44	91332	44	56926.14	56926	14	4
99542.68	99542	68	67518.29	67518	29	5
65830.88	65830	88	55894.05	55894	5	2
78396.02	78396	2	87801.25	87801	25	5
91181.69	91181	69	86343.55	86343	55	3
92817.56	92817	56	92440.7	92440	70	2
60889.84	60889	84	64677.52	64677	52	5
76208.7	76208	70	88668.44	88668	44	5
80722.35	80722	35	61981.48	61981	48	1
78142.42	78142	42	73458.92	73458	92	5
73530.74	73530	74	72191.81	72191	81	4
99039.88	99039	88	70271.2	70271	20	5
92443.35	92443	35	93057.43	93057	43	3
84616.7	84616	70	63324.36	63324	36	5
66121.95	66121	95	85813.67	85813	67	2
89682.21	89682	21	57026.76	57026	76	2
86979.95	86979	95	95926.29	95926	29	2
79132.95	79132	95	93653.41	93653	41	4
51083.16	51083	16	79379.24	79379	24	3
59026.58	59026	58	69687.65	69687	65	4
79298.29	79298	29	84291.84	84291	84	1
72071.5	72071	50	74517.46	74517	46	4
70128.81	70128	81	71819.89	71819	89	2
96807.39	96807	39	79789.67	79789	67	1
62044.36	62044	36	68633.58	68633	58	2
83654.48	83654	48	70489.88	70489	88	4
87978.75	87978	75	81474.31	81474	31	3
87061.05	87061	5	60211.64	60211	64	4
74243.19	74243	19	70238.93	70238	93	4
87209.06	87209	6	85696.6	85696	60	4
99666.87	99666	87	67386.78	67386	78	2
74876.15	74876	15	86465.59	86465	59	4
96051.27	96051	27	53213.89	53213	89	5
65496.27	65496	27	73280.83	73280	83	3
53271.17	53271	17	83566.84	83566	84	3
96532.48	96532	48	98857.97	98857	97	2
58312.35	58312	35	75021.05	75021	5	1
73461.02	73461	2	57543.36	57543	36	5
72739.19	72739	19	96825.41	96825	41	3
98335.7	98335	70	87002.05	87002	5	2
51603.44	51603	44	81002.8	81002	80	4
96270.45	96270	45	78316.23	78316	23	4
stocks
29.29	4870378	29	1
