items_number
200
stocks_number
1
digit
2
items
67832.11	67832	11	89356.03	89356	3	3
62324.37	62324	37	81508.02	81508	2	4
93454.29	93454	29	80940.22	80940	22	1
69088.85	69088	85	91978.56	91978	56	3
67197.2	67197	20	51862.4	51862	40	2
73505.05	73505	5	99259.95	99259	95	5
92378.02	92378	2	69985.36	69985	36	2
91355.98	91355	98	73062.01	73062	1	5
69293.3	69293	30	50524.82	50524	82	3
78687.11	78687	11	55672.99	55672	99	2
63587.38	63587	38	77590.93	77590	93	2
99595.17	99595	17	73529.47	73529	47	3
79925.36	79925	36	80468.77	80468	77	4
54911.57	54911	57	51628.67	51628	67	2
67018.77	67018	77	62391.66	62391	66	5
67275.12	67275	12	75837.33	75837	33	3
76957.13	76957	13	91294.39	91294	39	2
97700.2	97700	20	95439.98	95439	98	5
86598.21	86598	21	69950.56	69950	56	2
50550.83	50550	83	79063.45	79063	45	3
87325.77	87325	77	72575.02	72575	2	2
71766.69	71766	69	60967.46	60967	46	5
65891.65	65891	65	99220.66	99220	66	2
90428.52	90428	52	82622.62	82622	62	1
74364.16	74364	16	97151.61	97151	61	3
66433.06	66433	6	79768.72	79768	72	2
74186.89	74186	89	65909.14	65909	14	3
52734.82	52734	82	83211.2	83211	20	1
50076.41	50076	41	64049.64	64049	64	5
89003.75	89003	75	53819.7	53819	70	5
55758.09	55758	9	66424.15	66424	15	1
77209.52	77209	52	53404.2	53404	20	2
60628.12	60628	12	94628.24	94628	24	1
99212.91	99212	91	56664.89	56664	89	1
96297.89	96297	89	54683.76	54683	76	1
77825.84	77825	84	96490.17	96490	17	2
82018.48	82018	48	65223.36	65223	36	5
88675.91	88675	91	74668.13	74668	13	2
69179.82	69179	82	78853.7	78853	70	3
51310.31	51310	31	65748.18	65748	18	4
67361.02	67361	2	89641.12	89641	12	5
82766.73	82766	73	56442.63	56442	63	4
50904.48	50904	48	89277.17	89277	17	3
56586.9	56586	90	79409.89	79409	89	4
96978.3	96978	30	67372.82	67372	82	1
77223.25	77223	25	60968.35	60968	35	3
83162.55	83162	55	55246.74	55246	74	3
83235.95	83235	95	58665.21	58665	21	2
84223.97	84223	97	56407.34	56407	34	2
69760.76	69760	76	84497.82	84497	82	4
93086.31	93086	31	87728.66	87728	66	1
71547.26	71547	26	78982.88	78982	88	5
50826.98	50826	98	54764.29	54764	29	5
68278.48	68278	48	86948.32	86948	32	3
61974.79	61974	79	70904.02	70904	2	1
75190.14	75190	14	51914.42	51914	42	2
84711.54	84711	54	66715.05	66715	5	1
86160.68	86160	68	86814.17	86814	17	3
87225.48	87225	48	85126.63	85126	63	2
84787.95	84787	95	90065.21	90065	21	2
84464.95	84464	95	90633.39	90633	39	4
92983.1	92983	10	60850.3	60850	30	4
61996.99	61996	99	93469.93	93469	93	5
95092.08	95092	8	94561.64	94561	64	4
51494.01	51494	1	67515.72	67515	72	1
67593.88	67593	88	57452.7	57452	70	5
72916.92	72916	92	91050.81	91050	81	1
83512.01	83512	1	82738.08	82738	8	5
56267.79	56267	79	91421.83	91421	83	3
51395.27	51395	27	79203.51	79203	51	3
94123.32	94123	32	98486.79	98486	79	5
82930.33	82930	33	81062.47	81062	47	3
93462	93462	0	85646.67	85646	67	4
54327.8	54327	80	97064.48	97064	48	3
98817.76	98817	76	60470.89	60470	89	1
99741.82	99741	82	53017.49	53017	49	4
90851.57	90851	57	67332.36	67332	36	5
81979.83	81979	83	75017.15	75017	15	5
82975.3	82975	30	70983.71	70983	71	2
75074.06	75074	6	73739.22	73739	22	1
61039.59	61039	59	59514.98	59514	98	3
76061.61	76061	61	58711.89	58711	89	3
96621.85	96621	85	62022.1	62022	10	5
71166.09	71166	9	64278.79	64278	79	2
53639.61	53639	61	54959.74	54959	74	2
67896.64	67896	64	82926.12	82926	12	2
55656.23	55656	23	75494.21	75494	21	3
88350.16	88350	16	80975.31	80975	31	2
63356.84	63356	84	69739.81	69739	81	1
92881.24	92881	24	69920.36	69920	36	1
82437.63	82437	63	71039.04	71039	4	1
97820.8	97820	80	69672.21	69672	21	5
95164.34	95164	34	80770.19	80770	19	5
53733.63	53733	63	73808.98	73808	98	2
52211.4	52211	40	64232.85	64232	85	5
55958.87	55958	87	57585.91	57585	91	5
71327.51	71327	51	81261.68	81261	68	4
84428.84	84428	84	64583.18	64583	18	5
89471.88	89471	88	99625.51	99625	51	2
77594.83	77594	83	72681.03	72681	3	1
95124.11	95124	11	93786.69	93786	69	5
92894.73	92894	73	57410.82	57410	82	1
69824.16	69824	16	63043.02	63043	2	3
88586.11	88586	11	88732.36	88732	36	3
97222.05	97222	5	63774.31	63774	31	3
68641.44	68641	44	82815.91	82815	91	5
88326.46	88326	46	51049.38	51049	38	3
88072.15	88072	15	81107.67	81107	67	4
59920.27	59920	27	67132.59	67132	59	4
80601.76	80601	76	72033.61	72033	61	4
63145.21	63145	21	54845.41	54845	41	4
70959.39	70959	39	76646.57	76646	57	1
65962.37	65962	37	90045.5	90045	50	3
69067.06	69067	6	76168.51	76168	51	1
51425.48	51425	48	50225.88	50225	88	4
69601.5	69601	50	54304.76	54304	76	4
86963.22	86963	22	59094.15	59094	15	4
57081.24	57081	24	85020.09	85020	9	3
57950.66	57950	66	85279.07	85279	7	3
50318.59	50318	59	88134.97	88134	97	5
59262.48	59262	48	54939.98	54939	98	4
90388.3	90388	30	56317.64	56317	64	5
57439.91	57439	91	57806.18	57806	18	1
63726.82	63726	82	95010.17	95010	17	5
94121.45	94121	45	89426.62	89426	62	1
68951.31	68951	31	81339.55	81339	55	5
69684.21	69684	21	61896.6	61896	60	1
74748.96	74748	96	79987.82	79987	82	4
62680.15	62680	15	95922.73	95922	73	5
59154.61	59154	61	61520.11	61520	11	2
52342.31	52342	31	52668.85	52668	85	5
57803.79	57803	79	99009.94	99009	94	1
61349.34	61349	34	78231.94	78231	94	5
81467.48	81467	48	75012.87	75012	87	2
96389.9	96389	90	97041.83	97041	83	5
58570.92	58570	92	92006.77	92006	77	4
59408.44	59408	44	57826.31	57826	31	2
94015.36	94015	36	98091.21	98091	21	4
96642.07	96642	7	73112.96	73112	96	3
69328.72	69328	72	74959.9	74959	90	2
74616.64	74616	64	79424.82	79424	82	4
69088.8	69088	80	87258.37	87258	37	3
99588.63	99588	63	60905.99	60905	99	3
99879.53	99879	53	78769.84	78769	84	2
88155.87	88155	87	63426.88	63426	88	5
51012.11	51012	11	70431.87	70431	87	3
69480.04	69480	4	83073.61	83073	61	2
84418.61	84418	61	81821.55	81821	55	4
67394.35	67394	35	55450.48	55450	48	1
86731.22	86731	22	68351.2	68351	20	4
94037.72	94037	72	69954.52	69954	52	3
76656.83	76656	83	69690.98	69690	98	1
77118.52	77118	52	83969.84	83969	84	3
60776.63	60776	63	77760.22	77760	22	3
99683.17	99683	17	64700.15	64700	15	2
80540.49	80540	49	82695.98	82695	98	1
79728.46	79728	46	68400.77	68400	77	4
69367.9	69367	90	85897.27	85897	27	2
55287.46	55287	46	62682.8	62682	80	4
92408.14	92408	14	73622.02	73622	2	3
87822.04	87822	4	56717.91	56717	91	1
66930.29	66930	29	65350.65	65350	65	5
50210.93	50210	93	81931.97	81931	97	5
99171.38	99171	38	84948.37	84948	37	2
57698.29	57698	29	99663.05	99663	5	2
55900.35	55900	35	78972.32	78972	32	1
57740.3	57740	30	76953.14	76953	14	5
67106.74	67106	74	66790.88	66790	88	5
99915.24	99915	24	86363.53	86363	53	4
63683.89	63683	89	59365.62	59365	62	4
95736.98	95736	98	51049.78	51049	78	1
83831.88	83831	88	65786.87	65786	87	3
92072.7	92072	70	96624.99	96624	99	2
54623.61	54623	61	61954.29	61954	29	5
83710.94	83710	94	53855.71	53855	71	1
80226.09	80226	9	69350.39	69350	39	3
55636.72	55636	72	91687.68	91687	68	5
53189.98	53189	98	86928.84	86928	84	2
73944.7	73944	70	51170.94	51170	94	1
82331.6	82331	60	97137.16	97137	16	5
89920.2	89920	20	64579.05	64579	5	1
67980.95	67980	95	71124.99	71124	99	5
68288.95	68288	95	66827.15	66827	15	2
76339.25	76339	25	57848.41	57848	41	5
78757.58	78757	58	58185.21	58185	21	4
67970.13	67970	13	90828.82	90828	82	3
66179.74	66179	74	90543.4	90543	40	5
67785.57	67785	57	76585.51	76585	51	3
87337.55	87337	55	76724.62	76724	62	4
80767.72	80767	72	53224.2	53224	20	1
69493.71	69493	71	59507.05	59507	5	2
84460.59	84460	59	83441.53	83441	53	1
56998.02	56998	2	77875.38	77875	38	5
79004.16	79004	16	91439.54	91439	54	2
83630.5	83630	50	77689.9	77689	90	2
64696.31	64696	31	77538.95	77538	95	3
84904.03	84904	3	70410.86	70410	86	2
91371.32	91371	32	54642.56	54642	56	4
91103.05	91103	5	94328.83	94328	83	2
94120.79	94120	79	56772.39	56772	39	3
stocks
-2.765676166e+18	-2765676166226934784	34	1
