items_number
200
stocks_number
1
digit
2
items
88468.38	88468	38	58448.2	58448	20	5
77214.93	77214	93	50331.32	50331	32	1
54093.17	54093	17	96487.72	96487	72	4
61415.09	61415	9	87667.13	87667	13	2
95879.44	95879	44	91202.76	91202	76	1
79700.47	79700	47	56185.8	56185	80	1
54015.6	54015	60	64086.11	64086	11	5
86398.98	86398	98	85356.28	85356	28	1
97126.52	97126	52	73769.29	73769	29	5
73100.27	73100	27	64915.71	64915	71	5
52372.79	52372	79	55282.15	55282	15	5
75010.3	75010	30	66319.84	66319	84	3
77131.23	77131	23	56465.28	56465	28	4
66406.65	66406	65	91380.62	91380	62	1
89954.27	89954	27	87816.49	87816	49	1
97184.64	97184	64	83147.08	83147	8	4
57267.34	57267	34	69592.39	69592	39	2
72865.84	72865	84	88844.07	88844	7	2
56283.62	56283	62	56984.66	56984	66	3
75222.26	75222	26	55480.72	55480	72	1
63106.49	63106	49	58992.99	58992	99	5
50699.12	50699	12	99574.06	99574	6	1
99568.39	99568	39	92038.69	92038	69	3
99293.92	99293	92	90616.66	90616	66	5
62898.99	62898	99	63213.28	63213	28	3
57798.83	57798	83	97185.27	97185	27	2
57487.53	57487	53	84293.03	84293	3	5
72910.94	72910	94	82037.83	82037	83	1
92702.89	92702	89	92376.27	92376	27	1
76869.44	76869	44	89169.48	89169	48	5
64879.99	64879	99	61866.81	61866	81	3
81169.79	81169	79	60124.47	60124	47	2
54082.37	54082	37	89501.8	89501	80	1
78273.16	78273	16	67653.05	67653	5	3
51884.41	51884	41	97792.61	97792	61	3
59261.33	59261	33	90003.56	90003	56	3
57973.64	57973	64	73838.85	73838	85	1
55899.01	55899	1	71178.24	71178	24	5
54959.32	54959	32	84660.36	84660	36	3
64399.68	64399	68	97607.15	97607	15	5
78999.28	78999	28	86094.48	86094	48	1
66632.11	66632	11	99243.03	99243	3	4
89409.5	89409	50	63925.51	63925	51	4
65431.04	65431	4	51859.28	51859	28	5
83038.28	83038	28	90622.17	90622	17	1
88664.77	88664	77	51741.52	51741	52	4
62614.2	62614	20	94307.36	94307	36	3
99606.14	99606	14	69515.56	69515	56	2
61528.61	61528	61	99886.59	99886	59	5
78198.83	78198	83	51290.02	51290	2	2
74828.4	74828	40	74995.8	74995	80	5
74635.63	74635	63	68178.1	68178	10	1
88198.47	88198	47	60164.08	60164	8	3
83696.79	83696	79	76333.5	76333	50	2
83228.55	83228	55	58793.28	58793	28	5
51095.99	51095	99	73377.37	73377	37	2
91494.62	91494	62	82818.29	82818	29	3
90715.6	90715	60	52386.32	52386	32	2
74006.93	74006	93	55414.72	55414	72	2
93497.04	93497	4	75193.56	75193	56	5
76884.04	76884	4	91556.32	91556	32	1
98186.92	98186	92	76581.53	76581	53	2
83966.83	83966	83	85318.56	85318	56	3
90267.42	90267	42	90357.65	90357	65	1
76459.6	76459	60	94234.1	94234	10	1
85851.24	85851	24	92410.69	92410	69	3
99528.27	99528	27	89660.73	89660	73	5
93733.76	93733	76	68071.48	68071	48	1
51050.25	51050	25	63587.93	63587	93	2
63788.59	63788	59	74319.1	74319	10	4
58131.44	58131	44	65678.15	65678	15	2
89351.06	89351	6	58981.93	58981	93	2
80420.22	80420	22	82862.65	82862	65	2
97540.46	97540	46	88904.18	88904	18	5
54781.62	54781	62	60840.21	60840	21	3
63458.5	63458	50	82785.35	82785	35	3
95504.24	95504	24	99946.7	99946	70	5
76696.82	76696	82	64447.57	64447	57	3
72364.64	72364	64	52299.91	52299	91	1
57032.37	57032	37	99832.81	99832	81	1
54893.17	54893	17	65738.11	65738	11	4
97192.57	97192	57	86595.24	86595	24	5
90968.52	90968	52	77310.92	77310	92	1
52392.65	52392	65	75902.2	75902	20	3
80887.36	80887	36	72228.74	72228	74	1
74195.07	74195	7	95405.72	95405	72	1
53487.16	53487	16	99280.09	99280	9	4
81682.51	81682	51	55045.55	55045	55	5
74210.2	74210	20	97791.56	97791	56	2
86794.09	86794	9	63994.81	63994	81	1
75178.55	75178	55	89539.64	89539	64	1
51094.24	51094	24	98647.89	98647	89	2
94281.53	94281	53	90575.86	90575	86	4
68444.38	68444	38	74856.2	74856	20	1
91361.18	91361	18	89003.54	89003	54	5
70739.65	70739	65	94109.48	94109	48	4
54294.15	54294	15	76566.89	76566	89	3
50189.46	50189	46	87964.27	87964	27	4
64471.42	64471	42	62179.48	62179	48	2
55345.92	55345	92	99455.34	99455	34	1
63977.05	63977	5	71583.89	71583	89	3
81903.86	81903	86	77857.63	77857	63	3
94696.98	94696	98	58435.28	58435	28	4
94397.8	94397	80	54445.07	54445	7	1
88743.85	88743	85	66761.33	66761	33	3
58777.6	58777	60	78577.49	78577	49	2
67155.3	67155	30	87230.42	87230	42	5
84247.61	84247	61	76007.03	76007	3	4
85473.43	85473	43	93024.07	93024	7	4
89520.47	89520	47	98830.85	98830	85	1
50579.5	50579	50	75838.85	75838	85	5
99667.12	99667	12	58761.18	58761	18	4
96012.04	96012	4	94725.09	94725	9	5
91547.03	91547	3	62449.29	62449	29	2
52058.29	52058	29	93965.9	93965	90	2
86200.92	86200	92	76253.35	76253	35	3
75042.1	75042	10	57853.01	57853	1	4
64847.45	64847	45	93244.51	93244	51	5
67881.43	67881	43	90599.91	90599	91	2
99252.82	99252	82	64944.58	64944	58	5
51640.06	51640	6	66538.84	66538	84	2
52359.5	52359	50	80137.55	80137	55	5
59646.07	59646	7	63591.99	63591	99	4
55221.11	55221	11	66413.7	66413	70	5
70803.89	70803	89	64294.75	64294	75	5
51007.25	51007	25	61894.05	61894	5	5
75960.77	75960	77	60521.71	60521	71	1
84399.56	84399	56	90860.16	90860	16	4
51196.71	51196	71	99858.32	99858	32	5
99732.19	99732	19	72700.19	72700	19	2
99045.48	99045	48	90314.5	90314	50	4
74474.29	74474	29	71441.74	71441	74	2
90935.57	90935	57	59858.35	59858	35	1
53040.47	53040	47	58050.78	58050	78	4
78171.09	78171	9	85187.81	85187	81	5
79678.42	79678	42	85920.68	85920	68	5
61817.59	61817	59	86627.28	86627	28	5
95327.91	95327	91	81717.23	81717	23	4
73225.03	73225	3	61926.72	61926	72	4
56590.54	56590	54	88951.87	88951	87	5
94147.9	94147	90	89847.08	89847	8	4
73804.54	73804	54	97066.09	97066	9	5
65557.67	65557	67	57013.57	57013	57	4
90158.46	90158	46	93872.7	93872	70	4
74651.57	74651	57	59514.9	59514	90	1
67616.96	67616	96	50977	50977	0	2
85658.39	85658	39	70124.05	70124	5	1
99693.19	99693	19	76668.43	76668	43	5
91764.94	91764	94	53521.51	53521	51	1
53538.34	53538	34	60722.48	60722	48	4
58244.02	58244	2	91612.53	91612	53	1
52704	52704	0	70059.88	70059	88	5
65198.85	65198	85	90859.55	90859	55	5
67891.61	67891	61	55202.04	55202	4	1
57926.12	57926	12	95773.58	95773	58	1
95303.26	95303	26	55152.3	55152	30	1
78199.86	78199	86	67097.09	67097	9	5
93187.89	93187	89	56293.81	56293	81	1
79701.82	79701	82	55313.98	55313	98	4
79395.1	79395	10	76255.42	76255	42	5
92919.6	92919	60	88294.01	88294	1	4
88046.3	88046	30	54927.49	54927	49	4
63169.91	63169	91	56996.68	56996	68	3
93154.17	93154	17	57452.36	57452	36	5
91086.29	91086	29	62977.27	62977	27	3
91340.52	91340	52	51483.49	51483	49	4
82132.6	82132	60	93372.04	93372	4	4
62203.41	62203	41	99604.07	99604	7	2
95967.43	95967	43	83200.24	83200	24	3
55356.15	55356	15	64599.28	64599	28	4
78094.95	78094	95	97856.94	97856	94	4
90113.86	90113	86	82347.32	82347	32	3
88461.69	88461	69	61664.89	61664	89	3
93651.14	93651	14	54868.04	54868	4	4
89572.32	89572	32	76218.54	76218	54	3
72412.78	72412	78	80479.31	80479	31	1
70567.63	70567	63	55845.56	55845	56	5
75229.71	75229	71	96342.6	96342	60	5
81405.5	81405	50	57146.27	57146	27	2
62330.09	62330	9	59366.59	59366	59	2
88069.06	88069	6	66364.6	66364	60	4
89650.52	89650	52	58058.8	58058	80	4
65035.09	65035	9	88726.47	88726	47	1
62567.43	62567	43	66524.16	66524	16	5
57540.13	57540	13	63261.85	63261	85	5
82262.73	82262	73	93799.06	93799	6	2
57869.69	57869	69	80977.98	80977	98	1
85739.51	85739	51	89659.46	89659	46	1
75448.14	75448	14	59392.87	59392	87	4
96871.03	96871	3	86290.97	86290	97	4
74434.13	74434	13	75214.88	75214	88	2
77667.74	77667	74	97686.4	97686	40	3
94217.33	94217	33	91218.46	91218	46	3
96904.04	96904	4	82211.08	82211	8	2
70821.92	70821	92	55138.76	55138	76	4
85302.15	85302	15	54194.73	54194	73	2
88243.56	88243	56	92995.57	92995	57	5
52952.04	52952	4	57810.33	57810	33	4
56805.08	56805	8	63099.33	63099	33	3
84210.52	84210	52	76195.81	76195	81	4
stocks
0	4985647	0	1
