items_number
200
stocks_number
1
digit
2
items
73676.34	73676	34	92710.59	92710	59	3
57545.41	57545	41	61850.91	61850	91	4
97203.66	97203	66	97673.09	97673	9	1
67102.29	67102	29	98199.99	98199	99	3
73653.67	73653	67	77248.23	77248	23	1
59535.25	59535	25	64839.22	64839	22	1
68228.92	68228	92	75690.02	75690	2	3
86480.51	86480	51	63760.11	63760	11	1
51402.75	51402	75	59829.03	59829	3	5
52711.63	52711	63	61462.49	61462	49	2
84245.65	84245	65	59212.99	59212	99	5
81983.6	81983	60	59753.23	59753	23	5
54942.05	54942	5	96115.77	96115	77	1
61086.9	61086	90	68071.1	68071	10	2
75696.79	75696	79	87532.77	87532	77	4
71464.59	71464	59	63118.63	63118	63	3
63273.51	63273	51	97493.02	97493	2	3
53513.35	53513	35	99867.5	99867	50	2
96583.22	96583	22	50129.11	50129	11	5
66820.45	66820	45	75133.52	75133	52	3
62241.81	62241	81	68702.8	68702	80	4
67845.08	67845	8	51702.78	51702	78	5
71320.63	71320	63	94137.55	94137	55	3
81419.62	81419	62	96640.63	96640	63	1
69256.82	69256	82	63723.37	63723	37	1
65189.63	65189	63	75775.67	75775	67	5
51076.96	51076	96	86826.25	86826	25	3
82002.86	82002	86	75246.92	75246	92	1
64463.99	64463	99	55916.36	55916	36	3
54744.09	54744	9	69556.54	69556	54	1
50676.3	50676	30	83049.37	83049	37	5
97440.85	97440	85	57927.48	57927	48	3
62289.5	62289	50	81406.45	81406	45	5
97879.96	97879	96	90022.46	90022	46	2
64542.14	64542	14	56125.99	56125	99	5
85942.69	85942	69	67954.21	67954	21	2
66714.73	66714	73	64162.21	64162	21	4
82770.59	82770	59	81816.01	81816	1	4
81722.2	81722	20	81714.32	81714	32	4
68117.48	68117	48	83292.76	83292	76	3
85481.22	85481	22	52578.5	52578	50	2
65967.85	65967	85	90927.31	90927	31	3
59400.09	59400	9	93045.51	93045	51	3
99725.28	99725	28	98693.79	98693	79	2
86354.27	86354	27	58997.93	58997	93	5
85096.4	85096	40	80576.28	80576	28	3
71188.39	71188	39	71111.95	71111	95	5
99628.79	99628	79	65790.95	65790	95	4
97911.75	97911	75	89743.79	89743	79	2
77071.13	77071	13	71240.06	71240	6	1
66447.76	66447	76	90923.48	90923	48	2
60151.09	60151	9	58444.11	58444	11	5
94916.22	94916	22	82243.36	82243	36	5
97069.39	97069	39	94360.55	94360	55	4
50871.23	50871	23	64384.26	64384	26	2
64171.04	64171	4	55267.26	55267	26	1
62257.02	62257	2	70134.22	70134	22	1
51947.2	51947	20	51210.51	51210	51	4
96174.43	96174	43	89814.18	89814	18	3
86022.53	86022	53	76051.11	76051	11	5
56691.29	56691	29	70766.57	70766	57	2
56150.25	56150	25	72862.56	72862	56	4
92762.38	92762	38	83978.11	83978	11	2
78282.31	78282	31	61472.02	61472	2	3
54028.74	54028	74	72185.54	72185	54	2
57303.05	57303	5	99404.1	99404	10	3
73524.01	73524	1	79427.75	79427	75	4
80044.47	80044	47	95648.27	95648	27	5
99374.64	99374	64	90520.11	90520	11	3
55246.21	55246	21	70441.07	70441	7	2
57461.48	57461	48	78939.56	78939	56	5
94156.86	94156	86	93099.14	93099	14	5
80514.59	80514	59	70668.9	70668	90	1
66861.09	66861	9	71983.07	71983	7	4
93880.66	93880	66	91791.93	91791	93	3
66867.38	66867	38	88967.84	88967	84	2
51957.49	51957	49	61859.36	61859	36	1
74368.58	74368	58	72203.4	72203	40	2
75795.69	75795	69	54756.79	54756	79	1
59168.77	59168	77	60902.67	60902	67	2
51438.71	51438	71	52743.47	52743	47	2
51543.45	51543	45	95680.79	95680	79	2
78620.86	78620	86	69346.78	69346	78	3
96354.93	96354	93	84987.35	84987	35	4
57912.36	57912	36	90039.35	90039	35	2
79491.09	79491	9	83730.04	83730	4	5
69825.5	69825	50	90254.61	90254	61	1
79470.9	79470	90	69474.09	69474	9	2
90740.81	90740	81	94241.55	94241	55	5
75299.93	75299	93	80067.8	80067	80	5
74792.43	74792	43	95525.2	95525	20	4
56731.62	56731	62	74307.12	74307	12	1
81449.18	81449	18	62229.88	62229	88	3
67554.34	67554	34	88803.83	88803	83	2
85013.94	85013	94	95081.66	95081	66	5
94779.92	94779	92	93715.94	93715	94	4
74857.39	74857	39	97507.93	97507	93	5
58537.47	58537	47	83808.42	83808	42	3
74822.92	74822	92	89362.74	89362	74	3
83532.03	83532	3	88027.05	88027	5	4
73084.2	73084	20	54248.01	54248	1	1
82283.4	82283	40	68300.3	68300	30	4
77687.41	77687	41	81125.71	81125	71	5
62898.31	62898	31	74917.92	74917	92	4
99144.49	99144	49	99584.37	99584	37	2
80867.6	80867	60	82216.64	82216	64	3
89066.7	89066	70	63883.76	63883	76	5
60401.5	60401	50	61442.73	61442	73	3
55234.7	55234	70	63719.57	63719	57	1
74162.91	74162	91	68639.07	68639	7	5
69569.27	69569	27	72344.4	72344	40	1
56672.41	56672	41	66463.04	66463	4	5
75705.37	75705	37	73619.87	73619	87	3
57490.65	57490	65	50990.7	50990	70	1
62326.87	62326	87	60750.91	60750	91	5
92918.73	92918	73	72959.22	72959	22	5
86981.75	86981	75	94022.74	94022	74	2
91452.37	91452	37	60304.53	60304	53	5
72387.64	72387	64	92433.31	92433	31	3
87021.08	87021	8	97563.81	97563	81	1
66751.82	66751	82	99672.85	99672	85	4
97180.59	97180	59	97258.04	97258	4	1
93753.71	93753	71	81171.45	81171	45	4
98200.52	98200	52	61900.25	61900	25	3
64733.93	64733	93	95361.87	95361	87	3
78765.17	78765	17	76251.12	76251	12	3
52278.97	52278	97	64916.19	64916	19	3
98891.32	98891	32	52167.81	52167	81	4
96603.16	96603	16	60058.06	60058	6	3
77100.89	77100	89	54277.93	54277	93	2
91723.87	91723	87	90194.38	90194	38	4
78987.36	78987	36	64306.59	64306	59	5
68683.29	68683	29	81879.23	81879	23	1
69409.81	69409	81	80619.09	80619	9	4
91885.2	91885	20	98524.51	98524	51	3
67827.3	67827	30	81462.13	81462	13	2
50275.93	50275	93	72136.25	72136	25	3
90252.42	90252	42	62406.79	62406	79	3
87529.8	87529	80	52205.86	52205	86	4
64810.63	64810	63	95156.82	95156	82	3
64413.33	64413	33	90347.87	90347	87	2
66399.08	66399	8	83850.79	83850	79	2
80783.04	80783	4	61618.38	61618	38	2
90118.7	90118	70	73266.74	73266	74	2
73889.25	73889	25	84841.49	84841	49	2
93109.43	93109	43	81669.3	81669	30	1
83035.96	83035	96	55525.48	55525	48	1
70170	70170	0	88163.76	88163	76	3
93862.8	93862	80	91973.35	91973	35	2
64722.12	64722	12	57258.79	57258	79	3
57191.61	57191	61	95026.57	95026	57	5
60612.14	60612	14	91644.2	91644	20	2
71202.23	71202	23	63816.35	63816	35	1
50943.32	50943	32	76196.03	76196	3	5
68112.67	68112	67	62845.45	62845	45	4
85935.17	85935	17	59176.23	59176	23	5
89009.49	89009	49	52446.67	52446	67	3
79692.64	79692	64	77761.16	77761	16	3
94127.01	94127	1	70645.56	70645	56	3
94913.17	94913	17	71805.25	71805	25	2
56791.53	56791	53	91339.62	91339	62	5
85849.41	85849	41	60838.46	60838	46	1
73899.53	73899	53	95413.84	95413	84	1
84776.34	84776	34	82518.37	82518	37	5
64559.22	64559	22	50758.07	50758	7	1
75085.25	75085	25	93936.88	93936	88	1
52602.64	52602	64	63980.5	63980	50	1
64834.67	64834	67	82195.32	82195	32	3
65336.67	65336	67	65643.19	65643	19	3
99432.44	99432	44	75486.89	75486	89	5
79645.3	79645	30	77350.67	77350	67	3
79749.01	79749	1	65290.06	65290	6	1
65830.04	65830	4	59335.68	59335	68	3
60427.86	60427	86	98270.57	98270	57	4
79167.23	79167	23	88556.32	88556	32	2
99020.3	99020	30	53476.69	53476	69	1
62837.3	62837	30	79938.87	79938	87	2
71502.71	71502	71	53382.32	53382	32	4
69190.82	69190	82	50939.45	50939	45	3
65999.62	65999	62	81212.22	81212	22	5
86224.35	86224	35	60640.12	60640	12	4
76381.43	76381	43	95966.55	95966	55	4
85912.77	85912	77	82156.94	82156	94	2
57426.59	57426	59	74457.47	74457	47	4
86625.75	86625	75	72161.1	72161	10	4
63324.44	63324	44	95001.91	95001	91	2
52661.28	52661	28	92934.22	92934	22	3
75633.76	75633	76	83909.77	83909	77	3
93016.6	93016	60	82062.08	82062	8	5
56088.29	56088	29	63578.78	63578	78	2
70545.93	70545	93	55713.54	55713	54	4
59108.13	59108	13	82702.7	82702	70	4
91938.22	91938	22	83718.76	83718	76	4
53745.99	53745	99	51125.38	51125	38	1
93884.47	93884	47	65219.59	65219	59	3
56496.96	56496	96	93777.83	93777	83	5
78830.24	78830	24	54362.78	54362	78	1
55786.63	55786	63	88500.1	88500	10	3
80631.63	80631	63	75971.68	75971	68	4
94166.44	94166	44	70005.98	70005	98	5
stocks
117730.91	117730	91	1
