items_number
200
stocks_number
1
digit
2
items
654611.57	654611	57	845539.73	845539	73	4
627743.85	627743	85	749146.92	749146	92	5
696372.06	696372	6	706499.54	706499	54	2
887483.15	887483	15	846979.89	846979	89	3
556694.03	556694	3	768222.75	768222	75	5
523304.93	523304	93	730579.61	730579	61	5
585870.62	585870	62	772914.84	772914	84	5
887101.39	887101	39	647717.33	647717	33	2
946109.43	946109	43	755710.3	755710	30	1
964464.52	964464	52	599891.49	599891	49	5
913405.48	913405	48	590957.86	590957	86	2
956755.79	956755	79	549834.32	549834	32	3
535234.4	535234	40	558129.63	558129	63	3
563614.72	563614	72	643495.68	643495	68	1
700437.56	700437	56	748022.18	748022	18	3
648754.88	648754	88	963720.77	963720	77	4
519503.06	519503	6	581019.49	581019	49	4
878410.69	878410	69	790773.45	790773	45	4
502373.22	502373	22	525465.7	525465	70	3
905816	905816	0	572666.54	572666	54	4
995810.77	995810	77	598963.25	598963	25	3
711460.47	711460	47	977951.69	977951	69	5
622702.84	622702	84	619958.6	619958	60	2
682956.54	682956	54	899762.83	899762	83	4
868252.17	868252	17	541725.23	541725	23	5
921613.89	921613	89	552916.52	552916	52	1
832520.28	832520	28	745056.19	745056	19	5
771872.79	771872	79	797819.81	797819	81	2
889749.72	889749	72	572012.42	572012	42	2
630527.89	630527	89	843090.88	843090	88	5
893368.16	893368	16	539114.26	539114	26	5
544359.29	544359	29	917552.67	917552	67	5
758270.74	758270	74	592236.32	592236	32	1
610387.74	610387	74	745614.8	745614	80	3
931843.96	931843	96	785177.56	785177	56	2
835611.77	835611	77	860458.08	860458	8	1
633691.67	633691	67	976193.94	976193	94	3
538359.59	538359	59	558090.4	558090	40	2
743359.68	743359	68	528821.41	528821	41	4
600446.62	600446	62	752549.76	752549	76	5
502823.63	502823	63	657981.9	657981	90	3
656763.16	656763	16	619778.8	619778	80	5
577847.94	577847	94	802384.08	802384	8	2
558704.03	558704	3	716110.05	716110	5	5
741024.88	741024	88	763274.48	763274	48	3
798931.02	798931	2	571052.78	571052	78	1
707458.43	707458	43	700476.82	700476	82	3
760528.47	760528	47	864940.49	864940	49	3
677341.71	677341	71	882473.75	882473	75	4
709831.65	709831	65	725941.52	725941	52	2
666343.99	666343	99	937607.04	937607	4	1
673150.01	673150	1	981436.01	981436	1	1
941939.13	941939	13	724539.73	724539	73	1
809692.84	809692	84	557564.16	557564	16	4
876753.07	876753	7	881198.36	881198	36	5
810190.82	810190	82	766264.96	766264	96	5
751951.25	751951	25	631127.68	631127	68	4
729919.35	729919	35	626253.56	626253	56	1
602708.13	602708	13	584730.77	584730	77	3
641699.98	641699	98	703139.62	703139	62	5
860446.76	860446	76	969343.96	969343	96	5
516722.81	516722	81	623844.56	623844	56	5
706706.79	706706	79	641337.82	641337	82	5
639362.5	639362	50	582225.28	582225	28	3
647756.55	647756	55	890105.88	890105	88	2
659195.76	659195	76	926514.38	926514	38	3
995621.79	995621	79	942684.36	942684	36	3
781447.75	781447	75	886945.82	886945	82	1
697554.87	697554	87	984604.31	984604	31	1
738979.48	738979	48	971505.3	971505	30	3
902541.89	902541	89	639493.59	639493	59	5
721024.5	721024	50	663232.73	663232	73	3
916389.16	916389	16	611930.1	611930	10	3
980388.83	980388	83	962524.19	962524	19	3
779728.05	779728	5	899989.3	899989	30	2
678059.57	678059	57	895851.1	895851	10	2
779319.86	779319	86	554223.5	554223	50	3
507832.49	507832	49	600465.12	600465	12	1
938587.04	938587	4	760790.12	760790	12	4
956660.09	956660	9	936696.25	936696	25	1
738311.14	738311	14	847053.16	847053	16	2
625577.03	625577	3	719043.68	719043	68	4
650456.62	650456	62	938778.78	938778	78	2
680249.79	680249	79	571591.42	571591	42	2
955916.39	955916	39	776607.84	776607	84	3
547856.7	547856	70	819975.15	819975	15	3
511085.61	511085	61	858503.38	858503	38	3
707867.65	707867	65	907734.05	907734	5	3
777775.57	777775	57	966875.23	966875	23	3
634440.75	634440	75	943233.68	943233	68	3
870213.15	870213	15	631520.19	631520	19	3
658868.34	658868	34	956865.19	956865	19	5
651162.56	651162	56	587723.24	587723	24	2
576918.94	576918	94	793504.01	793504	1	4
818877.36	818877	36	539089.47	539089	47	2
798919.64	798919	64	977829.12	977829	12	5
736113.22	736113	22	720018.92	720018	92	3
814497.16	814497	16	502419.36	502419	36	1
601012.91	601012	91	864773.47	864773	47	3
954315.09	954315	9	725268.75	725268	75	4
574122.64	574122	64	973925.18	973925	18	3
503552.8	503552	80	524912.58	524912	58	4
695985.11	695985	11	909147	909147	0	1
990511.32	990511	32	606501.8	606501	80	2
983941.16	983941	16	508083.77	508083	77	2
975714.69	975714	69	809136.3	809136	30	5
668570.89	668570	89	522998.9	522998	90	3
783906.54	783906	54	562306.79	562306	79	4
504192.18	504192	18	909601.94	909601	94	5
627803.93	627803	93	783788.02	783788	2	3
740565.15	740565	15	999002.05	999002	5	2
742503.32	742503	32	777300.62	777300	62	2
774027.49	774027	49	502831.22	502831	22	4
911668.78	911668	78	937779.83	937779	83	3
943399.12	943399	12	869539.04	869539	4	5
729943.88	729943	88	800085.07	800085	7	3
980171.48	980171	48	778401.5	778401	50	2
954484.25	954484	25	728041.43	728041	43	3
958457.05	958457	5	728466.12	728466	12	5
757946.57	757946	57	765922.73	765922	73	1
588923.52	588923	52	691920.63	691920	63	5
849316.2	849316	20	880633.83	880633	83	4
937461.91	937461	91	722786.44	722786	44	5
760733.09	760733	9	800290.39	800290	39	3
946882.67	946882	67	674136.85	674136	85	2
756337.28	756337	28	782523.92	782523	92	3
559651.25	559651	25	798765.51	798765	51	4
682994.89	682994	89	894154.77	894154	77	5
591481.96	591481	96	784942.8	784942	80	5
681310.16	681310	16	684184.5	684184	50	1
657955.51	657955	51	640069.04	640069	4	3
665603.12	665603	12	779513.98	779513	98	5
684863.48	684863	48	709097.08	709097	8	2
853941.14	853941	14	549215.04	549215	4	5
676761.44	676761	44	886014.78	886014	78	3
689450.64	689450	64	717180.86	717180	86	3
850301.83	850301	83	858351.34	858351	34	4
845331.34	845331	34	929659.2	929659	20	3
973356.18	973356	18	800133.17	800133	17	3
854493.53	854493	53	788598.28	788598	28	4
993781.79	993781	79	713447.75	713447	75	5
734567.34	734567	34	819781.22	819781	22	4
596996.86	596996	86	586545.9	586545	90	5
767808.28	767808	28	736925.97	736925	97	3
666881.12	666881	12	778206.58	778206	58	3
540394.5	540394	50	956084.95	956084	95	1
518397.17	518397	17	557656.04	557656	4	5
647052.12	647052	12	556606.6	556606	60	4
515525.27	515525	27	704771.9	704771	90	3
997501.22	997501	22	786122.68	786122	68	2
904998.69	904998	69	843176.34	843176	34	5
625095.8	625095	80	896691.05	896691	5	4
846816.95	846816	95	687401.52	687401	52	5
842458.13	842458	13	586608.78	586608	78	1
885828.41	885828	41	717627.44	717627	44	3
793697.62	793697	62	861538.89	861538	89	4
619441.93	619441	93	869131.22	869131	22	1
966126.66	966126	66	516392.47	516392	47	2
997339.03	997339	3	776338.66	776338	66	5
731569.89	731569	89	654073.54	654073	54	2
647436.34	647436	34	700576.98	700576	98	4
655293.06	655293	6	916407.7	916407	70	4
897173.53	897173	53	933586.52	933586	52	1
852946.82	852946	82	930320.06	930320	6	5
529880.73	529880	73	986270.74	986270	74	3
573933.97	573933	97	840247.3	840247	30	1
542395.47	542395	47	668146.44	668146	44	4
880181.56	880181	56	844620.6	844620	60	2
939911.83	939911	83	769905.03	769905	3	3
536397.17	536397	17	968279.62	968279	62	4
734674.1	734674	10	653865.88	653865	88	2
933691.63	933691	63	503998.78	503998	78	4
770964.51	770964	51	788059.36	788059	36	2
852317.48	852317	48	740410.3	740410	30	3
722145.91	722145	91	761570.75	761570	75	4
937845.15	937845	15	566265.46	566265	46	2
892711.5	892711	50	696493.77	696493	77	3
740542.6	740542	60	839874.32	839874	32	5
584896.79	584896	79	643518.07	643518	7	5
928883.29	928883	29	921911.19	921911	19	1
738042.35	738042	35	646642	646642	0	1
510540.01	510540	1	507340.93	507340	93	1
553978.09	553978	9	839248.24	839248	24	1
605505.3	605505	30	834044.04	834044	4	3
873645.66	873645	66	593949.23	593949	23	2
939806.5	939806	50	556874.2	556874	20	1
899202.44	899202	44	695581.93	695581	93	1
513733.59	513733	59	963080.46	963080	46	4
926579.68	926579	68	573266.68	573266	68	4
917187.99	917187	99	971919.11	971919	11	5
745302	745302	0	637799.52	637799	52	5
574014.02	574014	2	794490.18	794490	18	2
572480.06	572480	6	888326.81	888326	81	3
663121.53	663121	53	592032.05	592032	5	3
947607.37	947607	37	724809.24	724809	24	4
623007.79	623007	79	874595.07	874595	7	2
757701.02	757701	2	932279.87	932279	87	3
990002.84	990002	84	892956.21	892956	21	4
503188.87	503188	87	739861.19	739861	19	3
697611.86	697611	86	722830.9	722830	90	2
stocks
87.87	44354443	87	1
