items_number
200
stocks_number
1
digit
2
items
95658.76	95658	76	84489.99	84489	99	3
99825.65	99825	65	94037.07	94037	7	3
72449.01	72449	1	58634.39	58634	39	4
56060.73	56060	73	87192.39	87192	39	4
73646.31	73646	31	68522.81	68522	81	4
61602.53	61602	53	57313.61	57313	61	4
73824.44	73824	44	93680.28	93680	28	1
82732.46	82732	46	93473.82	93473	82	3
70541.04	70541	4	64280.95	64280	95	2
52341.7	52341	70	81500.25	81500	25	2
83521.05	83521	5	88932.17	88932	17	3
63761.65	63761	65	67117.57	67117	57	1
82326.3	82326	30	61440.94	61440	94	5
91545.1	91545	10	75871.34	75871	34	1
90021.71	90021	71	98633.22	98633	22	1
65983.79	65983	79	91646.17	91646	17	4
62484.71	62484	71	77006.85	77006	85	1
61722.18	61722	18	77328.9	77328	90	5
87591.03	87591	3	77289.35	77289	35	5
61729.59	61729	59	63971.32	63971	32	3
77157.15	77157	15	50145.72	50145	72	1
89574.38	89574	38	58234.93	58234	93	3
54298.76	54298	76	59745.77	59745	77	3
65982.73	65982	73	57720.43	57720	43	5
83956.96	83956	96	83823.27	83823	27	3
77177.26	77177	26	63546.08	63546	8	2
84018.53	84018	53	90013.7	90013	70	3
90301.37	90301	37	81515.17	81515	17	1
71176.12	71176	12	58678.66	58678	66	5
64488.74	64488	74	87678.35	87678	35	4
85563.56	85563	56	91323.71	91323	71	2
76134.4	76134	40	93167.65	93167	65	4
64312.39	64312	39	81714.94	81714	94	1
58011.09	58011	9	59257.62	59257	62	5
82195.66	82195	66	89659.56	89659	56	2
97260.71	97260	71	59536.75	59536	75	1
78915.62	78915	62	75871.75	75871	75	5
65319.62	65319	62	92639.37	92639	37	5
89292.69	89292	69	53009.57	53009	57	5
58756.19	58756	19	90151.7	90151	70	2
67661.33	67661	33	74138.62	74138	62	3
72812.74	72812	74	51241.27	51241	27	3
81818.84	81818	84	66569.8	66569	80	4
99987.63	99987	63	94879.08	94879	8	2
64357.85	64357	85	77112.13	77112	13	3
71839.08	71839	8	65201.02	65201	2	4
75270.94	75270	94	86525.25	86525	25	5
86142.56	86142	56	54117.5	54117	50	1
92862.26	92862	26	92529.92	92529	92	3
62860.97	62860	97	63813.13	63813	13	1
97871.67	97871	67	68088.35	68088	35	3
79320.41	79320	41	92674.64	92674	64	5
61735.35	61735	35	81348.58	81348	58	5
61470.95	61470	95	77833.12	77833	12	1
95302.66	95302	66	50393.59	50393	59	1
95691.84	95691	84	74471.85	74471	85	2
88647.21	88647	21	50680.72	50680	72	4
88620.71	88620	71	99707.29	99707	29	4
85992.21	85992	21	55986.54	55986	54	2
69124.85	69124	85	59358.9	59358	90	5
53107.45	53107	45	87385.16	87385	16	4
71554.29	71554	29	97309.26	97309	26	3
95258.78	95258	78	61826.07	61826	7	3
76720.37	76720	37	78399.63	78399	63	5
88866.38	88866	38	65866.88	65866	88	5
86753.44	86753	44	60785.64	60785	64	1
83280.08	83280	8	97237.9	97237	90	2
67780.52	67780	52	91737.16	91737	16	1
52072.58	52072	58	53424.53	53424	53	2
72572.77	72572	77	50245	50245	0	2
85837.71	85837	71	91188.86	91188	86	2
79034.91	79034	91	86863.67	86863	67	2
54684.52	54684	52	60787.27	60787	27	1
67655.56	67655	56	57756.66	57756	66	5
88321.06	88321	6	81742.75	81742	75	3
78342.89	78342	89	87899.92	87899	92	3
89494.16	89494	16	82258.2	82258	20	3
63590	63590	0	77567.52	77567	52	5
64483.45	64483	45	51316.94	51316	94	3
91656.42	91656	42	74786.64	74786	64	3
85751.98	85751	98	50680.17	50680	17	2
71655.13	71655	13	69405.29	69405	29	3
70975.36	70975	36	76760.29	76760	29	4
97486.85	97486	85	91330.75	91330	75	2
83125.6	83125	60	56538.93	56538	93	5
75577.54	75577	54	86455.4	86455	40	5
93177.69	93177	69	65800.12	65800	12	5
81072.82	81072	82	66519.65	66519	65	3
73497.78	73497	78	86161.22	86161	22	3
88469.42	88469	42	71786.67	71786	67	4
59496.19	59496	19	75878.07	75878	7	4
76604.23	76604	23	82846.38	82846	38	1
69323.71	69323	71	78395.93	78395	93	3
54754.97	54754	97	97005.15	97005	15	3
62625.6	62625	60	70546.53	70546	53	2
58188.09	58188	9	94261.33	94261	33	2
50807.93	50807	93	57789.31	57789	31	5
55205.2	55205	20	67782.44	67782	44	1
85270.62	85270	62	95298.49	95298	49	5
62180.04	62180	4	70514.84	70514	84	2
87078.98	87078	98	77328.44	77328	44	4
71106.85	71106	85	95787.88	95787	88	1
91214.47	91214	47	57377.51	57377	51	3
91763.02	91763	2	88115.23	88115	23	4
88761.41	88761	41	62843.06	62843	6	3
79534.54	79534	54	98420.26	98420	26	2
79405.91	79405	91	85314.67	85314	67	1
87555.57	87555	57	95102.27	95102	27	2
52424.06	52424	6	85287.3	85287	30	3
93889.88	93889	88	86630.61	86630	61	1
88512.52	88512	52	79188.91	79188	91	1
97477.56	97477	56	85967.48	85967	48	5
74844.53	74844	53	56034.43	56034	43	3
68787.4	68787	40	55948.72	55948	72	5
54262.94	54262	94	77296.23	77296	23	3
67269.14	67269	14	71874.36	71874	36	4
94365.94	94365	94	51703.13	51703	13	4
56739.63	56739	63	52397.36	52397	36	4
98341.96	98341	96	88393.54	88393	54	1
67861.72	67861	72	87864.35	87864	35	3
95208.06	95208	6	74183.55	74183	55	2
57837.67	57837	67	73571.61	73571	61	1
53766.48	53766	48	80011.25	80011	25	5
64530.29	64530	29	61879	61879	0	5
71892.17	71892	17	70575.76	70575	76	5
75692.6	75692	60	50556.79	50556	79	4
82020.39	82020	39	65440.33	65440	33	3
72699.1	72699	10	87666.07	87666	7	4
80897.33	80897	33	77639.75	77639	75	4
67289.53	67289	53	60738.35	60738	35	2
84880.14	84880	14	67480.43	67480	43	2
67975.31	67975	31	54966.19	54966	19	2
97696.38	97696	38	65825.75	65825	75	5
85394.62	85394	62	74857.94	74857	94	1
69038.85	69038	85	52381.94	52381	94	5
86457.32	86457	32	78668.81	78668	81	2
74229.68	74229	68	82577.72	82577	72	5
98443.76	98443	76	87695.61	87695	61	2
83312.41	83312	41	73769.6	73769	60	5
85954.26	85954	26	67863.55	67863	55	2
51631.64	51631	64	74324.22	74324	22	4
71823.45	71823	45	62258.52	62258	52	1
92731.35	92731	35	63131.03	63131	3	3
76475.18	76475	18	89660.17	89660	17	3
90611.85	90611	85	77507.76	77507	76	2
96994.29	96994	29	99728.78	99728	78	5
93744.32	93744	32	70834.54	70834	54	1
94276.32	94276	32	79210.41	79210	41	5
63033.44	63033	44	52124.66	52124	66	1
51385.8	51385	80	59226.6	59226	60	3
62136.56	62136	56	76374.76	76374	76	4
58241.02	58241	2	85609.21	85609	21	2
68523.99	68523	99	92099.21	92099	21	5
75203.04	75203	4	56384.54	56384	54	3
82072.32	82072	32	97488.21	97488	21	1
90415.16	90415	16	71974.5	71974	50	4
60195.17	60195	17	66241.85	66241	85	1
64091.23	64091	23	62927.07	62927	7	1
72414.27	72414	27	59639.57	59639	57	3
91093.5	91093	50	93880.6	93880	60	1
90681.28	90681	28	82966.42	82966	42	2
66594.93	66594	93	77120.01	77120	1	4
68368.33	68368	33	98846.31	98846	31	2
88377.18	88377	18	98791.69	98791	69	1
61289.07	61289	7	61277.47	61277	47	2
87406.7	87406	70	51226.25	51226	25	3
84134.02	84134	2	77459.5	77459	50	4
85518.27	85518	27	53155.2	53155	20	1
85848.46	85848	46	98222.38	98222	38	2
67445.44	67445	44	60528.11	60528	11	1
71471.06	71471	6	80319.27	80319	27	2
87480.62	87480	62	72546.12	72546	12	5
89269.89	89269	89	72786.15	72786	15	1
64202.41	64202	41	52750.3	52750	30	2
73255.32	73255	32	71506.3	71506	30	5
89180.27	89180	27	50292.91	50292	91	2
70496.22	70496	22	52478.6	52478	60	3
66999.16	66999	16	92340.36	92340	36	5
83455.59	83455	59	79502.33	79502	33	3
83529.18	83529	18	63903.27	63903	27	3
77685.48	77685	48	60866.96	60866	96	5
54891.15	54891	15	65177.61	65177	61	3
51070.21	51070	21	58812.48	58812	48	5
96208.48	96208	48	52964.17	52964	17	4
80095.72	80095	72	71561.67	71561	67	5
83143.05	83143	5	56299.7	56299	70	2
95923.64	95923	64	74939.67	74939	67	3
90290.41	90290	41	87803.04	87803	4	3
56534.8	56534	80	78528.77	78528	77	2
77637.43	77637	43	93879.77	93879	77	2
90683.43	90683	43	90983.64	90983	64	3
56516.6	56516	60	70794.71	70794	71	4
94232.89	94232	89	80299.3	80299	30	5
59050.28	59050	28	89829.47	89829	47	2
94893.78	94893	78	69585.4	69585	40	1
55520.96	55520	96	50877.77	50877	77	3
96456.98	96456	98	50355.72	50355	72	4
88327.81	88327	81	56344.42	56344	42	2
50338.76	50338	76	63333.49	63333	49	3
91605.96	91605	96	57878.62	57878	62	5
stocks
28.28	4667006	28	1
