items_number
200
stocks_number
1
digit
2
items
82.14	82	14	85.85	85	85	4
89.28	89	28	51.03	51	3	5
67.84	67	84	86.26	86	26	3
59.95	59	95	97.86	97	86	1
94.13	94	13	79.15	79	15	2
85.17	85	17	78.97	78	97	5
89.69	89	69	60.96	60	96	2
74.02	74	2	85.31	85	31	5
78.73	78	73	58.94	58	94	5
81.23	81	23	97.62	97	62	4
67.26	67	26	58.51	58	51	5
54.78	54	78	56	56	0	2
81.19	81	19	66.98	66	98	5
69	69	0	93.79	93	79	5
82.71	82	71	92.44	92	44	5
67.88	67	88	54.63	54	63	4
91.65	91	65	94.5	94	50	3
99.57	99	57	89.16	89	16	2
62.32	62	32	76.49	76	49	3
57.11	57	11	65.86	65	86	3
91.15	91	15	64.04	64	4	1
90.51	90	51	54.83	54	83	5
60.71	60	71	71.1	71	10	4
86.97	86	97	96.41	96	41	4
99.52	99	52	88.9	88	90	1
63.14	63	14	83.06	83	6	2
62.11	62	11	93.7	93	70	3
63.2	63	20	50.78	50	78	1
53.63	53	63	55.81	55	81	5
57.75	57	75	52.36	52	36	2
57.91	57	91	56.93	56	93	1
60.77	60	77	91.18	91	18	3
96.04	96	4	53.39	53	39	4
100.75	100	75	66.19	66	19	5
69.25	69	25	87.04	87	4	1
90.17	90	17	57.06	57	6	2
58.45	58	45	94.68	94	68	5
82.94	82	94	72.53	72	53	2
88.71	88	71	92.37	92	37	1
86.7	86	70	51.62	51	62	1
62.7	62	70	93.67	93	67	1
54.49	54	49	74.4	74	40	5
64	64	0	57.14	57	14	3
68.41	68	41	58.65	58	65	2
98.02	98	2	66.2	66	20	4
71.71	71	71	74.59	74	59	2
85.29	85	29	62.81	62	81	2
62.67	62	67	60.22	60	22	3
69.28	69	28	62.27	62	27	1
72.62	72	62	62.3	62	30	4
70.31	70	31	100.6	100	60	2
85.96	85	96	76.31	76	31	1
86.13	86	13	91.65	91	65	4
54.54	54	54	71.71	71	71	1
70.45	70	45	96.24	96	24	4
84.65	84	65	79.08	79	8	1
67.69	67	69	78.29	78	29	2
82.09	82	9	88.47	88	47	4
72.37	72	37	79.38	79	38	1
96.84	96	84	83.62	83	62	3
63.84	63	84	91.83	91	83	2
53.8	53	80	59.31	59	31	3
80.62	80	62	98.8	98	80	5
58.4	58	40	68.22	68	22	2
77.56	77	56	75.02	75	2	4
99.87	99	87	59.36	59	36	5
72.09	72	9	100.28	100	28	3
85.01	85	1	68.7	68	70	3
54.81	54	81	55.41	55	41	4
60.81	60	81	91.18	91	18	3
70.23	70	23	69.84	69	84	4
66.03	66	3	98.09	98	9	4
89.3	89	30	65.58	65	58	3
85.23	85	23	50.99	50	99	3
58.45	58	45	55.26	55	26	2
87.32	87	32	55.3	55	30	3
55.46	55	46	74.58	74	58	4
94.74	94	74	92.59	92	59	3
99.52	99	52	90.04	90	4	3
99.27	99	27	60.85	60	85	1
90.36	90	36	54.41	54	41	2
93.35	93	35	90.65	90	65	4
83.23	83	23	61.68	61	68	4
75.01	75	1	95.59	95	59	2
98.89	98	89	85.88	85	88	1
77.2	77	20	56.45	56	45	4
84.18	84	18	98.19	98	19	2
89.1	89	10	87.17	87	17	4
83.29	83	29	95.92	95	92	4
80.07	80	7	76.57	76	57	4
84.95	84	95	94.79	94	79	1
96.66	96	66	59.75	59	75	1
83.88	83	88	85.4	85	40	3
63.57	63	57	92.11	92	11	3
79.06	79	6	51.97	51	97	2
60.96	60	96	59.42	59	42	1
86.96	86	96	75.99	75	99	4
75.68	75	68	51.77	51	77	2
95.97	95	97	51.12	51	12	4
64.29	64	29	80.41	80	41	2
59.49	59	49	66.95	66	95	4
90.72	90	72	70.48	70	48	4
81.33	81	33	77.02	77	2	2
99.31	99	31	55.54	55	54	3
99.95	99	95	71.47	71	47	1
89.78	89	78	56.8	56	80	3
59.16	59	16	86.36	86	36	3
78.41	78	41	69.57	69	57	1
56.04	56	4	98.4	98	40	1
82.2	82	20	75.41	75	41	5
76.68	76	68	80.94	80	94	4
96.93	96	93	76.33	76	33	4
100.07	100	7	89.06	89	6	3
84.43	84	43	65.63	65	63	2
96.94	96	94	96.92	96	92	5
97.96	97	96	98.94	98	94	1
85.64	85	64	71.08	71	8	5
79.65	79	65	93.11	93	11	3
85.07	85	7	84.63	84	63	4
68.45	68	45	90	90	0	4
58.24	58	24	69.2	69	20	1
94.54	94	54	52.94	52	94	5
63.11	63	11	73.27	73	27	1
65.12	65	12	78.6	78	60	3
81.63	81	63	68.57	68	57	4
92.7	92	70	75.76	75	76	4
100.08	100	8	62.54	62	54	3
92.59	92	59	93.56	93	56	2
92.9	92	90	50.53	50	53	5
69.57	69	57	63.66	63	66	3
55.88	55	88	72.49	72	49	1
50.39	50	39	66.01	66	1	1
58.29	58	29	84.67	84	67	3
60.73	60	73	99.51	99	51	2
99.22	99	22	97.55	97	55	3
81.24	81	24	79.14	79	14	3
74.03	74	3	54.84	54	84	2
82.9	82	90	82.43	82	43	5
58.18	58	18	72.24	72	24	1
54.08	54	8	76.24	76	24	4
89.62	89	62	81.84	81	84	1
58.86	58	86	76.18	76	18	4
50.01	50	1	52.09	52	9	4
88.69	88	69	95.42	95	42	1
66.82	66	82	91.81	91	81	5
96.47	96	47	72.02	72	2	5
84.66	84	66	92.88	92	88	1
51.46	51	46	62.41	62	41	1
99.64	99	64	64.65	64	65	2
93.25	93	25	50.51	50	51	4
69.43	69	43	76.93	76	93	1
81.89	81	89	57.38	57	38	2
60.31	60	31	52.45	52	45	5
56.07	56	7	100.72	100	72	3
70.01	70	1	86.98	86	98	4
66.94	66	94	95.02	95	2	5
73.29	73	29	74.48	74	48	2
70.62	70	62	98.53	98	53	3
57.53	57	53	87.11	87	11	4
64.19	64	19	74.54	74	54	3
89.19	89	19	85.71	85	71	3
87.93	87	93	58.12	58	12	4
64.58	64	58	64.55	64	55	3
71.49	71	49	68.9	68	90	5
72.67	72	67	56.64	56	64	2
88.32	88	32	60.62	60	62	3
51.25	51	25	71.57	71	57	3
96.22	96	22	85	85	0	5
94.23	94	23	92.05	92	5	4
84.43	84	43	68.81	68	81	3
100.3	100	30	60.24	60	24	3
82.37	82	37	98.9	98	90	5
92.82	92	82	94.99	94	99	3
74.31	74	31	87.85	87	85	1
69.07	69	7	92.84	92	84	5
83.64	83	64	59.33	59	33	4
94.31	94	31	58.87	58	87	5
77.25	77	25	57.73	57	73	5
84.62	84	62	96.26	96	26	4
92.95	92	95	98.05	98	5	1
95.5	95	50	57.24	57	24	5
77.05	77	5	71.72	71	72	2
72.84	72	84	54.43	54	43	4
54.33	54	33	84.22	84	22	2
57.12	57	12	70.44	70	44	4
67.38	67	38	64.93	64	93	4
70.27	70	27	78.76	78	76	1
54.41	54	41	68.93	68	93	2
87	87	0	86.98	86	98	4
51.32	51	32	64.87	64	87	4
68.6	68	60	92.99	92	99	2
100.19	100	19	71.22	71	22	1
89.25	89	25	97	97	0	2
57.7	57	70	81.54	81	54	1
70.2	70	20	63.12	63	12	5
85.44	85	44	52.16	52	16	1
69.55	69	55	91.16	91	16	5
96.98	96	98	59.69	59	69	4
80.67	80	67	61.16	61	16	5
62.3	62	30	57.73	57	73	4
stocks
24.24	5336	24	1
