items_number
200
stocks_number
1
digit
2
items
68757.78	68757	78	60115.97	60115	97	2
64596.97	64596	97	63621.44	63621	44	3
50840.14	50840	14	73197.17	73197	17	1
69708.8	69708	80	55179.87	55179	87	4
52330.31	52330	31	76651.03	76651	3	3
82152.06	82152	6	94509.84	94509	84	2
64926.69	64926	69	70875.88	70875	88	3
68751.95	68751	95	80021.57	80021	57	1
79275.08	79275	8	78627.3	78627	30	3
65842.34	65842	34	69494.82	69494	82	2
92476.58	92476	58	52255.85	52255	85	4
81962.36	81962	36	55262.02	55262	2	2
91654.78	91654	78	77023.2	77023	20	1
64496.05	64496	5	79235.3	79235	30	1
73792.81	73792	81	90566.83	90566	83	2
97303.94	97303	94	56960.45	56960	45	4
74978.31	74978	31	60385.18	60385	18	4
86549.57	86549	57	95578.09	95578	9	5
91844.31	91844	31	66918.33	66918	33	1
98855.51	98855	51	70241.87	70241	87	4
64827.86	64827	86	55061.98	55061	98	4
91945.13	91945	13	55845.38	55845	38	2
82808.38	82808	38	55581.22	55581	22	5
95788.31	95788	31	87766.24	87766	24	3
57538.36	57538	36	80972.26	80972	26	2
87106.16	87106	16	83668.8	83668	80	3
78638.32	78638	32	96318.11	96318	11	5
99640.19	99640	19	93363.99	93363	99	4
89209.1	89209	10	74345.34	74345	34	2
51776.15	51776	15	79020.25	79020	25	5
55623.61	55623	61	87654.6	87654	60	2
57965.88	57965	88	93762.31	93762	31	3
66372.64	66372	64	92641.21	92641	21	2
56463.76	56463	76	70151.77	70151	77	4
86974.21	86974	21	98941.71	98941	71	3
78004.96	78004	96	69291.24	69291	24	4
97916.34	97916	34	73960.61	73960	61	5
61200.42	61200	42	79117.59	79117	59	5
96755.43	96755	43	58612.34	58612	34	1
77190.94	77190	94	52587.43	52587	43	4
77042.29	77042	29	98611.93	98611	93	3
98532.02	98532	2	60867.71	60867	71	4
68452.31	68452	31	67150.97	67150	97	5
77997.07	77997	7	84934.13	84934	13	1
63027.59	63027	59	90102.01	90102	1	5
92244.12	92244	12	57716.81	57716	81	1
75299.01	75299	1	51194.1	51194	10	1
88005.42	88005	42	59788.19	59788	19	5
78793.22	78793	22	53293.42	53293	42	3
76443.85	76443	85	68112.96	68112	96	2
96160.93	96160	93	80029.07	80029	7	3
52920.6	52920	60	67655.92	67655	92	1
77689.5	77689	50	73958.34	73958	34	5
78968.84	78968	84	94911.29	94911	29	4
98708.91	98708	91	64721.16	64721	16	5
94528.38	94528	38	64230.12	64230	12	3
66073	66073	0	78579.61	78579	61	2
77345.24	77345	24	61038.79	61038	79	4
53467.57	53467	57	57592.12	57592	12	3
64582.63	64582	63	62224.95	62224	95	5
88422.91	88422	91	90059.04	90059	4	3
59091.71	59091	71	54546.72	54546	72	4
72548.51	72548	51	55985.78	55985	78	2
64094.07	64094	7	82699.26	82699	26	1
74855.99	74855	99	83999.5	83999	50	4
68822.24	68822	24	64227.01	64227	1	4
92098.03	92098	3	61291.02	61291	2	5
82072.85	82072	85	57958.63	57958	63	3
80023.67	80023	67	93344.61	93344	61	5
88853.99	88853	99	69903.88	69903	88	5
68562.8	68562	80	60545.59	60545	59	2
66365.96	66365	96	51254.06	51254	6	5
87384.53	87384	53	80771.6	80771	60	4
87015.63	87015	63	86997.08	86997	8	3
94362.03	94362	3	86188.72	86188	72	5
59711.64	59711	64	80173.61	80173	61	5
88559.75	88559	75	94713.41	94713	41	1
78961.57	78961	57	87382.34	87382	34	2
97717.06	97717	6	89961.33	89961	33	4
67351.97	67351	97	57306.83	57306	83	3
64705.94	64705	94	64795.3	64795	30	3
53176.51	53176	51	79290.92	79290	92	1
79572.58	79572	58	84262.75	84262	75	3
92394.44	92394	44	98054.16	98054	16	5
82144.35	82144	35	74201.21	74201	21	5
78279.49	78279	49	98984.43	98984	43	3
96222.82	96222	82	62283.29	62283	29	2
57517.88	57517	88	62080.34	62080	34	3
64924.25	64924	25	69322.23	69322	23	3
99689.91	99689	91	79176.93	79176	93	5
72100.51	72100	51	74304.81	74304	81	4
53345.68	53345	68	59380.27	59380	27	3
68080.14	68080	14	93024.17	93024	17	5
53948.54	53948	54	89591.11	89591	11	5
76741.76	76741	76	51380.05	51380	5	3
92936.65	92936	65	86323.19	86323	19	4
72770.79	72770	79	63118.13	63118	13	5
68838.31	68838	31	62671.08	62671	8	4
84308.03	84308	3	94281.35	94281	35	3
52792.46	52792	46	56461.26	56461	26	1
57690.82	57690	82	91875.96	91875	96	1
62170.35	62170	35	64127.94	64127	94	4
69158.94	69158	94	67016.84	67016	84	5
54374.35	54374	35	81946.56	81946	56	4
99185.98	99185	98	51123.54	51123	54	2
63519.97	63519	97	53203.56	53203	56	1
64086.51	64086	51	62119.7	62119	70	5
97045.73	97045	73	55136.96	55136	96	2
51781.06	51781	6	99886.91	99886	91	3
71103.57	71103	57	61380.03	61380	3	3
64395.23	64395	23	71743.79	71743	79	1
66486	66486	0	64680.73	64680	73	2
74279.09	74279	9	90671.95	90671	95	5
93968.33	93968	33	56004.07	56004	7	3
68180.96	68180	96	62733.9	62733	90	1
56423.96	56423	96	74172.68	74172	68	1
81547.34	81547	34	64288.5	64288	50	2
64401.3	64401	30	84317.71	84317	71	5
73241.84	73241	84	86252.54	86252	54	5
55772.12	55772	12	83611.73	83611	73	2
73390.74	73390	74	72794.16	72794	16	4
95341.87	95341	87	69856.87	69856	87	3
68418.8	68418	80	52291.53	52291	53	4
91471.88	91471	88	75118.33	75118	33	5
99289.94	99289	94	68747.5	68747	50	4
95159.08	95159	8	53671.58	53671	58	3
93707.06	93707	6	61440.53	61440	53	3
72059.73	72059	73	81865.63	81865	63	3
63997.4	63997	40	75643.18	75643	18	2
87315.09	87315	9	65021.88	65021	88	1
84152.71	84152	71	97627.41	97627	41	1
80988.74	80988	74	67518.15	67518	15	2
99485.44	99485	44	79148.34	79148	34	1
53309.65	53309	65	64642.26	64642	26	2
85363.62	85363	62	99464.23	99464	23	2
57970.42	57970	42	89572.88	89572	88	4
76130.14	76130	14	67845.34	67845	34	3
99449.13	99449	13	70883.45	70883	45	1
55014.67	55014	67	94708.84	94708	84	2
87212.21	87212	21	77032.25	77032	25	2
70551.71	70551	71	82264	82264	0	5
78710.42	78710	42	66450.16	66450	16	2
53697.21	53697	21	51012.99	51012	99	5
94830.32	94830	32	82235.47	82235	47	4
72677.27	72677	27	81756.23	81756	23	2
81178.7	81178	70	73047.41	73047	41	3
60553.8	60553	80	56406.67	56406	67	5
63525.62	63525	62	96044.25	96044	25	5
95579	95579	0	66664.64	66664	64	2
83795.65	83795	65	51958.73	51958	73	1
69297.26	69297	26	79654.51	79654	51	1
78269.74	78269	74	89458.8	89458	80	2
88436.04	88436	4	81115.6	81115	60	4
87715.58	87715	58	81946.04	81946	4	1
79040.15	79040	15	73876.13	73876	13	1
87725.98	87725	98	99863.11	99863	11	2
82874.67	82874	67	94918.14	94918	14	4
82047.21	82047	21	85316.66	85316	66	1
69084.23	69084	23	81727.26	81727	26	2
56171.59	56171	59	79862.33	79862	33	5
69361.3	69361	30	59638.06	59638	6	3
53235.94	53235	94	79354.68	79354	68	2
87159.33	87159	33	56680	56680	0	3
68846.26	68846	26	88786.4	88786	40	3
65846.11	65846	11	53296.46	53296	46	3
72521.95	72521	95	65444.75	65444	75	4
86117.68	86117	68	78358.81	78358	81	4
51276.26	51276	26	71142.8	71142	80	2
81270.09	81270	9	86328.21	86328	21	1
91131.87	91131	87	82366.65	82366	65	5
88488.47	88488	47	57474.06	57474	6	5
51820.32	51820	32	77892.21	77892	21	5
69840.82	69840	82	98817.33	98817	33	4
51485.2	51485	20	58486.57	58486	57	5
55951.16	55951	16	60126.69	60126	69	5
51818.09	51818	9	80572.08	80572	8	2
82663.9	82663	90	81533.98	81533	98	2
75805.96	75805	96	75833.88	75833	88	1
65343.71	65343	71	85916.34	85916	34	1
87542.91	87542	91	98198.62	98198	62	3
68900.13	68900	13	77791.62	77791	62	2
93941.49	93941	49	65570.37	65570	37	4
65810.17	65810	17	96956.94	96956	94	4
57336.18	57336	18	58905.22	58905	22	5
90956.08	90956	8	56816.41	56816	41	4
94851.32	94851	32	70832.07	70832	7	1
54361.68	54361	68	68068.85	68068	85	3
83130.75	83130	75	61034.55	61034	55	4
86198.53	86198	53	65448.26	65448	26	1
82746.92	82746	92	59096.12	59096	12	4
89301.34	89301	34	90896.4	90896	40	5
55559.35	55559	35	84387.32	84387	32	3
95282.38	95282	38	88450.8	88450	80	2
85761.19	85761	19	97576.4	97576	40	2
83706.61	83706	61	73173.25	73173	25	3
61127.5	61127	50	91746.78	91746	78	2
58281.67	58281	67	63020.16	63020	16	2
69822.81	69822	81	60831.06	60831	6	1
71704.28	71704	28	72188.58	72188	58	5
98853.76	98853	76	58648.37	58648	37	2
stocks
48.48	4163758	48	1
