items_number
200
stocks_number
1
digit
2
items
5041.91	5041	91	4577.25	4577	25	2
8030.34	8030	34	7674.8	7674	80	3
6829.87	6829	87	6064.25	6064	25	5
8060.76	8060	76	8021.36	8021	36	5
6608.85	6608	85	6202.83	6202	83	4
6918.02	6918	2	5939.69	5939	69	1
9635.79	9635	79	8670.79	8670	79	1
8270.19	8270	19	8873.63	8873	63	5
9845.57	9845	57	9752.63	9752	63	3
5132.6	5132	60	5657.48	5657	48	3
6739.2	6739	20	6095.31	6095	31	2
8155.51	8155	51	7919.3	7919	30	2
5560.51	5560	51	5534.1	5534	10	5
6189.93	6189	93	6190.59	6190	59	5
8763.9	8763	90	7926.87	7926	87	2
5031.37	5031	37	5662.61	5662	61	5
8399.11	8399	11	8855.09	8855	9	4
6089.49	6089	49	6004.48	6004	48	3
5276.98	5276	98	5960.09	5960	9	1
9549.59	9549	59	9098.61	9098	61	3
6980.66	6980	66	7903.9	7903	90	5
8752.83	8752	83	8616.45	8616	45	3
8355.17	8355	17	8089.6	8089	60	1
9089.95	9089	95	8277.82	8277	82	1
5811.01	5811	1	4906.62	4906	62	3
5669.86	5669	86	5364.16	5364	16	1
8149.51	8149	51	9065.65	9065	65	5
9277.31	9277	31	8825.28	8825	28	1
7659.95	7659	95	7634.56	7634	56	1
8356.91	8356	91	8676.21	8676	21	4
9274.05	9274	5	10013.83	10013	83	3
8464.86	8464	86	8975.78	8975	78	4
7148.25	7148	25	7669.01	7669	1	1
6866.92	6866	92	7840.07	7840	7	3
6523.62	6523	62	5551.14	5551	14	3
9519.62	9519	62	8634.82	8634	82	1
8784.94	8784	94	9779.73	9779	73	5
6158.94	6158	94	6780.9	6780	90	4
7789.34	7789	34	8064.45	8064	45	5
8628.03	8628	3	8529.37	8529	37	4
7053.54	7053	54	7199.36	7199	36	3
5290.54	5290	54	5478.76	5478	76	3
6782.54	6782	54	7447.64	7447	64	5
7613.06	7613	6	6732.44	6732	44	4
7242	7242	0	6430.33	6430	33	3
6308.45	6308	45	6694.5	6694	50	2
7645.95	7645	95	8395.03	8395	3	4
6403.11	6403	11	7047.39	7047	39	1
7397.94	7397	94	6697.97	6697	97	1
7921.94	7921	94	8355.11	8355	11	4
6714.22	6714	22	7464.99	7464	99	5
9377.12	9377	12	8599.87	8599	87	1
7435.77	7435	77	8290.55	8290	55	3
5068.39	5068	39	4551.58	4551	58	5
8466.59	8466	59	9434.67	9434	67	3
9009.31	9009	31	9960.15	9960	15	1
5737.77	5737	77	5472.73	5472	73	2
7377.11	7377	11	8260.3	8260	30	2
8286.62	8286	62	7341.41	7341	41	1
9160.73	9160	73	9870.27	9870	27	2
5733.02	5733	2	5493.5	5493	50	5
8322.67	8322	67	8673.24	8673	24	3
7623.11	7623	11	7400.06	7400	6	1
7881.8	7881	80	7161.49	7161	49	2
5187.11	5187	11	5511.28	5511	28	2
9146.26	9146	26	8509.17	8509	17	5
7400.42	7400	42	8353.31	8353	31	3
8971.06	8971	6	9289.02	9289	2	3
6066.2	6066	20	7051.06	7051	6	3
5951.28	5951	28	5735.75	5735	75	4
8361.09	8361	9	9137.36	9137	36	1
8120.26	8120	26	7807.39	7807	39	3
6241.83	6241	83	6771.49	6771	49	2
5143.16	5143	16	5141.99	5141	99	3
6495.84	6495	84	6302.82	6302	82	1
9247.35	9247	35	9965.79	9965	79	1
7214.13	7214	13	6597.49	6597	49	4
9140.8	9140	80	8253.84	8253	84	4
5649.46	5649	46	5568.19	5568	19	1
9611.59	9611	59	9294.46	9294	46	4
7823.74	7823	74	7927.93	7927	93	4
7364.68	7364	68	6589.16	6589	16	5
9751.71	9751	71	9214.31	9214	31	1
6021.03	6021	3	5537.48	5537	48	4
8195.59	8195	59	7904.73	7904	73	1
8216.31	8216	31	7646.97	7646	97	3
5029.34	5029	34	4495.61	4495	61	4
8933.89	8933	89	8934.45	8934	45	2
5592.94	5592	94	6463.28	6463	28	5
8315.48	8315	48	7393.02	7393	2	1
8855.62	8855	62	8123.71	8123	71	5
7088.48	7088	48	6275.77	6275	77	1
7400.67	7400	67	7830.23	7830	23	3
6477.25	6477	25	6522.74	6522	74	5
9970.8	9970	80	8994.26	8994	26	3
7587.79	7587	79	6897.51	6897	51	2
6385.51	6385	51	6350.89	6350	89	5
8132.75	8132	75	8667.54	8667	54	2
7321.37	7321	37	7507.52	7507	52	4
7452.23	7452	23	7401.94	7401	94	4
9083.03	9083	3	8401.3	8401	30	2
5681.98	5681	98	5642.87	5642	87	2
6334.5	6334	50	6971.31	6971	31	1
6086.38	6086	38	6934.76	6934	76	3
6587.14	6587	14	7546.84	7546	84	4
7829.34	7829	34	6829.14	6829	14	4
5332.73	5332	73	5455.54	5455	54	3
8801.79	8801	79	9700.34	9700	34	4
6969.14	6969	14	6082.95	6082	95	4
6745.19	6745	19	5786.72	5786	72	5
9175.38	9175	38	8314.77	8314	77	2
5554.4	5554	40	5329.86	5329	86	5
9872.39	9872	39	9138.85	9138	85	1
8925.1	8925	10	8084.07	8084	7	5
6575.96	6575	96	6866.33	6866	33	3
8066.51	8066	51	7598.59	7598	59	3
7903.93	7903	93	7049.04	7049	4	2
7368.82	7368	82	7682.93	7682	93	3
7761.4	7761	40	8295.02	8295	2	4
9258.39	9258	39	8274.29	8274	29	3
6445.31	6445	31	6837.94	6837	94	3
6615.02	6615	2	7417.72	7417	72	4
6346.87	6346	87	7107.05	7107	5	4
8845.5	8845	50	8223.17	8223	17	2
8092.27	8092	27	7495.45	7495	45	5
6315.68	6315	68	7101.3	7101	30	3
7195.81	7195	81	6884.65	6884	65	5
5240.31	5240	31	5609.34	5609	34	1
5209.43	5209	43	5086.84	5086	84	1
5278.7	5278	70	6153.15	6153	15	4
7692.54	7692	54	8567.26	8567	26	2
9292.98	9292	98	9487.12	9487	12	2
5959.69	5959	69	5351.02	5351	2	2
9026.04	9026	4	9094.56	9094	56	4
6140.37	6140	37	5740.85	5740	85	5
8310.35	8310	35	9219.84	9219	84	5
7617.39	7617	39	7685.67	7685	67	2
7236.1	7236	10	7959.39	7959	39	4
7110.15	7110	15	7917.18	7917	18	3
5348.05	5348	5	5087.61	5087	61	3
9744.82	9744	82	10065.11	10065	11	1
6284.53	6284	53	6787.92	6787	92	1
5903.98	5903	98	6417.47	6417	47	2
9615.21	9615	21	9759.94	9759	94	3
5971.15	5971	15	6633.98	6633	98	5
8241.94	8241	94	7602.79	7602	79	1
8443.72	8443	72	8677.51	8677	51	1
8874.08	8874	8	9683.01	9683	1	4
6371.76	6371	76	7046.72	7046	72	3
6204.64	6204	64	5971.52	5971	52	1
8132.47	8132	47	8514.29	8514	29	1
7817.59	7817	59	7883.64	7883	64	2
8582.18	8582	18	7707.22	7707	22	4
9478.87	9478	87	9621.33	9621	33	4
7424.1	7424	10	7869.79	7869	79	3
7437.98	7437	98	6522.66	6522	66	1
6555.55	6555	55	6040.61	6040	61	3
5381.43	5381	43	6072.44	6072	44	3
7677.29	7677	29	7688.99	7688	99	3
6764.5	6764	50	7126.43	7126	43	3
5659.14	5659	14	5781.59	5781	59	3
6131.83	6131	83	6017.25	6017	25	4
6818	6818	0	5931.52	5931	52	5
6619.35	6619	35	7133.58	7133	58	4
5156.4	5156	40	5667.79	5667	79	5
8721.37	8721	37	8434.37	8434	37	1
9929.7	9929	70	10351.42	10351	42	5
8536.31	8536	31	7672.46	7672	46	1
6719	6719	0	7712.76	7712	76	1
7801.85	7801	85	7587.57	7587	57	4
8885.36	8885	36	8760.07	8760	7	5
6462.82	6462	82	6775.84	6775	84	1
9849.91	9849	91	9137.5	9137	50	4
9788.34	9788	34	10734.52	10734	52	3
6839.55	6839	55	6296.78	6296	78	4
5819.06	5819	6	6770.46	6770	46	1
8791.8	8791	80	8097.29	8097	29	3
5282.8	5282	80	5530.29	5530	29	1
9694.67	9694	67	10453.44	10453	44	4
5162.57	5162	57	6143.02	6143	2	5
7249.44	7249	44	7821.78	7821	78	1
8588.66	8588	66	8285.73	8285	73	1
8742.16	8742	16	8345.63	8345	63	3
5830.63	5830	63	6527.01	6527	1	2
8065.53	8065	53	8905.04	8905	4	5
6928.78	6928	78	7533.42	7533	42	1
9030.61	9030	61	9369.66	9369	66	2
5382.6	5382	60	6264.62	6264	62	4
7310.22	7310	22	7605.84	7605	84	5
6706.9	6706	90	6056.66	6056	66	1
7909.62	7909	62	7709.05	7709	5	2
7969.88	7969	88	7385.43	7385	43	4
7837.25	7837	25	7630.88	7630	88	2
5489.63	5489	63	5403.56	5403	56	3
9588.23	9588	23	10076.01	10076	1	4
8756.17	8756	17	9617.67	9617	67	1
9973	9973	0	10600.91	10600	91	3
5278.45	5278	45	5187.41	5187	41	3
7292.48	7292	48	8289.12	8289	12	3
6692.52	6692	52	6869.67	6869	67	5
stocks
61.61	534853	61	1
