items_number
200
stocks_number
1
digit
2
items
94.83	94	83	89.84	89	84	4
59.86	59	86	63.77	63	77	3
59.29	59	29	63.39	63	39	4
88.6	88	60	81.48	81	48	2
91.85	91	85	89.16	89	16	3
68.79	68	79	68.08	68	8	1
90.81	90	81	98.54	98	54	5
71.77	71	77	65.93	65	93	1
84.25	84	25	77.76	77	76	2
62.44	62	44	53.44	53	44	5
60.29	60	29	52.04	52	4	5
84.69	84	69	87.63	87	63	2
76.63	76	63	77.47	77	47	3
56.75	56	75	65.35	65	35	4
62.88	62	88	63.97	63	97	5
80.25	80	25	71.8	71	80	4
68.16	68	16	65.39	65	39	4
54.03	54	3	60.94	60	94	1
58.16	58	16	50.07	50	7	2
95.97	95	97	101.45	101	45	4
60.13	60	13	64.42	64	42	1
89.46	89	46	82.49	82	49	4
53.51	53	51	43.8	43	80	1
61.57	61	57	61.75	61	75	1
54.56	54	56	53.53	53	53	2
59.87	59	87	58.7	58	70	4
94.31	94	31	98.77	98	77	2
57.91	57	91	64.32	64	32	2
69.67	69	67	61.77	61	77	5
62.38	62	38	69.14	69	14	2
63.03	63	3	71.11	71	11	2
87.51	87	51	82.62	82	62	5
72.24	72	24	72.9	72	90	4
72.84	72	84	73.49	73	49	1
100.63	100	63	98.1	98	10	1
87.61	87	61	96.06	96	6	4
64.15	64	15	73.54	73	54	1
63.96	63	96	56.61	56	61	2
57.39	57	39	47.99	47	99	1
98.41	98	41	90.3	90	30	4
76.41	76	41	70.03	70	3	1
93.2	93	20	83.01	83	1	2
55.1	55	10	58.92	58	92	5
76.56	76	56	80.49	80	49	3
73.47	73	47	83.35	83	35	5
68.5	68	50	59.9	59	90	2
55.33	55	33	60.27	60	27	4
92.15	92	15	86.71	86	71	5
97.53	97	53	105.82	105	82	2
89.49	89	49	94.31	94	31	5
60.65	60	65	68.14	68	14	5
56.18	56	18	55.23	55	23	3
77.47	77	47	83.78	83	78	5
63.68	63	68	71.93	71	93	5
68.76	68	76	77.97	77	97	5
55.55	55	55	49.31	49	31	1
72.56	72	56	67.64	67	64	1
61.07	61	7	61.72	61	72	3
87.46	87	46	96.62	96	62	4
65.23	65	23	62.39	62	39	2
98.97	98	97	95.86	95	86	2
100.02	100	2	105.7	105	70	1
52.74	52	74	52.01	52	1	3
69.73	69	73	74.76	74	76	2
96.38	96	38	89.17	89	17	1
76.89	76	89	85.09	85	9	5
80.86	80	86	83.8	83	80	5
60.06	60	6	52.71	52	71	3
89.86	89	86	80.69	80	69	1
62.77	62	77	63.77	63	77	2
82.99	82	99	74.01	74	1	1
89.27	89	27	83.72	83	72	1
54.98	54	98	54.75	54	75	5
88.61	88	61	91.91	91	91	3
65.35	65	35	73.19	73	19	5
77.97	77	97	76.11	76	11	5
55.11	55	11	59.79	59	79	4
95.68	95	68	95.44	95	44	3
93.13	93	13	94.81	94	81	1
51.16	51	16	52.61	52	61	2
83.69	83	69	77.74	77	74	5
52.78	52	78	50.95	50	95	1
57.86	57	86	65.81	65	81	1
85.16	85	16	94.52	94	52	4
65.46	65	46	61.86	61	86	2
100.62	100	62	107.78	107	78	2
90.72	90	72	80.8	80	80	2
61.02	61	2	60.48	60	48	2
60.21	60	21	54.49	54	49	5
77.7	77	70	87.42	87	42	5
51.78	51	78	55.87	55	87	5
58.7	58	70	57.33	57	33	1
50.24	50	24	54.12	54	12	5
53.52	53	52	46.85	46	85	2
51.95	51	95	45.07	45	7	2
97.15	97	15	104.29	104	29	2
53.42	53	42	44.93	44	93	3
56.82	56	82	61.84	61	84	4
81.21	81	21	88.97	88	97	4
92.28	92	28	83.61	83	61	3
68.59	68	59	64.61	64	61	2
62.72	62	72	69.97	69	97	2
81.07	81	7	76.33	76	33	5
72.09	72	9	78.37	78	37	2
100.33	100	33	99.86	99	86	1
70.94	70	94	60.49	60	49	5
73.07	73	7	65.45	65	45	3
79.96	79	96	72.65	72	65	1
64.62	64	62	64.92	64	92	4
91.2	91	20	92.24	92	24	3
54.12	54	12	56.25	56	25	4
72.31	72	31	74.65	74	65	3
67.5	67	50	76.17	76	17	5
87.98	87	98	87.06	87	6	5
56.47	56	47	56.15	56	15	4
57.96	57	96	49.04	49	4	2
86.13	86	13	82.82	82	82	3
70.19	70	19	71.95	71	95	2
93.51	93	51	94.51	94	51	5
71.86	71	86	69.31	69	31	2
97.42	97	42	95.35	95	35	1
94.29	94	29	88.36	88	36	2
53.57	53	57	61.61	61	61	4
72.66	72	66	82.47	82	47	3
97.33	97	33	95.22	95	22	3
54.52	54	52	45.67	45	67	3
93.81	93	81	97.73	97	73	4
74.27	74	27	71.15	71	15	3
60.86	60	86	66.52	66	52	1
98.54	98	54	97.7	97	70	5
66.07	66	7	62.75	62	75	5
78.46	78	46	88.11	88	11	2
59.26	59	26	54.65	54	65	3
71.66	71	66	70.06	70	6	5
74.55	74	55	77.47	77	47	5
84.11	84	11	89.5	89	50	5
91.6	91	60	90.55	90	55	4
72.14	72	14	75.89	75	89	2
87.07	87	7	95.15	95	15	5
79.74	79	74	86.45	86	45	4
87.34	87	34	80.14	80	14	2
92.71	92	71	91.39	91	39	5
50.05	50	5	49.1	49	10	4
53.36	53	36	43.28	43	28	3
78.22	78	22	87.43	87	43	1
56.05	56	5	63.25	63	25	4
85.85	85	85	77.31	77	31	4
88.35	88	35	80.25	80	25	4
77.76	77	76	74.2	74	20	5
78.36	78	36	80.8	80	80	1
58.73	58	73	57.53	57	53	2
98.18	98	18	101.52	101	52	2
71.17	71	17	77.14	77	14	2
61.3	61	30	57.14	57	14	1
94.85	94	85	96.98	96	98	4
93.02	93	2	84.35	84	35	1
91.35	91	35	88.8	88	80	5
60.18	60	18	54.69	54	69	5
66.82	66	82	63.48	63	48	3
75.73	75	73	65.32	65	32	5
57.25	57	25	60.37	60	37	4
82.41	82	41	83.21	83	21	5
78.19	78	19	68.43	68	43	3
92.03	92	3	100.01	100	1	3
77.08	77	8	67.27	67	27	4
76.27	76	27	79.87	79	87	5
75.15	75	15	77.5	77	50	2
92.2	92	20	89.79	89	79	4
98.41	98	41	94.75	94	75	1
86.22	86	22	83.62	83	62	3
71.95	71	95	65.24	65	24	4
84.28	84	28	81.88	81	88	4
77.46	77	46	82.99	82	99	2
96	96	0	97.34	97	34	2
62.16	62	16	59.14	59	14	2
79.68	79	68	82.42	82	42	5
77.05	77	5	74.56	74	56	5
97.01	97	1	97.43	97	43	2
92.55	92	55	96.64	96	64	3
78.34	78	34	81.73	81	73	4
74.37	74	37	84.23	84	23	2
100.28	100	28	92.17	92	17	4
100.52	100	52	95.25	95	25	1
70.06	70	6	75.34	75	34	5
86.11	86	11	82.3	82	30	1
94.89	94	89	100.22	100	22	1
62.61	62	61	67.69	67	69	3
76.46	76	46	77.08	77	8	5
53.6	53	60	61.88	61	88	5
78.43	78	43	88.17	88	17	2
50.19	50	19	51.4	51	40	1
86.85	86	85	86.26	86	26	5
85.84	85	84	85.35	85	35	1
52.91	52	91	53.8	53	80	1
77.88	77	88	72.24	72	24	2
86.44	86	44	84.61	84	61	1
79.7	79	70	71.65	71	65	2
76.55	76	55	84.71	84	71	5
78.65	78	65	82.38	82	38	1
50.63	50	63	46.4	46	40	2
stocks
171.29	171	29	1
