items_number
200
stocks_number
1
digit
2
items
65925.45	65925	45	67649.55	67649	55	1
78921.32	78921	32	82819.98	82819	98	2
89777.81	89777	81	81014.55	81014	55	3
70305.26	70305	26	70229.2	70229	20	5
59152.34	59152	34	64804.33	64804	33	2
64767.72	64767	72	70846.61	70846	61	2
93572.8	93572	80	90882.43	90882	43	5
75476.91	75476	91	74422.01	74422	1	1
85194.13	85194	13	77508.83	77508	83	4
75055.9	75055	90	72054.43	72054	43	5
60449.11	60449	11	64903.06	64903	6	5
53799.44	53799	44	57966.61	57966	61	4
65873.14	65873	14	61354.14	61354	14	4
97607.56	97607	56	91907.01	91907	1	4
83833.83	83833	83	92424.39	92424	39	1
80389.1	80389	10	80702.95	80702	95	2
89729.1	89729	10	79802.54	79802	54	1
53554.14	53554	14	55228.61	55228	61	4
64020.57	64020	57	60529.36	60529	36	1
95824.48	95824	48	99080.25	99080	25	2
64992.65	64992	65	63258.29	63258	29	3
62836.24	62836	24	58162.81	58162	81	3
53841.08	53841	8	46174.31	46174	31	1
74874.45	74874	45	71914.4	71914	40	4
70361.02	70361	2	78094.71	78094	71	2
78360.25	78360	25	87355.23	87355	23	3
96040.68	96040	68	90520.72	90520	72	4
58968.84	58968	84	64169.17	64169	17	3
64656.97	64656	97	65711.24	65711	24	3
60199.62	60199	62	61618.79	61618	79	5
80759.22	80759	22	81784.19	81784	19	2
89882.94	89882	94	86381.76	86381	76	3
89120.95	89120	95	84436.75	84436	75	4
70535.03	70535	3	72798.74	72798	74	1
60187.2	60187	20	66611.96	66611	96	4
98273.29	98273	29	89241.06	89241	6	2
85302.27	85302	27	87364.35	87364	35	4
63059.53	63059	53	56792.39	56792	39	1
83049.72	83049	72	86684.05	86684	5	4
79796.4	79796	40	84172.16	84172	16	3
88114.43	88114	43	88846.79	88846	79	5
52798.83	52798	83	50887.1	50887	10	3
92897.36	92897	36	95161.74	95161	74	3
63287.58	63287	58	73221.9	73221	90	3
50405.91	50405	91	56515.09	56515	9	4
76729.19	76729	19	77583.13	77583	13	4
52977.2	52977	20	56944.86	56944	86	2
90134.02	90134	2	100039.6	100039	60	4
80283.85	80283	85	76531.71	76531	71	4
66997.29	66997	29	57472.2	57472	20	2
95258.5	95258	50	102139.84	102139	84	3
54575.51	54575	51	59089.01	59089	1	3
89134.54	89134	54	88656.98	88656	98	1
99100.1	99100	10	108314.15	108314	15	3
88750.48	88750	48	80304.38	80304	38	1
59494.56	59494	56	56749.7	56749	70	4
77459.88	77459	88	69387.36	69387	36	3
84790.16	84790	16	80824.11	80824	11	1
77763.92	77763	92	73939.84	73939	84	3
51415.85	51415	85	58119.57	58119	57	5
54289.78	54289	78	61742.87	61742	87	3
58521.66	58521	66	65722.04	65722	4	1
91297.32	91297	32	84500.33	84500	33	4
93410.73	93410	73	89900.63	89900	63	1
88358.69	88358	69	91542.77	91542	77	1
51483.04	51483	4	61110.27	61110	27	2
50982.54	50982	54	48440.66	48440	66	4
73659.96	73659	96	68904.1	68904	10	5
64542.57	64542	57	61622.64	61622	64	2
84031.26	84031	26	75123.7	75123	70	2
62756.88	62756	88	56098.24	56098	24	4
61956.53	61956	53	53488.41	53488	41	1
86830.61	86830	61	89732.8	89732	80	2
55652.24	55652	24	61258.97	61258	97	1
75244.11	75244	11	70430.32	70430	32	1
96536.53	96536	53	99269.86	99269	86	5
82381.96	82381	96	82561.09	82561	9	4
78221.83	78221	83	87374.16	87374	16	2
95970.55	95970	55	102328.46	102328	46	5
71964.81	71964	81	78393.79	78393	79	4
95218.12	95218	12	88567.35	88567	35	5
91227.57	91227	57	94465.28	94465	28	2
85841.32	85841	32	86783.77	86783	77	2
84352.18	84352	18	87223.34	87223	34	5
99627.2	99627	20	105799.42	105799	42	2
83891.32	83891	32	90108.16	90108	16	2
53146.26	53146	26	46992.02	46992	2	5
77085.08	77085	8	68905.75	68905	75	1
77981.48	77981	48	70231.24	70231	24	5
80910.71	80910	71	84653.85	84653	85	2
87801.45	87801	45	96325.3	96325	30	5
82271.79	82271	79	75695.11	75695	11	2
98732.37	98732	37	99676.86	99676	86	3
79098.77	79098	77	70824.63	70824	63	5
84981.04	84981	4	84895.73	84895	73	4
96390.59	96390	59	94238.61	94238	61	3
89882.82	89882	82	84955.87	84955	87	1
85963.59	85963	59	77055.4	77055	40	2
79350.07	79350	7	86165.71	86165	71	4
63725.91	63725	91	69599.51	69599	51	3
79294.37	79294	37	75199.08	75199	8	3
92106.96	92106	96	82262.94	82262	94	4
75681.44	75681	44	83087.92	83087	92	3
75424.99	75424	99	67952.85	67952	85	1
97758.72	97758	72	107241.89	107241	89	5
60225.07	60225	7	56537.22	56537	22	5
81260.52	81260	52	86521.71	86521	71	5
89439.68	89439	68	89101.97	89101	97	5
88446.9	88446	90	87632.37	87632	37	1
86530.59	86530	59	88148.15	88148	15	2
70703.5	70703	50	70514.75	70514	75	4
92965.55	92965	55	95500.69	95500	69	2
77757.68	77757	68	76333.42	76333	42	5
56543.34	56543	34	47296.52	47296	52	2
86617.25	86617	25	85743.01	85743	1	3
86684.88	86684	88	85152.82	85152	82	1
90435.67	90435	67	97405.65	97405	65	5
89763.04	89763	4	96457.02	96457	2	2
63769.48	63769	48	64057.57	64057	57	1
68415.67	68415	67	61356.88	61356	88	4
79973.75	79973	75	80409.87	80409	87	4
51569.94	51569	94	50380.87	50380	87	2
59986.46	59986	46	60072.99	60072	99	5
88006.64	88006	64	83106.71	83106	71	1
89968.23	89968	23	94227.48	94227	48	1
94967.03	94967	3	104967.7	104967	70	3
93696.23	93696	23	96645.33	96645	33	5
79850.57	79850	57	89182.35	89182	35	2
80929.62	80929	62	75741.08	75741	8	1
73045.83	73045	83	72808.04	72808	4	1
52875.49	52875	49	58081.84	58081	84	1
69524.99	69524	99	70241.16	70241	16	4
65150.79	65150	79	68790.95	68790	95	4
78556.45	78556	45	84888.76	84888	76	5
94948.5	94948	50	98193.01	98193	1	4
72208.03	72208	3	79051.84	79051	84	3
88782.53	88782	53	81426.97	81426	97	5
76208.02	76208	2	78434.72	78434	72	1
61646.72	61646	72	61871.8	61871	80	5
86528.95	86528	95	88358.32	88358	32	2
62737.13	62737	13	60301.84	60301	84	4
82350.22	82350	22	72386.55	72386	55	5
88793.02	88793	2	86878.01	86878	1	4
99795.82	99795	82	105935.27	105935	27	3
98194.08	98194	8	88983.05	88983	5	1
75409.28	75409	28	82620.02	82620	2	1
86479.22	86479	22	81086.07	81086	7	4
97929.27	97929	27	89408.7	89408	70	5
74473.84	74473	84	78377.03	78377	3	3
59548.71	59548	71	64443.61	64443	61	1
66344.95	66344	95	64485.58	64485	58	4
63746.59	63746	59	58086.87	58086	87	3
70418.17	70418	17	67845.46	67845	46	5
76330.93	76330	93	84557.55	84557	55	5
61052.75	61052	75	60492.59	60492	59	3
69687.4	69687	40	61372.93	61372	93	2
80598.96	80598	96	72544.26	72544	26	5
54748.51	54748	51	50857.91	50857	91	4
58837.5	58837	50	49853.27	49853	27	3
61526.1	61526	10	62005.33	62005	33	5
77793.34	77793	34	87386.92	87386	92	4
61712.99	61712	99	71655.09	71655	9	5
90351.1	90351	10	85268.46	85268	46	5
52244.65	52244	65	59197.85	59197	85	3
90268.44	90268	44	96543.82	96543	82	5
85299.6	85299	60	93461.47	93461	47	1
74452.68	74452	68	78247.67	78247	67	2
88350.49	88350	49	80989.79	80989	79	1
70807.15	70807	15	74916.17	74916	17	1
95400.4	95400	40	89420.47	89420	47	1
84179.45	84179	45	88648.09	88648	9	2
92845.28	92845	28	84517.01	84517	1	4
87050.14	87050	14	81106.02	81106	2	5
72971.99	72971	99	65524.09	65524	9	2
51940.62	51940	62	43473.25	43473	25	1
85243.75	85243	75	83809.05	83809	5	5
57681.27	57681	27	51165.1	51165	10	3
97720.37	97720	37	97581.31	97581	31	1
83172.02	83172	2	86938.74	86938	74	2
82154.63	82154	63	89543.11	89543	11	2
66568.08	66568	8	65045.9	65045	90	4
58816.49	58816	49	54444.3	54444	30	5
95900.22	95900	22	91349.95	91349	95	4
96287.25	96287	25	102191.36	102191	36	3
94447.43	94447	43	92022.85	92022	85	1
56952.5	56952	50	61841.54	61841	54	3
65973.17	65973	17	57282.28	57282	28	4
75044.91	75044	91	78287.09	78287	9	5
61700.01	61700	1	56419.43	56419	43	3
74810.67	74810	67	70856.52	70856	52	4
95872.02	95872	2	89593.39	89593	39	5
98794.87	98794	87	93105.33	93105	33	2
86522.18	86522	18	82511.6	82511	60	5
86222.64	86222	64	84860.85	84860	85	1
51037.52	51037	52	42301.18	42301	18	1
86091.15	86091	15	82075.42	82075	42	4
80821.76	80821	76	81342.32	81342	32	1
75490.72	75490	72	80549.85	80549	85	2
83741.64	83741	64	82364.19	82364	19	4
60928.91	60928	91	59278.48	59278	48	1
stocks
234455.93	234455	93	1
