items_number
200
stocks_number
1
digit
2
items
96490.78	96490	78	95064.88	95064	88	3
96332.14	96332	14	103808.13	103808	13	2
97415.66	97415	66	104127.79	104127	79	2
57629.25	57629	25	63054.89	63054	89	1
76785.36	76785	36	67249.23	67249	23	1
86283.64	86283	64	83858.5	83858	50	3
93044.41	93044	41	99522.41	99522	41	5
50685.95	50685	95	56741.51	56741	51	3
86305.09	86305	9	92953.23	92953	23	4
86414.1	86414	10	88247.62	88247	62	3
71803.65	71803	65	69539.88	69539	88	3
95792.91	95792	91	103748.41	103748	41	3
54877.19	54877	19	55258.06	55258	6	1
79278.57	79278	57	74064.8	74064	80	3
80462.88	80462	88	76220.85	76220	85	5
81407.21	81407	21	71680.3	71680	30	1
61992.7	61992	70	53999.1	53999	10	1
95118.99	95118	99	102161.8	102161	80	5
55313.01	55313	1	62146.32	62146	32	4
92479.22	92479	22	82548.37	82548	37	2
85309.11	85309	11	92411.12	92411	12	3
51637.35	51637	35	49795.26	49795	26	3
69766.89	69766	89	74841.81	74841	81	2
64955.24	64955	24	61866.23	61866	23	3
95701.81	95701	81	97795.36	97795	36	1
53179.41	53179	41	52506.99	52506	99	1
70793.43	70793	43	62702.93	62702	93	3
91892.77	91892	77	98220.08	98220	8	4
93105.88	93105	88	99308.02	99308	2	3
96322.45	96322	45	104817.75	104817	75	4
53516.09	53516	9	45505.26	45505	26	1
89594.18	89594	18	84371.89	84371	89	3
92654.11	92654	11	98625.85	98625	85	3
50930.28	50930	28	59632.03	59632	3	2
97223.96	97223	96	87424.77	87424	77	5
78739.47	78739	47	68894.08	68894	8	3
87213.92	87213	92	87210.53	87210	53	1
90267.37	90267	37	80666.18	80666	18	1
88725.94	88725	94	94936.59	94936	59	2
82819.01	82819	1	83184.73	83184	73	1
85981	85981	0	91935.77	91935	77	4
60528.59	60528	59	58195.45	58195	45	4
87911.92	87911	92	86231.14	86231	14	3
50159.71	50159	71	50214.8	50214	80	4
89806.68	89806	68	92260.25	92260	25	3
77673.8	77673	80	81751.96	81751	96	5
90867.92	90867	92	91195.08	91195	8	1
61098.91	61098	91	69280.32	69280	32	4
82091.31	82091	31	83212.74	83212	74	1
55480.46	55480	46	52640.38	52640	38	5
53576.13	53576	13	61828.69	61828	69	2
67400.43	67400	43	69343.85	69343	85	3
57117.81	57117	81	62435.63	62435	63	4
73342.03	73342	3	80389.48	80389	48	3
91656.19	91656	19	100510.06	100510	6	2
62119.14	62119	14	63252.96	63252	96	4
76521.96	76521	96	72894.47	72894	47	3
71749.62	71749	62	62511.97	62511	97	1
54010.91	54010	91	55191.02	55191	2	2
69626.85	69626	85	62202.46	62202	46	3
68071.07	68071	7	61049.72	61049	72	5
66828.53	66828	53	69998.27	69998	27	4
68520.55	68520	55	69594.34	69594	34	5
70025.18	70025	18	62694.57	62694	57	2
67758.81	67758	81	73350.28	73350	28	2
65743.51	65743	51	67018.11	67018	11	4
58064.18	58064	18	50888.64	50888	64	1
64272.25	64272	25	59860.78	59860	78	4
65310.41	65310	41	70706.26	70706	26	5
96790.64	96790	64	89545.21	89545	21	2
56391.26	56391	26	62345.51	62345	51	5
60591.41	60591	41	61940.01	61940	1	5
66618.24	66618	24	67041.66	67041	66	5
94302.71	94302	71	88575.62	88575	62	4
70051.12	70051	12	61454.81	61454	81	3
65724.92	65724	92	62321.9	62321	90	5
71975.03	71975	3	64047.56	64047	56	3
60917.56	60917	56	66369.86	66369	86	3
76823.83	76823	83	71601.21	71601	21	3
54065.35	54065	35	60979.31	60979	31	5
66398.02	66398	2	59009.24	59009	24	4
80399.49	80399	49	73428.89	73428	89	1
80766.3	80766	30	79622.14	79622	14	2
82816.35	82816	35	74466.84	74466	84	2
53741.52	53741	52	47538.35	47538	35	1
81722.01	81722	1	83153.2	83153	20	1
94935.5	94935	50	101439.78	101439	78	2
89563	89563	0	89733.79	89733	79	3
53471.63	53471	63	55664.17	55664	17	1
58246.93	58246	93	55930.79	55930	79	1
68489.37	68489	37	74956.26	74956	26	5
80843.23	80843	23	89735.86	89735	86	2
84375.46	84375	46	75228.05	75228	5	4
87010.93	87010	93	84550.59	84550	59	1
60168.93	60168	93	51728.41	51728	41	3
52132.79	52132	79	58578.3	58578	30	3
62053.96	62053	96	70869.67	70869	67	5
68232.11	68232	11	66337.05	66337	5	3
75705.04	75705	4	71459.08	71459	8	1
77363.37	77363	37	85295.9	85295	90	1
65021.76	65021	76	65882.24	65882	24	1
82096.31	82096	31	77524.56	77524	56	2
97255.78	97255	78	96535.9	96535	90	5
81639.52	81639	52	76643.87	76643	87	3
85699.54	85699	54	89122.18	89122	18	3
67306.42	67306	42	71710.69	71710	69	2
97364.44	97364	44	102686.75	102686	75	2
66974.57	66974	57	72469.71	72469	71	2
87524.99	87524	99	87379.54	87379	54	1
74186.8	74186	80	64285.95	64285	95	1
80340.92	80340	92	86469.02	86469	2	2
63222.53	63222	53	69409.77	69409	77	2
63885.29	63885	29	60735.82	60735	82	1
70407.74	70407	74	69112.14	69112	14	5
55339.89	55339	89	46896.6	46896	60	3
67626.33	67626	33	68273.17	68273	17	1
52128.75	52128	75	42263.31	42263	31	5
50273.39	50273	39	58334.38	58334	38	2
57189.85	57189	85	51726.96	51726	96	1
64900.91	64900	91	70950.47	70950	47	3
67820.32	67820	32	63564.16	63564	16	2
75678.23	75678	23	66682.22	66682	22	2
55043.14	55043	14	59984.31	59984	31	4
52194.31	52194	31	52513.18	52513	18	2
62687.68	62687	68	61231.78	61231	78	3
65211.07	65211	7	55433.71	55433	71	4
63628.1	63628	10	64113.47	64113	47	1
84041.64	84041	64	85121.43	85121	43	4
83444.71	83444	71	81771.73	81771	73	3
98634.15	98634	15	108594.54	108594	54	4
61403.54	61403	54	60414.33	60414	33	4
57765.99	57765	99	50673.96	50673	96	4
90031.98	90031	98	85419.1	85419	10	5
67959.32	67959	32	59970.21	59970	21	3
98706.51	98706	51	96618.81	96618	81	1
75729.52	75729	52	84540.25	84540	25	2
94566.75	94566	75	100981.88	100981	88	1
55369.47	55369	47	48602.57	48602	57	2
52003.61	52003	61	60029.95	60029	95	4
82089.26	82089	26	78358.42	78358	42	3
88856.27	88856	27	85910.52	85910	52	4
82343.06	82343	6	90218.95	90218	95	2
54612.79	54612	79	47068.19	47068	19	4
52740.08	52740	8	60365.33	60365	33	1
52749.8	52749	80	49328.07	49328	7	1
59951.2	59951	20	53964.76	53964	76	2
70367.41	70367	41	72359.49	72359	49	4
64179.08	64179	8	64615.37	64615	37	1
69525.59	69525	59	65320.13	65320	13	5
86857.27	86857	27	93386.43	93386	43	4
88380.99	88380	99	84865.81	84865	81	5
96647.44	96647	44	101907.28	101907	28	1
62534.02	62534	2	53787.62	53787	62	2
93424.13	93424	13	88570.12	88570	12	5
58141.27	58141	27	53719.43	53719	43	4
84523.22	84523	22	84321.4	84321	40	4
58634.72	58634	72	57723.82	57723	82	3
71769.37	71769	37	81553.89	81553	89	5
68563.38	68563	38	63161.82	63161	82	4
51378.43	51378	43	58795.53	58795	53	3
79704.04	79704	4	89448.43	89448	43	3
89268.92	89268	92	92878.13	92878	13	2
68445.42	68445	42	62490.5	62490	50	1
69734.54	69734	54	64865.5	64865	50	4
66527.25	66527	25	72148.34	72148	34	1
67150.45	67150	45	72829.29	72829	29	3
54763.58	54763	58	52425.72	52425	72	3
61092.52	61092	52	66849.22	66849	22	1
72519.93	72519	93	65151.85	65151	85	1
56766.2	56766	20	56174.67	56174	67	3
52481.3	52481	30	44506.63	44506	63	4
61374.72	61374	72	61060.36	61060	36	4
89109.26	89109	26	86391.6	86391	60	4
66394.61	66394	61	64596.79	64596	79	2
73415.81	73415	81	74446.68	74446	68	4
51159.58	51159	58	55020.66	55020	66	4
76345.82	76345	82	82282.54	82282	54	5
93782.74	93782	74	90525.15	90525	15	2
74639.66	74639	66	68935.03	68935	3	1
95871.93	95871	93	87602.66	87602	66	4
89939.53	89939	53	86932.58	86932	58	2
63018.65	63018	65	67520.81	67520	81	2
92517.89	92517	89	99508.91	99508	91	1
52473.55	52473	55	50719.2	50719	20	4
56441.3	56441	30	66090.92	66090	92	2
50657.16	50657	16	46947.34	46947	34	2
96297.29	96297	29	88061.58	88061	58	4
74377.03	74377	3	76835.72	76835	72	4
81728.06	81728	6	81522.23	81522	23	1
74160.68	74160	68	70523.4	70523	40	3
85056.46	85056	46	84930.26	84930	26	1
61431.62	61431	62	64689.63	64689	63	5
72728.6	72728	60	82701.53	82701	53	4
53500.41	53500	41	57420.73	57420	73	3
90466.17	90466	17	82575.13	82575	13	5
89255.37	89255	37	98569.84	98569	84	5
70650.86	70650	86	73969.02	73969	2	5
95229.27	95229	27	95000.84	95000	84	2
59647.41	59647	41	64717.06	64717	6	2
52469.31	52469	31	58420.85	58420	85	5
stocks
104942.86	104942	86	1
