items_number
200
stocks_number
1
digit
2
items
738062.55	738062	55	764761.16	764761	16	2
741721.28	741721	28	645048.18	645048	18	5
536652.51	536652	51	580896.59	580896	59	4
706490.39	706490	39	661264.08	661264	8	4
834687.13	834687	13	745693.9	745693	90	3
694678.79	694678	79	684421.33	684421	33	1
955216.99	955216	99	964449.13	964449	13	5
541895.28	541895	28	491738.25	491738	25	5
815950.71	815950	71	745719.77	745719	77	3
554675.8	554675	80	590495.6	590495	60	1
518727.68	518727	68	441780.02	441780	2	2
638583.52	638583	52	542609.25	542609	25	5
674309.05	674309	5	579980.47	579980	47	2
662044.11	662044	11	719946.38	719946	38	3
955504.25	955504	25	871779.52	871779	52	5
602360.82	602360	82	667186.69	667186	69	3
749138.45	749138	45	799429.96	799429	96	2
652953.07	652953	7	681529.46	681529	46	3
511762.12	511762	12	428520.65	428520	65	3
551267.28	551267	28	560089.08	560089	8	3
967136	967136	0	888911.59	888911	59	4
856373.19	856373	19	822848.78	822848	78	3
624395.48	624395	48	583724.98	583724	98	2
521308.9	521308	90	573899.78	573899	78	5
793547.25	793547	25	698369.15	698369	15	5
681237.91	681237	91	727797.21	727797	21	2
585468.25	585468	25	544808.61	544808	61	1
664322.62	664322	62	754180.74	754180	74	4
991540.36	991540	36	1077636.53	1077636	53	5
755870.33	755870	33	775807.56	775807	56	5
555625.6	555625	60	600405.21	600405	21	4
729602.91	729602	91	669486.66	669486	66	1
518237.62	518237	62	468591.74	468591	74	1
612924.63	612924	63	529036.79	529036	79	2
936092.82	936092	82	930750.71	930750	71	4
852924.27	852924	27	814284.64	814284	64	4
828249.42	828249	42	834105.1	834105	10	5
911955.33	911955	33	942935.84	942935	84	5
894819.56	894819	56	906022.86	906022	86	5
664846.65	664846	65	627560.85	627560	85	2
966630.13	966630	13	933429.44	933429	44	5
913546.24	913546	24	874891.88	874891	88	1
803429.17	803429	17	770170.1	770170	10	3
640938.71	640938	71	613409.88	613409	88	3
596236.87	596236	87	642572.24	642572	24	5
758932.95	758932	95	669037.6	669037	60	5
763946.53	763946	53	828332.55	828332	55	2
866022.84	866022	84	862649.21	862649	21	2
932533.54	932533	54	971215.04	971215	4	4
796355.66	796355	66	877499.21	877499	21	4
917289.13	917289	13	949827.26	949827	26	1
899668.54	899668	54	887214.61	887214	61	2
652727.85	652727	85	727436.96	727436	96	3
541683.13	541683	13	633551.24	633551	24	4
920977.96	920977	96	861113.39	861113	39	4
966921.62	966921	62	1046452.11	1046452	11	2
722921.04	722921	4	688437.42	688437	42	5
506444.74	506444	74	505920.99	505920	99	1
651889.25	651889	25	648366.82	648366	82	1
714460.4	714460	40	793162.92	793162	92	1
782961.07	782961	7	829464.54	829464	54	5
728161.85	728161	85	669417.04	669417	4	4
964709.83	964709	83	1010384.59	1010384	59	1
801198.69	801198	69	898055.28	898055	28	1
841086.48	841086	48	925545.8	925545	80	2
921448.17	921448	17	861780.28	861780	28	1
654121.49	654121	49	739427.89	739427	89	1
689981.42	689981	42	607384.88	607384	88	1
833402.5	833402	50	904715.12	904715	12	5
569586.05	569586	5	566094.73	566094	73	5
854827.59	854827	59	834944.73	834944	73	5
820678.64	820678	64	885879.53	885879	53	1
503779.81	503779	81	488722.61	488722	61	2
658255.28	658255	28	632202.8	632202	80	4
982263.35	982263	35	1047024.4	1047024	40	5
620662.2	620662	20	551940.85	551940	85	2
937835.23	937835	23	921888.4	921888	40	5
746208.4	746208	40	775354.94	775354	94	2
986684.04	986684	4	941678.04	941678	4	5
870367.29	870367	29	920191.42	920191	42	3
563210.06	563210	6	500589.13	500589	13	5
924619.69	924619	69	1012152.29	1012152	29	2
790681.83	790681	83	728050.03	728050	3	2
736584.43	736584	43	648671.09	648671	9	5
986950.35	986950	35	993439.5	993439	50	5
711657.32	711657	32	616251.41	616251	41	2
703505.06	703505	6	722212.17	722212	17	3
709870.39	709870	39	708964.89	708964	89	2
738748.06	738748	6	669908.39	669908	39	2
876041.83	876041	83	791224.99	791224	99	3
944977.32	944977	32	922772.82	922772	82	2
521708.13	521708	13	599371.92	599371	92	3
604202.68	604202	68	687731.01	687731	1	3
930333.67	930333	67	980892.39	980892	39	5
822906.35	822906	35	824514.18	824514	18	3
965935.68	965935	68	1033922.8	1033922	80	2
851780.85	851780	85	942672.66	942672	66	5
997674.84	997674	84	984587.05	984587	5	5
655915.62	655915	62	741305.68	741305	68	4
685181.87	685181	87	674474.76	674474	76	2
567260.41	567260	41	577770.77	577770	77	1
531389.73	531389	73	623986.39	623986	39	5
505858.51	505858	51	587441.29	587441	29	4
591686.22	591686	22	687139.39	687139	39	3
710291.01	710291	1	676834.2	676834	20	4
988121.38	988121	38	1034465.66	1034465	66	4
712348.94	712348	94	766169.22	766169	22	4
668772.25	668772	25	646457.57	646457	57	3
754976.79	754976	79	657554.61	657554	61	2
719679.5	719679	50	628493.25	628493	25	5
559785.54	559785	54	487293.96	487293	96	1
838833.37	838833	37	778790.73	778790	73	3
644297.2	644297	20	667733.51	667733	51	1
850467.9	850467	90	815344.98	815344	98	4
575416.33	575416	33	654550.8	654550	80	2
651893.55	651893	55	581817.01	581817	1	5
562123.74	562123	74	531595.38	531595	38	5
778921.39	778921	39	776761.94	776761	94	5
861763.46	861763	46	890782.89	890782	89	3
800872.8	800872	80	728593.74	728593	74	1
654962.74	654962	74	667985.91	667985	91	4
827387.3	827387	30	861290.69	861290	69	5
843227.45	843227	45	748610.64	748610	64	3
779811.42	779811	42	776363.91	776363	91	4
757719.98	757719	98	742181.08	742181	8	4
666133.8	666133	80	600213.81	600213	81	3
745745.62	745745	62	710283.7	710283	70	5
630145.35	630145	35	532587.74	532587	74	5
663806.64	663806	64	684799.85	684799	85	4
922307.76	922307	76	999325.36	999325	36	5
815326.22	815326	22	734150.48	734150	48	1
751713.05	751713	5	810305.6	810305	60	5
953696.49	953696	49	1023310.75	1023310	75	5
841831.26	841831	26	869327.74	869327	74	2
864046.79	864046	79	918091.96	918091	96	2
684634.5	684634	50	747880.92	747880	92	3
850598.64	850598	64	824437.41	824437	41	5
597041.73	597041	73	531995.18	531995	18	2
853406.27	853406	27	794337.47	794337	47	5
626220.95	626220	95	529727.02	529727	2	1
816720.24	816720	24	760488.4	760488	40	1
913192.82	913192	82	881631.44	881631	44	2
965053.85	965053	85	908517.72	908517	72	3
981664.96	981664	96	1048869.9	1048869	90	3
763658.24	763658	24	724064.4	724064	40	2
540469.18	540469	18	463067.52	463067	52	2
633557.03	633557	3	657775.88	657775	88	4
846428.98	846428	98	803395.75	803395	75	1
840037.09	840037	9	860475.47	860475	47	3
515966.01	515966	1	596292.76	596292	76	2
667946.3	667946	30	652634.49	652634	49	3
994999.83	994999	83	1055550.38	1055550	38	1
864000.32	864000	32	878229.45	878229	45	1
511173.75	511173	75	501244.11	501244	11	3
774809.77	774809	77	731911.28	731911	28	1
642365.82	642365	82	668145.51	668145	51	1
677306.56	677306	56	628546.91	628546	91	2
541200.91	541200	91	489929.97	489929	97	5
772510.17	772510	17	727821.23	727821	23	5
861759.2	861759	20	933992.74	933992	74	5
963508.67	963508	67	889254.33	889254	33	5
587835.39	587835	39	489059.7	489059	70	3
634119.78	634119	78	664943.35	664943	35	4
917203.68	917203	68	939652.06	939652	6	4
950313.17	950313	17	979033.44	979033	44	1
998165.09	998165	9	910122.31	910122	31	2
601836.18	601836	18	587531.95	587531	95	3
800911.34	800911	34	830560.84	830560	84	5
595205.83	595205	83	669206.47	669206	47	3
975890.98	975890	98	1002516.43	1002516	43	4
947778.81	947778	81	980934.83	980934	83	2
932572.59	932572	59	850341.84	850341	84	5
889081.8	889081	80	911235.84	911235	84	3
912831.66	912831	66	989451.56	989451	56	1
914236.07	914236	7	926299.73	926299	73	2
652738.56	652738	56	735298.22	735298	22	4
953300.36	953300	36	979607.08	979607	8	4
568439.1	568439	10	504719.61	504719	61	1
999166.54	999166	54	938692.95	938692	95	2
793336.45	793336	45	867171.52	867171	52	1
605052.11	605052	11	521658.35	521658	35	4
667112.36	667112	36	691326.42	691326	42	1
808982.8	808982	80	843367.88	843367	88	2
969053.43	969053	43	926977.78	926977	78	1
698932.11	698932	11	740306.53	740306	53	3
604437.57	604437	57	623013.16	623013	16	4
611417.77	611417	77	622210.29	622210	29	1
896885.67	896885	67	989499.44	989499	44	1
645638	645638	0	712943.11	712943	11	4
883928.94	883928	94	950032.51	950032	51	2
758643.4	758643	40	750578.17	750578	17	1
609145.19	609145	19	702197.43	702197	43	5
992410.86	992410	86	1059738.21	1059738	21	1
913409.7	913409	70	963258.49	963258	49	1
546994.87	546994	87	562494.47	562494	47	5
942723.03	942723	3	865859.62	865859	62	1
932221.79	932221	79	921116.77	921116	77	5
669478.58	669478	58	697762.42	697762	42	2
764280.37	764280	37	817065.47	817065	47	2
548072.62	548072	62	510968.24	510968	24	4
stocks
10.1	40809592	10	1
