items_number
200
stocks_number
1
digit
2
items
62819.47	62819	47	68147.56	68147	56	2
64838.79	64838	79	62925.71	62925	71	1
73894.37	73894	37	69051.91	69051	91	2
66493.35	66493	35	65875.91	65875	91	3
78429.17	78429	17	80400.12	80400	12	2
85105.15	85105	15	82895.21	82895	21	1
64232.98	64232	98	65413.8	65413	80	3
73586.9	73586	90	78100.25	78100	25	4
61993.65	61993	65	62751.57	62751	57	2
77938.43	77938	43	86068.76	86068	76	1
87016.39	87016	39	90967.99	90967	99	5
54765.1	54765	10	53963.12	53963	12	2
89386.22	89386	22	96407.32	96407	32	3
74981.81	74981	81	82023.13	82023	13	3
87296.54	87296	54	77325.28	77325	28	5
62273.72	62273	72	70255.66	70255	66	5
96545.32	96545	32	98702.36	98702	36	1
69119	69119	0	59474.54	59474	54	3
74698.4	74698	40	72010.68	72010	68	1
66215.43	66215	43	74414.85	74414	85	3
73122.94	73122	94	70244.83	70244	83	3
89482.66	89482	66	83573.54	83573	54	4
75042.07	75042	7	72022.24	72022	24	1
91512.85	91512	85	83433.75	83433	75	4
78084.39	78084	39	88028.79	88028	79	5
63259.42	63259	42	53334.24	53334	24	2
78339.7	78339	70	85515.26	85515	26	5
83202.14	83202	14	85751.27	85751	27	2
78748.83	78748	83	76458.32	76458	32	5
61491.05	61491	5	55501.26	55501	26	4
61331.86	61331	86	57045.62	57045	62	3
91568.31	91568	31	84605.88	84605	88	3
76329.36	76329	36	82147.94	82147	94	5
94526.24	94526	24	99118.53	99118	53	5
67361.18	67361	18	69781.77	69781	77	3
54757.54	54757	54	56266.07	56266	7	1
79631.91	79631	91	75734.73	75734	73	5
90894.16	90894	16	88215.55	88215	55	5
87645.44	87645	44	83668.31	83668	31	1
50924.09	50924	9	57785.31	57785	31	1
68832.12	68832	12	64283.31	64283	31	2
83961.36	83961	36	93935.3	93935	30	3
64991.19	64991	19	61050.4	61050	40	2
58217.34	58217	34	50688.62	50688	62	1
58942.17	58942	17	49678.4	49678	40	2
52286.73	52286	73	52095.67	52095	67	3
79792.59	79792	59	73966.27	73966	27	1
55486.01	55486	1	62100.76	62100	76	3
71405.73	71405	73	71569.19	71569	19	3
63790.99	63790	99	65276.92	65276	92	1
81002.44	81002	44	85814.59	85814	59	5
53827.68	53827	68	61113.03	61113	3	5
53272.17	53272	17	58849.46	58849	46	1
56043.03	56043	3	47834.82	47834	82	2
95339.05	95339	5	104546.77	104546	77	1
81356.56	81356	56	90597.23	90597	23	3
78604.45	78604	45	74191.07	74191	7	5
73678.27	73678	27	63780.02	63780	2	5
73858.22	73858	22	75647.5	75647	50	4
57351.28	57351	28	60648.36	60648	36	1
85169.33	85169	33	79281.25	79281	25	1
85189.09	85189	9	76413.12	76413	12	4
58219.59	58219	59	64554.24	64554	24	1
70799.69	70799	69	64450.19	64450	19	5
79715.85	79715	85	85531.64	85531	64	3
75580.29	75580	29	78055.99	78055	99	3
75556.23	75556	23	80716.23	80716	23	2
68646.76	68646	76	60564.36	60564	36	2
75775.98	75775	98	85571.52	85571	52	4
63200.2	63200	20	58103.51	58103	51	5
69570.85	69570	85	78350.66	78350	66	5
94607.1	94607	10	89853.83	89853	83	2
97162.56	97162	56	95760.78	95760	78	4
93862.04	93862	4	92421.06	92421	6	3
62124.96	62124	96	59842.43	59842	43	2
65404.25	65404	25	64738.19	64738	19	5
55448.3	55448	30	63816.7	63816	70	1
91916.55	91916	55	93808.67	93808	67	4
80191.26	80191	26	79859.92	79859	92	2
86155.03	86155	3	84687.89	84687	89	5
55706.06	55706	6	52804.59	52804	59	5
61192.22	61192	22	55671.51	55671	51	3
89982.23	89982	23	89520.89	89520	89	4
68279.24	68279	24	64675.06	64675	6	2
67235.25	67235	25	63506.32	63506	32	1
94622.28	94622	28	97088.66	97088	66	4
58935.8	58935	80	54571.26	54571	26	4
55139.7	55139	70	60718.36	60718	36	1
68299.08	68299	8	70867.65	70867	65	1
82794.03	82794	3	73940.75	73940	75	5
62491.5	62491	50	61367.71	61367	71	1
62768.41	62768	41	53169.89	53169	89	1
77283.64	77283	64	69653.84	69653	84	3
80011.1	80011	10	78942.93	78942	93	3
92868.1	92868	10	86920.07	86920	7	2
66298.49	66298	49	58204.47	58204	47	5
64892.91	64892	91	56297.9	56297	90	5
68424.86	68424	86	61356.29	61356	29	5
84944.77	84944	77	78769.82	78769	82	3
90667.89	90667	89	81867.42	81867	42	3
90925.58	90925	58	92482.8	92482	80	4
63815.15	63815	15	60140.48	60140	48	4
94574.99	94574	99	94742.25	94742	25	4
97387.66	97387	66	87541.58	87541	58	2
66977.19	66977	19	71861.51	71861	51	2
65998.48	65998	48	57604.66	57604	66	3
72091.91	72091	91	75300.74	75300	74	4
72426.01	72426	1	79398.19	79398	19	4
67215.55	67215	55	70713.33	70713	33	1
52281.69	52281	69	45157.64	45157	64	5
58580.05	58580	5	54083.08	54083	8	3
82222.62	82222	62	76538.92	76538	92	2
63473.91	63473	91	60828.16	60828	16	5
57862.8	57862	80	66625.96	66625	96	3
50500.38	50500	38	51212.95	51212	95	4
90010.16	90010	16	97357.45	97357	45	5
52483.61	52483	61	53711.61	53711	61	2
68736.7	68736	70	58805.19	58805	19	4
54449.38	54449	38	61096.78	61096	78	2
80083.69	80083	69	77599.24	77599	24	4
60830.73	60830	73	55766.94	55766	94	5
66940.88	66940	88	62462.49	62462	49	5
52152.62	52152	62	50069.14	50069	14	4
88114.89	88114	89	85420.76	85420	76	2
56252.5	56252	50	64426.4	64426	40	2
95020.72	95020	72	100710.2	100710	20	5
54411.9	54411	90	57344.23	57344	23	3
71144.42	71144	42	64443.3	64443	30	2
63443.1	63443	10	55786.46	55786	46	4
98657.68	98657	68	105415.05	105415	5	3
71111.83	71111	83	65610.72	65610	72	1
63669.2	63669	20	67569.26	67569	26	5
62471.83	62471	83	59274.5	59274	50	1
65684.35	65684	35	74072.94	74072	94	2
61055.86	61055	86	65109.82	65109	82	3
79448.54	79448	54	74855.98	74855	98	4
81682.83	81682	83	91676.6	91676	60	4
83147.29	83147	29	80409.56	80409	56	1
61174.56	61174	56	53553.18	53553	18	4
98897.38	98897	38	106109.93	106109	93	1
94729.98	94729	98	98588.21	98588	21	1
69754.13	69754	13	71357.23	71357	23	3
81118.52	81118	52	72646.83	72646	83	3
58202.41	58202	41	53136.34	53136	34	2
77617.45	77617	45	77982.18	77982	18	1
90919.9	90919	90	96880.76	96880	76	3
57512.09	57512	9	49793.76	49793	76	3
89401.06	89401	6	84714.76	84714	76	4
68956.61	68956	61	74986.94	74986	94	1
61961.47	61961	47	54609.54	54609	54	5
69484.27	69484	27	72314.99	72314	99	2
79786.86	79786	86	70751.86	70751	86	3
88203.88	88203	88	86373.03	86373	3	1
71636.89	71636	89	66103.11	66103	11	2
67899.28	67899	28	69891.63	69891	63	1
53755.9	53755	90	53819.41	53819	41	2
66655.14	66655	14	60533.28	60533	28	1
81612.18	81612	18	76537.83	76537	83	4
74899.32	74899	32	78262.7	78262	70	5
89400.76	89400	76	85621.74	85621	74	1
80268.86	80268	86	75671.86	75671	86	3
96010.68	96010	68	87592.42	87592	42	3
53068.97	53068	97	43188.97	43188	97	5
92739.21	92739	21	94946.36	94946	36	3
70994.03	70994	3	80965.35	80965	35	4
73424.35	73424	35	81319.79	81319	79	3
81487.76	81487	76	89101.33	89101	33	4
61976.86	61976	86	55660.94	55660	94	4
56570.65	56570	65	51726.36	51726	36	3
92662.84	92662	84	86375.48	86375	48	2
70174.76	70174	76	61070.85	61070	85	4
51299.15	51299	15	44034.54	44034	54	5
71716.49	71716	49	77033.7	77033	70	2
60592.29	60592	29	56737.66	56737	66	1
68802.09	68802	9	66471.85	66471	85	3
58633.94	58633	94	54314.87	54314	87	2
60812.71	60812	71	52917.42	52917	42	3
85615.18	85615	18	89286.61	89286	61	1
98035.53	98035	53	102751.61	102751	61	2
79768.84	79768	84	71624.37	71624	37	1
56876.18	56876	18	63195.13	63195	13	2
67518.8	67518	80	68784.61	68784	61	3
59553.23	59553	23	52374.23	52374	23	3
54379.58	54379	58	52588.15	52588	15	2
89154.7	89154	70	94887.71	94887	71	4
77453.51	77453	51	85988.83	85988	83	3
58134.48	58134	48	66407.53	66407	53	3
65109.36	65109	36	74720.99	74720	99	1
59064.69	59064	69	56244.67	56244	67	3
92334.33	92334	33	93969.24	93969	24	5
54508.12	54508	12	54060.71	54060	71	1
98633.08	98633	8	101216.53	101216	53	5
97644.01	97644	1	104583.63	104583	63	2
57576.09	57576	9	57248.68	57248	68	1
91371.29	91371	29	89881.86	89881	86	5
77938.04	77938	4	68567.97	68567	97	2
81001.97	81001	97	82288.48	82288	48	5
82158.57	82158	57	82003.17	82003	17	5
89915.42	89915	42	84228.9	84228	90	5
96872.14	96872	14	103315.81	103315	81	4
stocks
236491.48	236491	48	1
