items_number
200
stocks_number
1
digit
2
items
94668.31	94668	31	98931.93	98931	93	3
85607.71	85607	71	77378.43	77378	43	5
60149.41	60149	41	68551.95	68551	95	4
80531.18	80531	18	77596.54	77596	54	2
69387.15	69387	15	66502.64	66502	64	5
67798.67	67798	67	70425.87	70425	87	4
61215.08	61215	8	57713.22	57713	22	2
85782.53	85782	53	90050.37	90050	37	1
83376.21	83376	21	86430.02	86430	2	4
90871.77	90871	77	100591.66	100591	66	5
86865.89	86865	89	77693.11	77693	11	5
50808.15	50808	15	48385.16	48385	16	1
99218.39	99218	39	98898.69	98898	69	3
90080.86	90080	86	80796.74	80796	74	1
78097.07	78097	7	81425.78	81425	78	4
69711.35	69711	35	65789.11	65789	11	3
56620.38	56620	38	64302.85	64302	85	4
89275.6	89275	60	86347.91	86347	91	5
73078.33	73078	33	67767.03	67767	3	4
75697.44	75697	44	75804.19	75804	19	4
63528.76	63528	76	64885.09	64885	9	3
50708.89	50708	89	43122.5	43122	50	1
92950.99	92950	99	102589.78	102589	78	5
62873.12	62873	12	64143.05	64143	5	2
80125.33	80125	33	70913.43	70913	43	3
59275.53	59275	53	63501.68	63501	68	2
66724.42	66724	42	69908.75	69908	75	4
89655.45	89655	45	90838.29	90838	29	4
56785.11	56785	11	54948.34	54948	34	2
83747.96	83747	96	82927.41	82927	41	4
99237.74	99237	74	95091.14	95091	14	1
51453.42	51453	42	43878.27	43878	27	1
78655.68	78655	68	79606.83	79606	83	3
68686.16	68686	16	62941.09	62941	9	5
91285.6	91285	60	90775.79	90775	79	3
98042.83	98042	83	106109.48	106109	48	4
95785.35	95785	35	86387.93	86387	93	5
52499.2	52499	20	58488.01	58488	1	1
83824.88	83824	88	86158.82	86158	82	4
79160.56	79160	56	86537.94	86537	94	3
52670.97	52670	97	62099.66	62099	66	2
79989.77	79989	77	86873.93	86873	93	5
89269.23	89269	23	84222.11	84222	11	5
51888.88	51888	88	54717.33	54717	33	4
79369.16	79369	16	86969.65	86969	65	1
67365.3	67365	30	75646.88	75646	88	5
71599.76	71599	76	64226.44	64226	44	4
85990.54	85990	54	94992.5	94992	50	4
65940.9	65940	90	65014.79	65014	79	4
53977.09	53977	9	51293.46	51293	46	4
61686.51	61686	51	60794.68	60794	68	3
88769.19	88769	19	82920.85	82920	85	3
54686.98	54686	98	58137.93	58137	93	4
54635.5	54635	50	53382.45	53382	45	4
51641.31	51641	31	57063.88	57063	88	4
94112.83	94112	83	102072.37	102072	37	4
73212.04	73212	4	69905.11	69905	11	5
77666.25	77666	25	79992.63	79992	63	5
93067.8	93067	80	95930.65	95930	65	4
79997.15	79997	15	84854.44	84854	44	4
61413.21	61413	21	52918.04	52918	4	3
51603.07	51603	7	60320.77	60320	77	4
90751.09	90751	9	81753.68	81753	68	4
90068.89	90068	89	92525.85	92525	85	1
70289.75	70289	75	63260.83	63260	83	5
82035.21	82035	21	82528.47	82528	47	3
88109.24	88109	24	92353.33	92353	33	1
66073.1	66073	10	63367.77	63367	77	5
84535.42	84535	42	84737.45	84737	45	5
81233.65	81233	65	77810.13	77810	13	5
54533.66	54533	66	49204.71	49204	71	2
96506.91	96506	91	96136.1	96136	10	1
61221.42	61221	42	58402.04	58402	4	4
53102.89	53102	89	52726.79	52726	79	4
98394.8	98394	80	94573.42	94573	42	2
90591.1	90591	10	89092.68	89092	68	1
79769.72	79769	72	81395.66	81395	66	3
79294.08	79294	8	78100.83	78100	83	2
85881.17	85881	17	83383.17	83383	17	5
95709.14	95709	14	86408.43	86408	43	4
83271.17	83271	17	89394.27	89394	27	5
97567.68	97567	68	87898.84	87898	84	4
93779.33	93779	33	88629.29	88629	29	3
87957.67	87957	67	91251.21	91251	21	1
61503.18	61503	18	64302.27	64302	27	2
54720.16	54720	16	48712.17	48712	17	4
91369.03	91369	3	92623.55	92623	55	4
94016.74	94016	74	103508.37	103508	37	2
82387.41	82387	41	72425.77	72425	77	3
84436.35	84436	35	82273.18	82273	18	4
74012.41	74012	41	82081.78	82081	78	5
53100.63	53100	63	44644.79	44644	79	5
86039.42	86039	42	82593.94	82593	94	2
64763.5	64763	50	73835.47	73835	47	5
93168.04	93168	4	100890.64	100890	64	2
65629.17	65629	17	68875.76	68875	76	4
56098.72	56098	72	59383.91	59383	91	5
90577.81	90577	81	92542.94	92542	94	3
91003.79	91003	79	81543.53	81543	53	3
99934.14	99934	14	93420.37	93420	37	1
71810.46	71810	46	64072.07	64072	7	4
54837.45	54837	45	50048.22	50048	22	1
96440.57	96440	57	99556.44	99556	44	2
92332.4	92332	40	95497.11	95497	11	4
57939.87	57939	87	66495.99	66495	99	1
94833.37	94833	37	104128.85	104128	85	5
82922.03	82922	3	74587.78	74587	78	5
87708.11	87708	11	87889.65	87889	65	4
74126.97	74126	97	75947.67	75947	67	3
68802.2	68802	20	71691.94	71691	94	1
92718.25	92718	25	93598.08	93598	8	4
57397.14	57397	14	55340.93	55340	93	2
75670.4	75670	40	78890.77	78890	77	4
95797.11	95797	11	105249.34	105249	34	1
54654.34	54654	34	49612.14	49612	14	4
96474.58	96474	58	92492.02	92492	2	5
50516.27	50516	27	47680.48	47680	48	4
55324.89	55324	89	65257.66	65257	66	4
90489.33	90489	33	89719.39	89719	39	3
92204.69	92204	69	89407.24	89407	24	1
89760.24	89760	24	87529.84	87529	84	2
73801.74	73801	74	74821.15	74821	15	4
95304.84	95304	84	94051.03	94051	3	3
85099.19	85099	19	93143.76	93143	76	1
97865.77	97865	77	97956.61	97956	61	1
97772.4	97772	40	94240.64	94240	64	4
60028.36	60028	36	61318.52	61318	52	4
53963.49	53963	49	47338.53	47338	53	5
97650.73	97650	73	89803.58	89803	58	3
60332.16	60332	16	65883.03	65883	3	3
63197.15	63197	15	60058.87	60058	87	5
78760.71	78760	71	73175.64	73175	64	3
65169.13	65169	13	59651.23	59651	23	3
59636.72	59636	72	53333.31	53333	31	3
71091.64	71091	64	78671.72	78671	72	2
82409.52	82409	52	75446.22	75446	22	1
54469.62	54469	62	51181.14	51181	14	4
63314.67	63314	67	56280.49	56280	49	3
70117.63	70117	63	73336.86	73336	86	4
87896.59	87896	59	96429.8	96429	80	1
91417.39	91417	39	97272.43	97272	43	3
72135.41	72135	41	69954.91	69954	91	4
54593.26	54593	26	54790.74	54790	74	5
67086.79	67086	79	69881.18	69881	18	3
67931.52	67931	52	65201.24	65201	24	4
68549.12	68549	12	73704.85	73704	85	3
72860.37	72860	37	81673.2	81673	20	4
77748.79	77748	79	82183.69	82183	69	3
73873.01	73873	1	82681.52	82681	52	4
72649.22	72649	22	74412.56	74412	56	2
69952	69952	0	65310.92	65310	92	5
72933.77	72933	77	69509.34	69509	34	5
55751.49	55751	49	48533.68	48533	68	5
74556.36	74556	36	78661.92	78661	92	2
58031.96	58031	96	52651.1	52651	10	5
53615.26	53615	26	60209.3	60209	30	5
81629.77	81629	77	75922.56	75922	56	3
77361.85	77361	85	86992.62	86992	62	3
66879.27	66879	27	76848.82	76848	82	1
79278.02	79278	2	75724.12	75724	12	5
87693.53	87693	53	92874.62	92874	62	5
80077.94	80077	94	80627.67	80627	67	3
58037.74	58037	74	62619.74	62619	74	5
52861.66	52861	66	62524.84	62524	84	5
89713.18	89713	18	97681.97	97681	97	5
79128.38	79128	38	81290.46	81290	46	3
85270.71	85270	71	77969.06	77969	6	5
53482.32	53482	32	48161.11	48161	11	1
51742.05	51742	5	60591.94	60591	94	5
64687.86	64687	86	74326.89	74326	89	5
91379.44	91379	44	84591.91	84591	91	1
93160.96	93160	96	97863.36	97863	36	4
96123.27	96123	27	93581.79	93581	79	3
95972.7	95972	70	103102.63	103102	63	2
69546.75	69546	75	67043.51	67043	51	1
64053.79	64053	79	72502.03	72502	3	3
64520.34	64520	34	66804.46	66804	46	5
92407.64	92407	64	92437.68	92437	68	4
51102.11	51102	11	57706.71	57706	71	5
97694.87	97694	87	102506.95	102506	95	3
74356.87	74356	87	69869.22	69869	22	2
80355.63	80355	63	72316.62	72316	62	5
70626.64	70626	64	62013.29	62013	29	4
80107.36	80107	36	78403.9	78403	90	4
54910	54910	0	64697.54	64697	54	3
87959.13	87959	13	87687.39	87687	39	4
83723.14	83723	14	78612.2	78612	20	5
86539.29	86539	29	80618.09	80618	9	5
65319.98	65319	98	64677.98	64677	98	3
59902.93	59902	93	58481.99	58481	99	1
75117.31	75117	31	79363.2	79363	20	2
53011.51	53011	51	47549.58	47549	58	5
89979.87	89979	87	99108.66	99108	66	3
83154.05	83154	5	81982.93	81982	93	1
65173.69	65173	69	59373.43	59373	43	1
79692.05	79692	5	86789.63	86789	63	4
71583.95	71583	95	66293.38	66293	38	3
59743.4	59743	40	60364.48	60364	48	2
83174.38	83174	38	78670.71	78670	71	4
73325	73325	0	66883.32	66883	32	4
stocks
301798.22	301798	22	1
