items_number
200
stocks_number
1
digit
2
items
5654.48	5654	48	5172.41	5172	41	5
7468.85	7468	85	7653.53	7653	53	1
9615.61	9615	61	9003.61	9003	61	4
8856.48	8856	48	8945.89	8945	89	2
7102.5	7102	50	6716.62	6716	62	3
9663.95	9663	95	10014.49	10014	49	5
5205.43	5205	43	6110.91	6110	91	3
7635.76	7635	76	6864.22	6864	22	5
6516.37	6516	37	7272.52	7272	52	4
8382.28	8382	28	7976.43	7976	43	1
6222.84	6222	84	6731.28	6731	28	3
9918.11	9918	11	9091.5	9091	50	4
9254.28	9254	28	8654.03	8654	3	5
9766.13	9766	13	8998.85	8998	85	2
7205.08	7205	8	7405.36	7405	36	2
5109.99	5109	99	5219.27	5219	27	3
6184.49	6184	49	5608.13	5608	13	2
7825.66	7825	66	7534.38	7534	38	1
7085.11	7085	11	7652.1	7652	10	4
9371.33	9371	33	9088.53	9088	53	2
7292.96	7292	96	8187.58	8187	58	1
9350.54	9350	54	9351.58	9351	58	5
6871	6871	0	6957.43	6957	43	3
7097.61	7097	61	6543.16	6543	16	3
5265.41	5265	41	5234.33	5234	33	5
7929.49	7929	49	7161.83	7161	83	3
7034.83	7034	83	6242.39	6242	39	1
5732.36	5732	36	5817.28	5817	28	5
6234.42	6234	42	6580.37	6580	37	2
8346.03	8346	3	7550.51	7550	51	5
7340.07	7340	7	7488.2	7488	20	5
7651.42	7651	42	8515.77	8515	77	1
5814.89	5814	89	5760.04	5760	4	5
6955.21	6955	21	7491.78	7491	78	3
6507.91	6507	91	6016.65	6016	65	5
8679.91	8679	91	8796.64	8796	64	2
7380.68	7380	68	7266.28	7266	28	5
7475.86	7475	86	8446.54	8446	54	4
7076.19	7076	19	7422.83	7422	83	1
8896.05	8896	5	8537.79	8537	79	5
5856.14	5856	14	5421.96	5421	96	1
8298.03	8298	3	8153.11	8153	11	1
9576.68	9576	68	8947.27	8947	27	3
5872.43	5872	43	5837.98	5837	98	3
8063.68	8063	68	7707.93	7707	93	2
6781.77	6781	77	7353.61	7353	61	1
6744.94	6744	94	7376.23	7376	23	2
5009.18	5009	18	5077.04	5077	4	5
5368.95	5368	95	6206.98	6206	98	1
8829.05	8829	5	9028.33	9028	33	1
9380.51	9380	51	9722.54	9722	54	1
8424.91	8424	91	9157.54	9157	54	4
8941.11	8941	11	8140.9	8140	90	2
7014.03	7014	3	6441.96	6441	96	3
5520.04	5520	4	6256.69	6256	69	1
9970.52	9970	52	10138.22	10138	22	1
9943.04	9943	4	9602.77	9602	77	1
7555.88	7555	88	8500.07	8500	7	3
5701.41	5701	41	6512.49	6512	49	1
6940.46	6940	46	7503.13	7503	13	4
6663.43	6663	43	7369.57	7369	57	2
8041	8041	0	7999.67	7999	67	5
5353.88	5353	88	5779.87	5779	87	5
8240.32	8240	32	7891.59	7891	59	1
5758.21	5758	21	5252.45	5252	45	5
7623.31	7623	31	8116.52	8116	52	1
6919.75	6919	75	7244.21	7244	21	5
8139.9	8139	90	8076.72	8076	72	4
5097.18	5097	18	5560.06	5560	6	4
8995.94	8995	94	8665.04	8665	4	2
7797.47	7797	47	7933.49	7933	49	3
6716.84	6716	84	7301.99	7301	99	1
8056.97	8056	97	8138.12	8138	12	2
8136.16	8136	16	8200.74	8200	74	3
8351.79	8351	79	7458.98	7458	98	3
6881.66	6881	66	7607.03	7607	3	5
5679.45	5679	45	4871.35	4871	35	5
5094.73	5094	73	5833.21	5833	21	5
6891.84	6891	84	6242.06	6242	6	4
6047.4	6047	40	5077.31	5077	31	3
8923.31	8923	31	8860.51	8860	51	2
7033.87	7033	87	7283.59	7283	59	1
5233.31	5233	31	5996.85	5996	85	1
8627.42	8627	42	8320.42	8320	42	3
9047.42	9047	42	9725.54	9725	54	1
6517.87	6517	87	7015.52	7015	52	3
8596.95	8596	95	9458.63	9458	63	1
9753.46	9753	46	10647.29	10647	29	3
9835.27	9835	27	9834.58	9834	58	5
9297.88	9297	88	9526.1	9526	10	1
7455.44	7455	44	7911.41	7911	41	1
6497.71	6497	71	6201.14	6201	14	2
7337.88	7337	88	6523.76	6523	76	2
7808.32	7808	32	7247.27	7247	27	5
9738.03	9738	3	9650.72	9650	72	4
8859.62	8859	62	8096.22	8096	22	1
5431.16	5431	16	5920.78	5920	78	2
7419.31	7419	31	6655.9	6655	90	3
6997.04	6997	4	6729.91	6729	91	1
6291.34	6291	34	5799.84	5799	84	2
7176.25	7176	25	6640.91	6640	91	2
5556.51	5556	51	6424.39	6424	39	1
8008.7	8008	70	7101.81	7101	81	3
5994.23	5994	23	6540.03	6540	3	3
8692.67	8692	67	8623.13	8623	13	5
6358.5	6358	50	7116.79	7116	79	5
7876.41	7876	41	7705.03	7705	3	5
9371.12	9371	12	9052.45	9052	45	4
6453.75	6453	75	6506.98	6506	98	1
5529.77	5529	77	5266.06	5266	6	3
6181.52	6181	52	5892.75	5892	75	1
6138.06	6138	6	6686.49	6686	49	2
7562.64	7562	64	8549.62	8549	62	4
6414.35	6414	35	5887.58	5887	58	3
9765.01	9765	1	9005.88	9005	88	2
7372.58	7372	58	7593.16	7593	16	1
7931.23	7931	23	8459.09	8459	9	5
8360.48	8360	48	9019.51	9019	51	2
7124.04	7124	4	7239.43	7239	43	3
7765.02	7765	2	7292.66	7292	66	5
8419.36	8419	36	8306.61	8306	61	4
5341.48	5341	48	4468.81	4468	81	3
5025.73	5025	73	4813.77	4813	77	3
6519.76	6519	76	6150.35	6150	35	5
8149.32	8149	32	7715.08	7715	8	5
5525.29	5525	29	6226.49	6226	49	3
5377.38	5377	38	5245.56	5245	56	3
8580.48	8580	48	7634.86	7634	86	1
7944.6	7944	60	8438.37	8438	37	3
8137.42	8137	42	8737.46	8737	46	5
5634.34	5634	34	4754.68	4754	68	3
5882.85	5882	85	6840.28	6840	28	4
8693.94	8693	94	8717.84	8717	84	5
8642.05	8642	5	7855.49	7855	49	5
6877.6	6877	60	6938.3	6938	30	3
7385.13	7385	13	7898.94	7898	94	4
5762.07	5762	7	6290.27	6290	27	1
9753.01	9753	1	10200.32	10200	32	2
7518.26	7518	26	6711.37	6711	37	5
7215.82	7215	82	6795.23	6795	23	2
6044.3	6044	30	5227.37	5227	37	2
8699.3	8699	30	8603.1	8603	10	2
9117.41	9117	41	8244.71	8244	71	5
8606.94	8606	94	7775.97	7775	97	2
5876.66	5876	66	5810.68	5810	68	5
8881.42	8881	42	9807.58	9807	58	3
6740.52	6740	52	7131.13	7131	13	2
8807.41	8807	41	8268.76	8268	76	4
8004.42	8004	42	8588.09	8588	9	4
9627.08	9627	8	8689.53	8689	53	4
7335.43	7335	43	6880.4	6880	40	5
7185.78	7185	78	6213.67	6213	67	4
9968.56	9968	56	9157.35	9157	35	3
7360.69	7360	69	7251.18	7251	18	2
8704.54	8704	54	8363.03	8363	3	4
8117.41	8117	41	7430.4	7430	40	2
7885.98	7885	98	7033.64	7033	64	2
9844.45	9844	45	10371.56	10371	56	3
7459.89	7459	89	8384.24	8384	24	5
6591.58	6591	58	7233.02	7233	2	4
7980.87	7980	87	7664.02	7664	2	2
8093.76	8093	76	7137.91	7137	91	2
8236.43	8236	43	8393.29	8393	29	2
7436.33	7436	33	8144.83	8144	83	4
7497.33	7497	33	8312.39	8312	39	3
5112.56	5112	56	4329.57	4329	57	1
9821.47	9821	47	9598.75	9598	75	4
8260.92	8260	92	8159.63	8159	63	5
5627.57	5627	57	6291.86	6291	86	3
8101.25	8101	25	8071.12	8071	12	3
6237.74	6237	74	6717.85	6717	85	3
6671.88	6671	88	7075.22	7075	22	1
6800.07	6800	7	7231.22	7231	22	5
5353.67	5353	67	5517.54	5517	54	5
6040.34	6040	34	6170.19	6170	19	2
7676.25	7676	25	7040.87	7040	87	1
9235.09	9235	9	9324.12	9324	12	2
7780.39	7780	39	6857.29	6857	29	3
7245.66	7245	66	6628.61	6628	61	4
8001.03	8001	3	7231.19	7231	19	3
7407.47	7407	47	6546.82	6546	82	3
9580.62	9580	62	9508.01	9508	1	4
5185.81	5185	81	4443.85	4443	85	1
7374.56	7374	56	8261.15	8261	15	5
7702.31	7702	31	8078.16	8078	16	2
9653.88	9653	88	9570.85	9570	85	4
6253.97	6253	97	5452.54	5452	54	4
6349.81	6349	81	6873.8	6873	80	3
9496.85	9496	85	8496.4	8496	40	3
9476.38	9476	38	10157.78	10157	78	3
8703.39	8703	39	8426.79	8426	79	3
8239.24	8239	24	7480.41	7480	41	2
8331.66	8331	66	8614.67	8614	67	1
6939.82	6939	82	7819.08	7819	8	4
5674.1	5674	10	6181.23	6181	23	2
5828.51	5828	51	5925.04	5925	4	3
7051.38	7051	38	7705.64	7705	64	2
6257.57	6257	57	5540.97	5540	97	5
9851.43	9851	43	10848.66	10848	66	4
8442.48	8442	48	8759.49	8759	49	4
stocks
94.94	420762	94	1
