items_number
200
stocks_number
1
digit
6
items
832.525917	832	525917	842.525917	842	525917	5
687.948713	687	948713	697.948713	697	948713	1
759.046313	759	46313	769.046313	769	46313	1
858.781486	858	781486	868.781486	868	781486	4
937.125294	937	125294	947.125294	947	125294	3
782.08146	782	81460	792.08146	792	81460	1
618.107819	618	107819	628.107819	628	107819	3
923.599931	923	599931	933.599931	933	599931	2
804.953096	804	953096	814.953096	814	953096	4
995.547867	995	547867	1005.547867	1005	547867	1
903.088955	903	88955	913.088955	913	88955	2
927.794032	927	794032	937.794032	937	794032	3
571.877428	571	877428	581.877428	581	877428	4
899.751805	899	751805	909.751805	909	751805	4
912.125574	912	125574	922.125574	922	125574	2
902.364636	902	364636	912.364636	912	364636	5
881.933294	881	933294	891.933294	891	933294	3
807.955045	807	955045	817.955045	817	955045	5
509.64657	509	646570	519.64657	519	646570	2
604.039219	604	39219	614.039219	614	39219	5
578.294307	578	294307	588.294307	588	294307	4
742.509758	742	509758	752.509758	752	509758	4
834.962098	834	962098	844.962098	844	962098	2
908.507809	908	507809	918.507809	918	507809	4
547.074462	547	74462	557.074462	557	74462	4
775.431146	775	431146	785.431146	785	431146	1
590.739647	590	739647	600.739647	600	739647	3
737.475997	737	475997	747.475997	747	475997	1
926.695273	926	695273	936.695273	936	695273	3
772.60825	772	608250	782.60825	782	608250	2
882.205689	882	205689	892.205689	892	205689	2
503.22119	503	221190	513.22119	513	221190	2
960.073315	960	73315	970.073315	970	73315	4
641.252003	641	252003	651.252003	651	252003	5
607.002677	607	2677	617.002677	617	2677	2
896.714961	896	714961	906.714961	906	714961	1
669.333463	669	333463	679.333463	679	333463	5
725.626848	725	626848	735.626848	735	626848	4
564.831244	564	831244	574.831244	574	831244	4
973.802912	973	802912	983.802912	983	802912	5
966.691067	966	691067	976.691067	976	691067	4
713.9202	713	920200	723.9202	723	920200	2
646.596944	646	596944	656.596944	656	596944	4
537.084847	537	84847	547.084847	547	84847	2
612.672005	612	672005	622.672005	622	672005	5
557.238871	557	238871	567.238871	567	238871	1
685.965835	685	965835	695.965835	695	965835	3
739.605299	739	605299	749.605299	749	605299	5
610.710268	610	710268	620.710268	620	710268	5
942.612405	942	612405	952.612405	952	612405	4
843.16087	843	160870	853.16087	853	160870	1
689.004576	689	4576	699.004576	699	4576	5
930.122163	930	122163	940.122163	940	122163	5
677.63932	677	639320	687.63932	687	639320	4
596.028737	596	28737	606.028737	606	28737	3
977.712978	977	712978	987.712978	987	712978	5
698.070466	698	70466	708.070466	708	70466	1
933.284736	933	284736	943.284736	943	284736	1
714.188975	714	188975	724.188975	724	188975	5
870.76574	870	765740	880.76574	880	765740	3
952.892986	952	892986	962.892986	962	892986	4
842.911016	842	911016	852.911016	852	911016	4
873.98693	873	986930	883.98693	883	986930	4
911.482653	911	482653	921.482653	921	482653	3
983.163019	983	163019	993.163019	993	163019	3
980.505959	980	505959	990.505959	990	505959	2
552.197615	552	197615	562.197615	562	197615	3
652.012835	652	12835	662.012835	662	12835	2
951.649159	951	649159	961.649159	961	649159	5
863.028859	863	28859	873.028859	873	28859	4
871.815747	871	815747	881.815747	881	815747	2
917.856578	917	856578	927.856578	927	856578	3
576.949059	576	949059	586.949059	586	949059	5
516.929043	516	929043	526.929043	526	929043	5
700.941425	700	941425	710.941425	710	941425	1
935.621064	935	621064	945.621064	945	621064	2
820.167914	820	167914	830.167914	830	167914	5
885.423613	885	423613	895.423613	895	423613	5
673.742715	673	742715	683.742715	683	742715	1
931.394535	931	394535	941.394535	941	394535	1
826.55237	826	552370	836.55237	836	552370	5
516.903586	516	903586	526.903586	526	903586	3
866.915463	866	915463	876.915463	876	915463	5
756.674534	756	674534	766.674534	766	674534	4
940.542906	940	542906	950.542906	950	542906	3
708.9442	708	944200	718.9442	718	944200	3
979.903864	979	903864	989.903864	989	903864	3
884.129725	884	129725	894.129725	894	129725	3
888.228936	888	228936	898.228936	898	228936	5
939.609191	939	609191	949.609191	949	609191	5
753.895465	753	895465	763.895465	763	895465	2
585.638274	585	638274	595.638274	595	638274	3
781.520207	781	520207	791.520207	791	520207	3
872.398747	872	398747	882.398747	882	398747	2
996.120927	996	120927	1006.120927	1006	120927	2
763.683227	763	683227	773.683227	773	683227	5
597.904707	597	904707	607.904707	607	904707	3
794.318542	794	318542	804.318542	804	318542	2
915.212414	915	212414	925.212414	925	212414	3
547.070218	547	70218	557.070218	557	70218	2
656.863754	656	863754	666.863754	666	863754	5
532.028161	532	28161	542.028161	542	28161	4
710.443149	710	443149	720.443149	720	443149	1
979.812813	979	812813	989.812813	989	812813	4
548.957204	548	957204	558.957204	558	957204	1
910.900926	910	900926	920.900926	920	900926	3
913.433878	913	433878	923.433878	923	433878	5
615.641471	615	641471	625.641471	625	641471	2
795.324539	795	324539	805.324539	805	324539	2
586.692945	586	692945	596.692945	596	692945	2
792.036006	792	36006	802.036006	802	36006	3
867.87691	867	876910	877.87691	877	876910	1
849.112883	849	112883	859.112883	859	112883	1
657.951469	657	951469	667.951469	667	951469	4
622.067796	622	67796	632.067796	632	67796	2
534.172142	534	172142	544.172142	544	172142	3
611.412021	611	412021	621.412021	621	412021	3
848.97166	848	971660	858.97166	858	971660	1
664.301867	664	301867	674.301867	674	301867	2
745.157309	745	157309	755.157309	755	157309	2
786.580851	786	580851	796.580851	796	580851	5
663.197332	663	197332	673.197332	673	197332	3
830.795583	830	795583	840.795583	840	795583	2
566.101058	566	101058	576.101058	576	101058	2
534.596079	534	596079	544.596079	544	596079	4
571.432862	571	432862	581.432862	581	432862	3
830.300637	830	300637	840.300637	840	300637	3
631.017138	631	17138	641.017138	641	17138	3
611.267757	611	267757	621.267757	621	267757	1
991.029403	991	29403	1001.029403	1001	29403	1
925.603709	925	603709	935.603709	935	603709	4
514.131511	514	131511	524.131511	524	131511	5
522.057564	522	57564	532.057564	532	57564	1
635.046858	635	46858	645.046858	645	46858	1
993.944324	993	944324	1003.944324	1003	944324	1
818.531121	818	531121	828.531121	828	531121	1
791.947784	791	947784	801.947784	801	947784	3
906.894554	906	894554	916.894554	916	894554	2
933.688944	933	688944	943.688944	943	688944	3
832.272324	832	272324	842.272324	842	272324	4
738.103852	738	103852	748.103852	748	103852	4
724.241302	724	241302	734.241302	734	241302	2
699.665586	699	665586	709.665586	709	665586	2
586.216735	586	216735	596.216735	596	216735	1
627.709123	627	709123	637.709123	637	709123	5
567.733382	567	733382	577.733382	577	733382	5
867.388877	867	388877	877.388877	877	388877	4
985.121144	985	121144	995.121144	995	121144	3
915.221394	915	221394	925.221394	925	221394	5
530.690744	530	690744	540.690744	540	690744	2
730.278453	730	278453	740.278453	740	278453	1
701.318597	701	318597	711.318597	711	318597	5
693.404428	693	404428	703.404428	703	404428	2
806.590388	806	590388	816.590388	816	590388	2
767.936007	767	936007	777.936007	777	936007	3
727.000508	727	508	737.000508	737	508	2
878.539602	878	539602	888.539602	888	539602	2
843.236645	843	236645	853.236645	853	236645	1
604.533998	604	533998	614.533998	614	533998	5
735.807359	735	807359	745.807359	745	807359	2
834.266048	834	266048	844.266048	844	266048	3
775.137707	775	137707	785.137707	785	137707	5
749.455222	749	455222	759.455222	759	455222	4
602.839965	602	839965	612.839965	612	839965	3
910.184565	910	184565	920.184565	920	184565	1
742.915899	742	915899	752.915899	752	915899	1
920.887438	920	887438	930.887438	930	887438	4
948.13235	948	132350	958.13235	958	132350	3
894.326805	894	326805	904.326805	904	326805	2
598.576382	598	576382	608.576382	608	576382	3
779.404674	779	404674	789.404674	789	404674	4
878.430657	878	430657	888.430657	888	430657	2
822.817684	822	817684	832.817684	832	817684	1
978.07026	978	70260	988.07026	988	70260	2
710.163745	710	163745	720.163745	720	163745	3
695.526807	695	526807	705.526807	705	526807	2
545.319994	545	319994	555.319994	555	319994	1
576.552622	576	552622	586.552622	586	552622	3
680.164303	680	164303	690.164303	690	164303	4
706.541388	706	541388	716.541388	716	541388	5
606.759719	606	759719	616.759719	616	759719	4
656.442756	656	442756	666.442756	666	442756	2
907.376337	907	376337	917.376337	917	376337	1
545.164147	545	164147	555.164147	555	164147	5
708.549496	708	549496	718.549496	718	549496	3
921.312344	921	312344	931.312344	931	312344	1
518.164655	518	164655	528.164655	528	164655	2
832.60545	832	605450	842.60545	842	605450	1
509.065341	509	65341	519.065341	519	65341	3
622.698654	622	698654	632.698654	632	698654	3
567.929162	567	929162	577.929162	577	929162	5
843.33139	843	331390	853.33139	853	331390	5
643.352713	643	352713	653.352713	653	352713	2
816.384384	816	384384	826.384384	826	384384	3
692.687707	692	687707	702.687707	702	687707	4
553.537279	553	537279	563.537279	563	537279	2
804.816635	804	816635	814.816635	814	816635	5
858.575145	858	575145	868.575145	868	575145	4
747.669629	747	669629	757.669629	757	669629	2
697.143441	697	143441	707.143441	707	143441	1
stocks
423205.4232	51780	423205	1
