items_number
200
stocks_number
1
digit
4
items
8789.1363	8789	1363	8799.1363	8799	1363	5
7804.2989	7804	2989	7814.2989	7814	2989	1
6415.7786	6415	7786	6425.7786	6425	7786	2
9072.1103	9072	1103	9082.1103	9082	1103	5
5435.0785	5435	785	5445.0785	5445	785	4
6626.4851	6626	4851	6636.4851	6636	4851	5
9567.5893	9567	5893	9577.5893	9577	5893	2
9716.4661	9716	4661	9726.4661	9726	4661	4
6800.1299	6800	1299	6810.1299	6810	1299	1
7435.5221	7435	5221	7445.5221	7445	5221	2
8802.0855	8802	855	8812.0855	8812	855	3
6070.7697	6070	7697	6080.7697	6080	7697	5
6282.5749	6282	5749	6292.5749	6292	5749	5
5782.3729	5782	3729	5792.3729	5792	3729	3
9696.1284	9696	1284	9706.1284	9706	1284	4
9533.3333	9533	3333	9543.3333	9543	3333	3
7149.4898	7149	4898	7159.4898	7159	4898	3
8410.3092	8410	3092	8420.3092	8420	3092	5
7240.6243	7240	6243	7250.6243	7250	6243	5
8619.5468	8619	5468	8629.5468	8629	5468	5
9791.1166	9791	1166	9801.1166	9801	1166	1
8927.095	8927	950	8937.095	8937	950	4
8370.0272	8370	272	8380.0272	8380	272	2
5006.6257	5006	6257	5016.6257	5016	6257	5
8840.1448	8840	1448	8850.1448	8850	1448	3
5469.8326	5469	8326	5479.8326	5479	8326	1
5929.4198	5929	4198	5939.4198	5939	4198	1
7660.4375	7660	4375	7670.4375	7670	4375	4
6212.187	6212	1870	6222.187	6222	1870	2
6249.2502	6249	2502	6259.2502	6259	2502	5
7693.7158	7693	7158	7703.7158	7703	7158	3
5000.9586	5000	9586	5010.9586	5010	9586	3
9054.1843	9054	1843	9064.1843	9064	1843	1
9871.4945	9871	4945	9881.4945	9881	4945	2
9836.7041	9836	7041	9846.7041	9846	7041	2
5251.2629	5251	2629	5261.2629	5261	2629	1
7260.6148	7260	6148	7270.6148	7270	6148	1
9402.2934	9402	2934	9412.2934	9412	2934	3
9967.3642	9967	3642	9977.3642	9977	3642	1
9060.7447	9060	7447	9070.7447	9070	7447	3
6837.8155	6837	8155	6847.8155	6847	8155	5
9531.4497	9531	4497	9541.4497	9541	4497	4
5893.5145	5893	5145	5903.5145	5903	5145	2
8119.0256	8119	256	8129.0256	8129	256	4
6076.4578	6076	4578	6086.4578	6086	4578	1
5588.2781	5588	2781	5598.2781	5598	2781	2
8415.3589	8415	3589	8425.3589	8425	3589	3
8225.9476	8225	9476	8235.9476	8235	9476	3
8999.2225	8999	2225	9009.2225	9009	2225	4
6417.9833	6417	9833	6427.9833	6427	9833	4
6843.4945	6843	4945	6853.4945	6853	4945	4
9552.9743	9552	9743	9562.9743	9562	9743	1
6106.7135	6106	7135	6116.7135	6116	7135	5
5212.1569	5212	1569	5222.1569	5222	1569	2
5320.2352	5320	2352	5330.2352	5330	2352	5
9946.4935	9946	4935	9956.4935	9956	4935	2
6444.9896	6444	9896	6454.9896	6454	9896	2
6250.2902	6250	2902	6260.2902	6260	2902	2
8368.9311	8368	9311	8378.9311	8378	9311	5
8420.1766	8420	1766	8430.1766	8430	1766	1
7499.5404	7499	5404	7509.5404	7509	5404	2
6823.6469	6823	6469	6833.6469	6833	6469	5
8420.7704	8420	7704	8430.7704	8430	7704	3
7315.7248	7315	7248	7325.7248	7325	7248	4
6694.7766	6694	7766	6704.7766	6704	7766	1
8255.4745	8255	4745	8265.4745	8265	4745	5
8329.9877	8329	9877	8339.9877	8339	9877	4
8954.3914	8954	3914	8964.3914	8964	3914	3
7657.4031	7657	4031	7667.4031	7667	4031	4
9059.9871	9059	9871	9069.9871	9069	9871	5
8013.1362	8013	1362	8023.1362	8023	1362	2
5256.8539	5256	8539	5266.8539	5266	8539	3
8589.4368	8589	4368	8599.4368	8599	4368	5
9669.2859	9669	2859	9679.2859	9679	2859	5
8375.8795	8375	8795	8385.8795	8385	8795	4
5427.5298	5427	5298	5437.5298	5437	5298	5
5257.1992	5257	1992	5267.1992	5267	1992	1
7552.2385	7552	2385	7562.2385	7562	2385	1
8652.4775	8652	4775	8662.4775	8662	4775	5
5018.4217	5018	4217	5028.4217	5028	4217	4
8969.857	8969	8570	8979.857	8979	8570	2
6257.6072	6257	6072	6267.6072	6267	6072	3
9570.396	9570	3960	9580.396	9580	3960	1
5074.2057	5074	2057	5084.2057	5084	2057	1
7233.7641	7233	7641	7243.7641	7243	7641	5
9890.2664	9890	2664	9900.2664	9900	2664	3
5019.3345	5019	3345	5029.3345	5029	3345	2
9440.3889	9440	3889	9450.3889	9450	3889	3
6902.5566	6902	5566	6912.5566	6912	5566	4
9151.2656	9151	2656	9161.2656	9161	2656	4
7859.5656	7859	5656	7869.5656	7869	5656	3
9402.0971	9402	971	9412.0971	9412	971	5
5973.5477	5973	5477	5983.5477	5983	5477	3
6279.9712	6279	9712	6289.9712	6289	9712	3
7479.8219	7479	8219	7489.8219	7489	8219	3
8430.9596	8430	9596	8440.9596	8440	9596	5
5296.081	5296	810	5306.081	5306	810	2
6571.4448	6571	4448	6581.4448	6581	4448	4
7383.351	7383	3510	7393.351	7393	3510	4
8716.4841	8716	4841	8726.4841	8726	4841	2
5629.0671	5629	671	5639.0671	5639	671	3
6159.1224	6159	1224	6169.1224	6169	1224	5
8972.338	8972	3380	8982.338	8982	3380	5
9981.1391	9981	1391	9991.1391	9991	1391	4
5827.0435	5827	435	5837.0435	5837	435	4
8110.8528	8110	8528	8120.8528	8120	8528	5
5408.6689	5408	6689	5418.6689	5418	6689	3
6084.2427	6084	2427	6094.2427	6094	2427	4
5661.0913	5661	913	5671.0913	5671	913	2
9823.7816	9823	7816	9833.7816	9833	7816	2
6865.2996	6865	2996	6875.2996	6875	2996	5
9631.5835	9631	5835	9641.5835	9641	5835	3
6080.024	6080	240	6090.024	6090	240	5
7197.3308	7197	3308	7207.3308	7207	3308	5
9705.4244	9705	4244	9715.4244	9715	4244	3
9076.7882	9076	7882	9086.7882	9086	7882	1
7850.5972	7850	5972	7860.5972	7860	5972	2
5487.7589	5487	7589	5497.7589	5497	7589	2
8515.8123	8515	8123	8525.8123	8525	8123	3
9752.1539	9752	1539	9762.1539	9762	1539	1
9638.6597	9638	6597	9648.6597	9648	6597	2
6374.0131	6374	131	6384.0131	6384	131	3
9916.8862	9916	8862	9926.8862	9926	8862	2
6373.8427	6373	8427	6383.8427	6383	8427	1
8416.9844	8416	9844	8426.9844	8426	9844	5
8158.3433	8158	3433	8168.3433	8168	3433	2
9804.8023	9804	8023	9814.8023	9814	8023	2
9475.7006	9475	7006	9485.7006	9485	7006	3
9729.7881	9729	7881	9739.7881	9739	7881	5
7186.7885	7186	7885	7196.7885	7196	7885	5
8191.8199	8191	8199	8201.8199	8201	8199	4
5357.4904	5357	4904	5367.4904	5367	4904	4
9108.911	9108	9110	9118.911	9118	9110	4
7162.7932	7162	7932	7172.7932	7172	7932	5
6100.6295	6100	6295	6110.6295	6110	6295	2
5698.9545	5698	9545	5708.9545	5708	9545	2
5271.646	5271	6460	5281.646	5281	6460	4
7271.2984	7271	2984	7281.2984	7281	2984	1
7545.8325	7545	8325	7555.8325	7555	8325	2
5933.3725	5933	3725	5943.3725	5943	3725	1
7094.0801	7094	801	7104.0801	7104	801	3
9411.7673	9411	7673	9421.7673	9421	7673	1
6326.956	6326	9560	6336.956	6336	9560	5
8937.1041	8937	1041	8947.1041	8947	1041	4
6607.0982	6607	982	6617.0982	6617	982	3
6030.0156	6030	156	6040.0156	6040	156	5
8012.5275	8012	5275	8022.5275	8022	5275	1
9457.3306	9457	3306	9467.3306	9467	3306	1
7280.7746	7280	7746	7290.7746	7290	7746	1
7289.3399	7289	3399	7299.3399	7299	3399	3
9209.1197	9209	1197	9219.1197	9219	1197	3
7680.0695	7680	695	7690.0695	7690	695	4
9426.353	9426	3530	9436.353	9436	3530	2
9887.0059	9887	59	9897.0059	9897	59	5
9054.5474	9054	5474	9064.5474	9064	5474	4
7841.9726	7841	9726	7851.9726	7851	9726	1
8044.3492	8044	3492	8054.3492	8054	3492	3
9620.3497	9620	3497	9630.3497	9630	3497	5
7316.6732	7316	6732	7326.6732	7326	6732	3
7772.7725	7772	7725	7782.7725	7782	7725	2
7568.1383	7568	1383	7578.1383	7578	1383	4
6269.4932	6269	4932	6279.4932	6279	4932	2
8892.2629	8892	2629	8902.2629	8902	2629	2
6676.6845	6676	6845	6686.6845	6686	6845	4
8431.2864	8431	2864	8441.2864	8441	2864	1
9993.8924	9993	8924	10003.8924	10003	8924	5
7374.2742	7374	2742	7384.2742	7384	2742	5
9466.9324	9466	9324	9476.9324	9476	9324	2
7263.1909	7263	1909	7273.1909	7273	1909	5
5681.1067	5681	1067	5691.1067	5691	1067	1
6161.9401	6161	9401	6171.9401	6171	9401	4
5119.9062	5119	9062	5129.9062	5129	9062	4
5091.5093	5091	5093	5101.5093	5101	5093	4
7487.5313	7487	5313	7497.5313	7497	5313	3
9056.6455	9056	6455	9066.6455	9066	6455	4
6699.2427	6699	2427	6709.2427	6709	2427	3
9280.5469	9280	5469	9290.5469	9290	5469	2
7830.1731	7830	1731	7840.1731	7840	1731	4
6918.5733	6918	5733	6928.5733	6928	5733	3
7323.9567	7323	9567	7333.9567	7333	9567	4
5119.1482	5119	1482	5129.1482	5129	1482	4
6889.3283	6889	3283	6899.3283	6899	3283	1
5002.0263	5002	263	5012.0263	5012	263	2
5307.1364	5307	1364	5317.1364	5317	1364	5
6776.3342	6776	3342	6786.3342	6786	3342	2
9819.5737	9819	5737	9829.5737	9829	5737	2
8912.1091	8912	1091	8922.1091	8922	1091	1
5582.3187	5582	3187	5592.3187	5592	3187	4
9438.5587	9438	5587	9448.5587	9448	5587	3
6990.4175	6990	4175	7000.4175	7000	4175	5
8355.0912	8355	912	8365.0912	8365	912	2
7769.3322	7769	3322	7779.3322	7779	3322	1
8259.9107	8259	9107	8269.9107	8269	9107	3
7246.9894	7246	9894	7256.9894	7256	9894	3
9445.0167	9445	167	9455.0167	9455	167	4
6689.8323	6689	8323	6699.8323	6699	8323	4
8001.8818	8001	8818	8011.8818	8011	8818	2
7581.2909	7581	2909	7591.2909	7591	2909	5
6917.3999	6917	3999	6927.3999	6927	3999	2
6027.7079	6027	7079	6037.7079	6037	7079	1
stocks
1640.164	393242	1640	1
