items_number
200
stocks_number
1
digit
4
items
9036.8457	9036	8457	9046.8457	9046	8457	5
8344.4691	8344	4691	8354.4691	8354	4691	5
9598.8621	9598	8621	9608.8621	9608	8621	3
5513.6501	5513	6501	5523.6501	5523	6501	2
6387.1234	6387	1234	6397.1234	6397	1234	3
8755.4559	8755	4559	8765.4559	8765	4559	3
8921.0471	8921	471	8931.0471	8931	471	5
6005.5133	6005	5133	6015.5133	6015	5133	2
8024.1593	8024	1593	8034.1593	8034	1593	5
5670.8132	5670	8132	5680.8132	5680	8132	3
5107.3878	5107	3878	5117.3878	5117	3878	2
5169.4999	5169	4999	5179.4999	5179	4999	2
7344.3095	7344	3095	7354.3095	7354	3095	2
5329.8313	5329	8313	5339.8313	5339	8313	3
9711.3065	9711	3065	9721.3065	9721	3065	2
6551.9656	6551	9656	6561.9656	6561	9656	5
8926.2079	8926	2079	8936.2079	8936	2079	2
9131.6952	9131	6952	9141.6952	9141	6952	5
5726.0361	5726	361	5736.0361	5736	361	5
5245.9116	5245	9116	5255.9116	5255	9116	5
8812.8401	8812	8401	8822.8401	8822	8401	5
6695.476	6695	4760	6705.476	6705	4760	1
7708.5687	7708	5687	7718.5687	7718	5687	2
6299.0267	6299	267	6309.0267	6309	267	3
6860.1744	6860	1744	6870.1744	6870	1744	3
9701.04	9701	400	9711.04	9711	400	1
5494.4726	5494	4726	5504.4726	5504	4726	3
6159.6211	6159	6211	6169.6211	6169	6211	4
6475.2545	6475	2545	6485.2545	6485	2545	5
8501.7254	8501	7254	8511.7254	8511	7254	1
7587.5086	7587	5086	7597.5086	7597	5086	4
6273.1003	6273	1003	6283.1003	6283	1003	1
6844.8297	6844	8297	6854.8297	6854	8297	2
7184.3707	7184	3707	7194.3707	7194	3707	1
6787.3856	6787	3856	6797.3856	6797	3856	5
8994.9532	8994	9532	9004.9532	9004	9532	1
6702.8266	6702	8266	6712.8266	6712	8266	5
6470.4327	6470	4327	6480.4327	6480	4327	4
5761.4665	5761	4665	5771.4665	5771	4665	5
5488.6211	5488	6211	5498.6211	5498	6211	5
7903.2459	7903	2459	7913.2459	7913	2459	3
5868.4895	5868	4895	5878.4895	5878	4895	1
5658.121	5658	1210	5668.121	5668	1210	3
5246.1906	5246	1906	5256.1906	5256	1906	4
6961.956	6961	9560	6971.956	6971	9560	5
6131.0628	6131	628	6141.0628	6141	628	5
6798.1563	6798	1563	6808.1563	6808	1563	3
5886.164	5886	1640	5896.164	5896	1640	2
5261.3932	5261	3932	5271.3932	5271	3932	1
7524.1924	7524	1924	7534.1924	7534	1924	5
6895.7108	6895	7108	6905.7108	6905	7108	1
9073.2333	9073	2333	9083.2333	9083	2333	5
9982.3036	9982	3036	9992.3036	9992	3036	2
9603.9147	9603	9147	9613.9147	9613	9147	5
6135.8953	6135	8953	6145.8953	6145	8953	4
7604.1133	7604	1133	7614.1133	7614	1133	5
9303.9547	9303	9547	9313.9547	9313	9547	2
6629.0031	6629	31	6639.0031	6639	31	1
9527.7344	9527	7344	9537.7344	9537	7344	5
6540.2092	6540	2092	6550.2092	6550	2092	3
5129.7286	5129	7286	5139.7286	5139	7286	3
7113.243	7113	2430	7123.243	7123	2430	5
7813.9447	7813	9447	7823.9447	7823	9447	3
7736.5583	7736	5583	7746.5583	7746	5583	1
5059.2489	5059	2489	5069.2489	5069	2489	3
5362.3303	5362	3303	5372.3303	5372	3303	4
7493.1467	7493	1467	7503.1467	7503	1467	2
6761.7107	6761	7107	6771.7107	6771	7107	2
6832.7631	6832	7631	6842.7631	6842	7631	3
8254.2485	8254	2485	8264.2485	8264	2485	3
8013.3318	8013	3318	8023.3318	8023	3318	3
9736.6442	9736	6442	9746.6442	9746	6442	5
9886.738	9886	7380	9896.738	9896	7380	3
8671.088	8671	880	8681.088	8681	880	3
9982.4701	9982	4701	9992.4701	9992	4701	1
6846.6941	6846	6941	6856.6941	6856	6941	3
9802.1508	9802	1508	9812.1508	9812	1508	4
7542.6264	7542	6264	7552.6264	7552	6264	5
7732.4933	7732	4933	7742.4933	7742	4933	4
5825.544	5825	5440	5835.544	5835	5440	4
5828.454	5828	4540	5838.454	5838	4540	1
9627.8393	9627	8393	9637.8393	9637	8393	1
5660.4126	5660	4126	5670.4126	5670	4126	3
5809.7577	5809	7577	5819.7577	5819	7577	3
9992.754	9992	7540	10002.754	10002	7540	2
6795.9431	6795	9431	6805.9431	6805	9431	1
9177.871	9177	8710	9187.871	9187	8710	2
5056.7087	5056	7087	5066.7087	5066	7087	5
8424.9462	8424	9462	8434.9462	8434	9462	3
8703.2406	8703	2406	8713.2406	8713	2406	3
6596.5531	6596	5531	6606.5531	6606	5531	2
9316.31	9316	3100	9326.31	9326	3100	1
6578.1188	6578	1188	6588.1188	6588	1188	4
5172.4979	5172	4979	5182.4979	5182	4979	2
7052.5036	7052	5036	7062.5036	7062	5036	1
6637.3677	6637	3677	6647.3677	6647	3677	1
5534.8282	5534	8282	5544.8282	5544	8282	5
9545.6503	9545	6503	9555.6503	9555	6503	4
9162.7136	9162	7136	9172.7136	9172	7136	5
8130.2265	8130	2265	8140.2265	8140	2265	4
8561.8988	8561	8988	8571.8988	8571	8988	1
7174.6806	7174	6806	7184.6806	7184	6806	4
7865.506	7865	5060	7875.506	7875	5060	1
8446.2721	8446	2721	8456.2721	8456	2721	4
6607.7686	6607	7686	6617.7686	6617	7686	1
8609.9761	8609	9761	8619.9761	8619	9761	1
5291.9662	5291	9662	5301.9662	5301	9662	3
7171.5547	7171	5547	7181.5547	7181	5547	1
6914.2377	6914	2377	6924.2377	6924	2377	5
8787.0947	8787	947	8797.0947	8797	947	3
7996.7339	7996	7339	8006.7339	8006	7339	4
7742.3269	7742	3269	7752.3269	7752	3269	1
9176.934	9176	9340	9186.934	9186	9340	5
9419.7817	9419	7817	9429.7817	9429	7817	3
9315.0846	9315	846	9325.0846	9325	846	3
9168.688	9168	6880	9178.688	9178	6880	2
6214.36	6214	3600	6224.36	6224	3600	5
8491.5908	8491	5908	8501.5908	8501	5908	1
9224.0319	9224	319	9234.0319	9234	319	3
5400.9415	5400	9415	5410.9415	5410	9415	3
7193.4666	7193	4666	7203.4666	7203	4666	5
6583.2202	6583	2202	6593.2202	6593	2202	5
9717.2515	9717	2515	9727.2515	9727	2515	3
8771.5854	8771	5854	8781.5854	8781	5854	3
6755.3533	6755	3533	6765.3533	6765	3533	1
7531.3903	7531	3903	7541.3903	7541	3903	5
6170.5883	6170	5883	6180.5883	6180	5883	4
8052.8168	8052	8168	8062.8168	8062	8168	2
7838.6759	7838	6759	7848.6759	7848	6759	4
5331.3019	5331	3019	5341.3019	5341	3019	5
6181.6785	6181	6785	6191.6785	6191	6785	1
6398.2099	6398	2099	6408.2099	6408	2099	4
8268.6177	8268	6177	8278.6177	8278	6177	3
9809.1845	9809	1845	9819.1845	9819	1845	1
9845.482	9845	4820	9855.482	9855	4820	4
5637.0216	5637	216	5647.0216	5647	216	4
9181.7958	9181	7958	9191.7958	9191	7958	3
5898.0834	5898	834	5908.0834	5908	834	3
7808.5763	7808	5763	7818.5763	7818	5763	4
6094.0335	6094	335	6104.0335	6104	335	4
9685.1781	9685	1781	9695.1781	9695	1781	5
6566.9454	6566	9454	6576.9454	6576	9454	5
8836.3605	8836	3605	8846.3605	8846	3605	4
9624.7473	9624	7473	9634.7473	9634	7473	5
6748.3624	6748	3624	6758.3624	6758	3624	2
8150.0803	8150	803	8160.0803	8160	803	3
9554.0705	9554	705	9564.0705	9564	705	3
7962.7224	7962	7224	7972.7224	7972	7224	2
7403.3064	7403	3064	7413.3064	7413	3064	5
9540.1024	9540	1024	9550.1024	9550	1024	5
9125.6639	9125	6639	9135.6639	9135	6639	1
9596.773	9596	7730	9606.773	9606	7730	4
6122.9579	6122	9579	6132.9579	6132	9579	1
9604.5507	9604	5507	9614.5507	9614	5507	5
9129.9937	9129	9937	9139.9937	9139	9937	4
8640.3112	8640	3112	8650.3112	8650	3112	3
7134.5762	7134	5762	7144.5762	7144	5762	4
5299.582	5299	5820	5309.582	5309	5820	4
6692.7632	6692	7632	6702.7632	6702	7632	5
5734.2521	5734	2521	5744.2521	5744	2521	4
6393.5192	6393	5192	6403.5192	6403	5192	3
8636.4418	8636	4418	8646.4418	8646	4418	2
7133.4621	7133	4621	7143.4621	7143	4621	5
5424.1369	5424	1369	5434.1369	5434	1369	5
8445.6263	8445	6263	8455.6263	8455	6263	4
7740.5793	7740	5793	7750.5793	7750	5793	5
6061.1585	6061	1585	6071.1585	6071	1585	3
7625.0574	7625	574	7635.0574	7635	574	1
8638.6628	8638	6628	8648.6628	8648	6628	3
9633.37	9633	3700	9643.37	9643	3700	4
9482.7261	9482	7261	9492.7261	9492	7261	4
9086.4761	9086	4761	9096.4761	9096	4761	2
6961.9507	6961	9507	6971.9507	6971	9507	3
8317.0866	8317	866	8327.0866	8327	866	5
9472.2235	9472	2235	9482.2235	9482	2235	3
8709.3131	8709	3131	8719.3131	8719	3131	1
7230.8022	7230	8022	7240.8022	7240	8022	4
9025.294	9025	2940	9035.294	9035	2940	5
7433.6707	7433	6707	7443.6707	7443	6707	4
9633.7438	9633	7438	9643.7438	9643	7438	4
8564.0317	8564	317	8574.0317	8574	317	2
7321.9699	7321	9699	7331.9699	7331	9699	4
9992.152	9992	1520	10002.152	10002	1520	4
9687.6248	9687	6248	9697.6248	9697	6248	4
6924.5206	6924	5206	6934.5206	6934	5206	3
9120.1457	9120	1457	9130.1457	9130	1457	2
9089.936	9089	9360	9099.936	9099	9360	2
9822.732	9822	7320	9832.732	9832	7320	4
5181.7278	5181	7278	5191.7278	5191	7278	5
5780.3345	5780	3345	5790.3345	5790	3345	3
5555.6194	5555	6194	5565.6194	5565	6194	2
6575.8822	6575	8822	6585.8822	6585	8822	4
5179.7763	5179	7763	5189.7763	5189	7763	4
8451.7167	8451	7167	8461.7167	8461	7167	3
6999.0191	6999	191	7009.0191	7009	191	4
8624.0378	8624	378	8634.0378	8634	378	2
6953.296	6953	2960	6963.296	6963	2960	3
8823.8129	8823	8129	8833.8129	8833	8129	3
7011.0952	7011	952	7021.0952	7021	952	4
6354.9588	6354	9588	6364.9588	6364	9588	5
stocks
4016.4016	525917	4016	1
