items_number
200
stocks_number
1
digit
2
items
9595.81	9595	81	9605.81	9605	81	4
9623.86	9623	86	9633.86	9633	86	1
5917.43	5917	43	5927.43	5927	43	1
8736.81	8736	81	8746.81	8746	81	2
7510.05	7510	5	7520.05	7520	5	4
5053.38	5053	38	5063.38	5063	38	4
8936.8	8936	80	8946.8	8946	80	5
6024.38	6024	38	6034.38	6034	38	5
7488.45	7488	45	7498.45	7498	45	3
5557.45	5557	45	5567.45	5567	45	1
8665.88	8665	88	8675.88	8675	88	4
5446.11	5446	11	5456.11	5456	11	5
9270.98	9270	98	9280.98	9280	98	5
7947.35	7947	35	7957.35	7957	35	4
7913.23	7913	23	7923.23	7923	23	1
7921.9	7921	90	7931.9	7931	90	2
5977.91	5977	91	5987.91	5987	91	4
6919.44	6919	44	6929.44	6929	44	5
5455.89	5455	89	5465.89	5465	89	4
6644.4	6644	40	6654.4	6654	40	2
5850.48	5850	48	5860.48	5860	48	4
8874.84	8874	84	8884.84	8884	84	5
9898.23	9898	23	9908.23	9908	23	5
9379.63	9379	63	9389.63	9389	63	5
7647.28	7647	28	7657.28	7657	28	2
6389.23	6389	23	6399.23	6399	23	2
9206.23	9206	23	9216.23	9216	23	4
9973.59	9973	59	9983.59	9983	59	5
6272.76	6272	76	6282.76	6282	76	3
7698.8	7698	80	7708.8	7708	80	4
7490.44	7490	44	7500.44	7500	44	2
6630.57	6630	57	6640.57	6640	57	2
7320.18	7320	18	7330.18	7330	18	1
8407.87	8407	87	8417.87	8417	87	4
5365.9	5365	90	5375.9	5375	90	5
9830.24	9830	24	9840.24	9840	24	5
9223.26	9223	26	9233.26	9233	26	3
9301.7	9301	70	9311.7	9311	70	1
5854.62	5854	62	5864.62	5864	62	1
6711.23	6711	23	6721.23	6721	23	2
9859.16	9859	16	9869.16	9869	16	1
5281.03	5281	3	5291.03	5291	3	5
7157.34	7157	34	7167.34	7167	34	1
9891.66	9891	66	9901.66	9901	66	2
8229.9	8229	90	8239.9	8239	90	3
5832.09	5832	9	5842.09	5842	9	3
8574.56	8574	56	8584.56	8584	56	4
9969.81	9969	81	9979.81	9979	81	3
8514.53	8514	53	8524.53	8524	53	2
9030.97	9030	97	9040.97	9040	97	4
6612.21	6612	21	6622.21	6622	21	5
5127.02	5127	2	5137.02	5137	2	3
7903.33	7903	33	7913.33	7913	33	5
6509.96	6509	96	6519.96	6519	96	1
5268.17	5268	17	5278.17	5278	17	4
5550.61	5550	61	5560.61	5560	61	1
8661.72	8661	72	8671.72	8671	72	2
9474.4	9474	40	9484.4	9484	40	2
5522.72	5522	72	5532.72	5532	72	2
5696	5696	0	5706	5706	0	2
7171.2	7171	20	7181.2	7181	20	2
8775.17	8775	17	8785.17	8785	17	1
7326.57	7326	57	7336.57	7336	57	3
9491.38	9491	38	9501.38	9501	38	3
7181.56	7181	56	7191.56	7191	56	4
7691.99	7691	99	7701.99	7701	99	4
5083.62	5083	62	5093.62	5093	62	2
6403.34	6403	34	6413.34	6413	34	3
7754.69	7754	69	7764.69	7764	69	4
6700.77	6700	77	6710.77	6710	77	4
8114.09	8114	9	8124.09	8124	9	4
8375.37	8375	37	8385.37	8385	37	1
6981.32	6981	32	6991.32	6991	32	3
6033.95	6033	95	6043.95	6043	95	1
8265.04	8265	4	8275.04	8275	4	3
5209.22	5209	22	5219.22	5219	22	3
7629.05	7629	5	7639.05	7639	5	4
6839.12	6839	12	6849.12	6849	12	3
5941.03	5941	3	5951.03	5951	3	2
6142.1	6142	10	6152.1	6152	10	2
5868.62	5868	62	5878.62	5878	62	1
7553.76	7553	76	7563.76	7563	76	1
6269.12	6269	12	6279.12	6279	12	4
9534.47	9534	47	9544.47	9544	47	2
9826.24	9826	24	9836.24	9836	24	3
6538.29	6538	29	6548.29	6548	29	2
5083.61	5083	61	5093.61	5093	61	2
9249.48	9249	48	9259.48	9259	48	5
6011.21	6011	21	6021.21	6021	21	5
6368.85	6368	85	6378.85	6378	85	1
9945.48	9945	48	9955.48	9955	48	1
8946.93	8946	93	8956.93	8956	93	2
5142.02	5142	2	5152.02	5152	2	1
8033.57	8033	57	8043.57	8043	57	5
9199.84	9199	84	9209.84	9209	84	4
8086.11	8086	11	8096.11	8096	11	4
6486.56	6486	56	6496.56	6496	56	5
9282.98	9282	98	9292.98	9292	98	2
9490.97	9490	97	9500.97	9500	97	2
9241.26	9241	26	9251.26	9251	26	3
5981.27	5981	27	5991.27	5991	27	5
8366.07	8366	7	8376.07	8376	7	2
7615.63	7615	63	7625.63	7625	63	5
7963.59	7963	59	7973.59	7973	59	5
5162.02	5162	2	5172.02	5172	2	5
6643.19	6643	19	6653.19	6653	19	2
8935.81	8935	81	8945.81	8945	81	4
7791.07	7791	7	7801.07	7801	7	5
9245.84	9245	84	9255.84	9255	84	4
9876.36	9876	36	9886.36	9886	36	5
8933.7	8933	70	8943.7	8943	70	1
5875.46	5875	46	5885.46	5885	46	1
7429.64	7429	64	7439.64	7439	64	3
5965.82	5965	82	5975.82	5975	82	2
5408.93	5408	93	5418.93	5418	93	2
8017.41	8017	41	8027.41	8027	41	5
7503.64	7503	64	7513.64	7513	64	5
5492.06	5492	6	5502.06	5502	6	1
7265.89	7265	89	7275.89	7275	89	1
9277.37	9277	37	9287.37	9287	37	5
7623.92	7623	92	7633.92	7633	92	1
7210.38	7210	38	7220.38	7220	38	3
8222.31	8222	31	8232.31	8232	31	1
8529.46	8529	46	8539.46	8539	46	1
6005.95	6005	95	6015.95	6015	95	4
7421.67	7421	67	7431.67	7431	67	1
6614.57	6614	57	6624.57	6624	57	1
7492.52	7492	52	7502.52	7502	52	3
7465.65	7465	65	7475.65	7475	65	2
6866.55	6866	55	6876.55	6876	55	2
7495.3	7495	30	7505.3	7505	30	2
8447.93	8447	93	8457.93	8457	93	3
5232.14	5232	14	5242.14	5242	14	1
5872.45	5872	45	5882.45	5882	45	2
7172.52	7172	52	7182.52	7182	52	2
6157.16	6157	16	6167.16	6167	16	5
7515.65	7515	65	7525.65	7525	65	3
6869.86	6869	86	6879.86	6879	86	2
8948.76	8948	76	8958.76	8958	76	4
7522.01	7522	1	7532.01	7532	1	4
6745.22	6745	22	6755.22	6755	22	2
8643.46	8643	46	8653.46	8653	46	1
8397.47	8397	47	8407.47	8407	47	4
9937.39	9937	39	9947.39	9947	39	1
9608.8	9608	80	9618.8	9618	80	2
8806.92	8806	92	8816.92	8816	92	3
8716.8	8716	80	8726.8	8726	80	5
7110.96	7110	96	7120.96	7120	96	4
5060.99	5060	99	5070.99	5070	99	5
5980.69	5980	69	5990.69	5990	69	1
7150.34	7150	34	7160.34	7160	34	3
7683.91	7683	91	7693.91	7693	91	5
8953.59	8953	59	8963.59	8963	59	5
6134.17	6134	17	6144.17	6144	17	5
6211.37	6211	37	6221.37	6221	37	2
9959.07	9959	7	9969.07	9969	7	4
9318.84	9318	84	9328.84	9328	84	2
8589.47	8589	47	8599.47	8599	47	2
8213.59	8213	59	8223.59	8223	59	1
6783.49	6783	49	6793.49	6793	49	3
5454.54	5454	54	5464.54	5464	54	1
5707.41	5707	41	5717.41	5717	41	5
5992.42	5992	42	6002.42	6002	42	2
6449.68	6449	68	6459.68	6459	68	1
7342.86	7342	86	7352.86	7352	86	1
8927.47	8927	47	8937.47	8937	47	1
7606.36	7606	36	7616.36	7616	36	5
9858.03	9858	3	9868.03	9868	3	5
5795.33	5795	33	5805.33	5805	33	2
6553.64	6553	64	6563.64	6563	64	5
8142.04	8142	4	8152.04	8152	4	5
8303.07	8303	7	8313.07	8313	7	5
5959.1	5959	10	5969.1	5969	10	5
6539.51	6539	51	6549.51	6549	51	4
9002.46	9002	46	9012.46	9012	46	5
5566.43	5566	43	5576.43	5576	43	2
5344.96	5344	96	5354.96	5354	96	3
7717.78	7717	78	7727.78	7727	78	5
8440.39	8440	39	8450.39	8450	39	5
6167.47	6167	47	6177.47	6177	47	2
8698	8698	0	8708	8708	0	2
5589.73	5589	73	5599.73	5599	73	4
8850.9	8850	90	8860.9	8860	90	3
8413.11	8413	11	8423.11	8423	11	1
7486.9	7486	90	7496.9	7496	90	5
5824.79	5824	79	5834.79	5834	79	4
8371.18	8371	18	8381.18	8381	18	1
6804.74	6804	74	6814.74	6814	74	1
9413.26	9413	26	9423.26	9423	26	5
6583.29	6583	29	6593.29	6593	29	2
8587.76	8587	76	8597.76	8597	76	5
5629.32	5629	32	5639.32	5639	32	2
8053.7	8053	70	8063.7	8063	70	3
5341.7	5341	70	5351.7	5351	70	1
7079.52	7079	52	7089.52	7089	52	2
5395.57	5395	57	5405.57	5405	57	3
9268.17	9268	17	9278.17	9278	17	1
9685.89	9685	89	9695.89	9695	89	3
6015.6	6015	60	6025.6	6025	60	4
5825.02	5825	2	5835.02	5835	2	5
stocks
97.97	387597	97	1
