items_number
200
stocks_number
1
digit
4
items
5638.6245	5638	6245	5648.6245	5648	6245	2
8962.5916	8962	5916	8972.5916	8972	5916	2
5667.2002	5667	2002	5677.2002	5677	2002	4
5992.3481	5992	3481	6002.3481	6002	3481	4
6759.9743	6759	9743	6769.9743	6769	9743	5
9569.8976	9569	8976	9579.8976	9579	8976	2
7547.1148	7547	1148	7557.1148	7557	1148	2
8724.5177	8724	5177	8734.5177	8734	5177	5
8224.3023	8224	3023	8234.3023	8234	3023	2
5523.8649	5523	8649	5533.8649	5533	8649	1
7255.7971	7255	7971	7265.7971	7265	7971	5
9023.2785	9023	2785	9033.2785	9033	2785	5
6059.0178	6059	178	6069.0178	6069	178	1
7404.8193	7404	8193	7414.8193	7414	8193	1
8284.4321	8284	4321	8294.4321	8294	4321	2
9223.3772	9223	3772	9233.3772	9233	3772	4
5889.6068	5889	6068	5899.6068	5899	6068	2
9489.7271	9489	7271	9499.7271	9499	7271	1
7653.8622	7653	8622	7663.8622	7663	8622	2
8879.4362	8879	4362	8889.4362	8889	4362	4
5758.0592	5758	592	5768.0592	5768	592	5
8649.1561	8649	1561	8659.1561	8659	1561	2
9813.8411	9813	8411	9823.8411	9823	8411	2
6998.375	6998	3750	7008.375	7008	3750	4
7441.1604	7441	1604	7451.1604	7451	1604	2
6574.3121	6574	3121	6584.3121	6584	3121	3
6393.4139	6393	4139	6403.4139	6403	4139	4
8452.6938	8452	6938	8462.6938	8462	6938	5
9905.5895	9905	5895	9915.5895	9915	5895	4
5728.3897	5728	3897	5738.3897	5738	3897	5
7346.2776	7346	2776	7356.2776	7356	2776	5
5542.214	5542	2140	5552.214	5552	2140	5
9691.9813	9691	9813	9701.9813	9701	9813	1
8776.1131	8776	1131	8786.1131	8786	1131	3
7297.5622	7297	5622	7307.5622	7307	5622	4
7212.5909	7212	5909	7222.5909	7222	5909	2
8344.0107	8344	107	8354.0107	8354	107	1
9845.3122	9845	3122	9855.3122	9855	3122	2
6699.7438	6699	7438	6709.7438	6709	7438	1
7330.3131	7330	3131	7340.3131	7340	3131	2
5367.8123	5367	8123	5377.8123	5377	8123	3
8954.1761	8954	1761	8964.1761	8964	1761	2
6352.2268	6352	2268	6362.2268	6362	2268	1
7190.4653	7190	4653	7200.4653	7200	4653	5
7120.9954	7120	9954	7130.9954	7130	9954	4
5399.6589	5399	6589	5409.6589	5409	6589	5
6412.8425	6412	8425	6422.8425	6422	8425	3
8009.2374	8009	2374	8019.2374	8019	2374	5
9888.0212	9888	212	9898.0212	9898	212	5
9829.3399	9829	3399	9839.3399	9839	3399	2
7651.6736	7651	6736	7661.6736	7661	6736	1
5645.7156	5645	7156	5655.7156	5655	7156	1
8477.496	8477	4960	8487.496	8487	4960	5
7463.5148	7463	5148	7473.5148	7473	5148	4
7643.7259	7643	7259	7653.7259	7653	7259	5
5917.2916	5917	2916	5927.2916	5927	2916	1
9801.4621	9801	4621	9811.4621	9811	4621	1
9036.775	9036	7750	9046.775	9046	7750	5
5131.9854	5131	9854	5141.9854	5141	9854	5
9705.6869	9705	6869	9715.6869	9715	6869	5
5526.1648	5526	1648	5536.1648	5536	1648	4
7477.8983	7477	8983	7487.8983	7487	8983	4
5247.9009	5247	9009	5257.9009	5257	9009	4
5979.7813	5979	7813	5989.7813	5989	7813	1
7015.0114	7015	114	7025.0114	7025	114	4
7544.0983	7544	983	7554.0983	7554	983	4
8955.0074	8955	74	8965.0074	8965	74	4
5359.6573	5359	6573	5369.6573	5369	6573	4
8151.4105	8151	4105	8161.4105	8161	4105	1
5653.7512	5653	7512	5663.7512	5663	7512	2
8452.6056	8452	6056	8462.6056	8462	6056	3
9282.2228	9282	2228	9292.2228	9292	2228	5
9607.5626	9607	5626	9617.5626	9617	5626	3
9805.8324	9805	8324	9815.8324	9815	8324	3
6471.6881	6471	6881	6481.6881	6481	6881	4
7490.558	7490	5580	7500.558	7500	5580	2
5203.1265	5203	1265	5213.1265	5213	1265	2
7883.1658	7883	1658	7893.1658	7893	1658	2
5498.4307	5498	4307	5508.4307	5508	4307	3
5090.7829	5090	7829	5100.7829	5100	7829	2
7711.5057	7711	5057	7721.5057	7721	5057	5
8912.1043	8912	1043	8922.1043	8922	1043	3
6498.4986	6498	4986	6508.4986	6508	4986	2
6951.0017	6951	17	6961.0017	6961	17	4
7138.2543	7138	2543	7148.2543	7148	2543	2
9904.8597	9904	8597	9914.8597	9914	8597	3
7868.9285	7868	9285	7878.9285	7878	9285	4
6938.3517	6938	3517	6948.3517	6948	3517	2
9702.6347	9702	6347	9712.6347	9712	6347	3
8000.5492	8000	5492	8010.5492	8010	5492	1
6642.0386	6642	386	6652.0386	6652	386	3
5227.7995	5227	7995	5237.7995	5237	7995	3
6239.4475	6239	4475	6249.4475	6249	4475	4
7652.5747	7652	5747	7662.5747	7662	5747	2
6207.2161	6207	2161	6217.2161	6217	2161	1
8255.4589	8255	4589	8265.4589	8265	4589	4
5959.6731	5959	6731	5969.6731	5969	6731	2
5924.8587	5924	8587	5934.8587	5934	8587	4
9377.1162	9377	1162	9387.1162	9387	1162	5
9110.7188	9110	7188	9120.7188	9120	7188	4
6577.61	6577	6100	6587.61	6587	6100	5
7828.7219	7828	7219	7838.7219	7838	7219	2
8391.9417	8391	9417	8401.9417	8401	9417	3
6946.1726	6946	1726	6956.1726	6956	1726	5
8395.1895	8395	1895	8405.1895	8405	1895	4
5624.265	5624	2650	5634.265	5634	2650	2
9436.3658	9436	3658	9446.3658	9446	3658	3
8598.9513	8598	9513	8608.9513	8608	9513	3
8508.4309	8508	4309	8518.4309	8518	4309	5
5697.4317	5697	4317	5707.4317	5707	4317	5
9451.7342	9451	7342	9461.7342	9461	7342	1
6981.9366	6981	9366	6991.9366	6991	9366	1
5371.5361	5371	5361	5381.5361	5381	5361	3
5948.868	5948	8680	5958.868	5958	8680	2
8932.5736	8932	5736	8942.5736	8942	5736	4
7509.4256	7509	4256	7519.4256	7519	4256	1
6614.7277	6614	7277	6624.7277	6624	7277	2
7563.5021	7563	5021	7573.5021	7573	5021	4
5209.4125	5209	4125	5219.4125	5219	4125	2
6315.3625	6315	3625	6325.3625	6325	3625	1
6325.0513	6325	513	6335.0513	6335	513	4
7615.0863	7615	863	7625.0863	7625	863	5
6543.7972	6543	7972	6553.7972	6553	7972	5
7564.134	7564	1340	7574.134	7574	1340	5
5266.6611	5266	6611	5276.6611	5276	6611	3
8513.6485	8513	6485	8523.6485	8523	6485	5
6581.5929	6581	5929	6591.5929	6591	5929	5
6988.3342	6988	3342	6998.3342	6998	3342	1
9437.5073	9437	5073	9447.5073	9447	5073	1
5957.3444	5957	3444	5967.3444	5967	3444	4
6861.053	6861	530	6871.053	6871	530	5
6776.7525	6776	7525	6786.7525	6786	7525	5
9549.0663	9549	663	9559.0663	9559	663	5
6014.6299	6014	6299	6024.6299	6024	6299	2
8722.5603	8722	5603	8732.5603	8732	5603	4
7943.891	7943	8910	7953.891	7953	8910	1
6639.5302	6639	5302	6649.5302	6649	5302	3
8921.5613	8921	5613	8931.5613	8931	5613	1
7304.8423	7304	8423	7314.8423	7314	8423	3
5909.9611	5909	9611	5919.9611	5919	9611	4
5380.9931	5380	9931	5390.9931	5390	9931	3
6754.5766	6754	5766	6764.5766	6764	5766	3
8653.5329	8653	5329	8663.5329	8663	5329	4
5751.1644	5751	1644	5761.1644	5761	1644	5
8466.0798	8466	798	8476.0798	8476	798	1
8348.1065	8348	1065	8358.1065	8358	1065	4
9024.59	9024	5900	9034.59	9034	5900	2
5842.8076	5842	8076	5852.8076	5852	8076	4
5910.2439	5910	2439	5920.2439	5920	2439	3
9233.6378	9233	6378	9243.6378	9243	6378	5
7158.1701	7158	1701	7168.1701	7168	1701	4
7235.9304	7235	9304	7245.9304	7245	9304	1
6847.7241	6847	7241	6857.7241	6857	7241	1
9464.6025	9464	6025	9474.6025	9474	6025	1
5561.0645	5561	645	5571.0645	5571	645	2
7877.3852	7877	3852	7887.3852	7887	3852	3
7976.2511	7976	2511	7986.2511	7986	2511	5
7143.2926	7143	2926	7153.2926	7153	2926	2
5627.3546	5627	3546	5637.3546	5637	3546	4
8175.7584	8175	7584	8185.7584	8185	7584	5
8863.637	8863	6370	8873.637	8873	6370	5
7488.0429	7488	429	7498.0429	7498	429	3
5713.5109	5713	5109	5723.5109	5723	5109	2
8411.3385	8411	3385	8421.3385	8421	3385	2
8503.6728	8503	6728	8513.6728	8513	6728	1
5197.0712	5197	712	5207.0712	5207	712	2
6354.2296	6354	2296	6364.2296	6364	2296	2
5141.203	5141	2030	5151.203	5151	2030	1
9118.6325	9118	6325	9128.6325	9128	6325	5
8658.0719	8658	719	8668.0719	8668	719	1
6813.7993	6813	7993	6823.7993	6823	7993	4
9498.2608	9498	2608	9508.2608	9508	2608	2
6174.2837	6174	2837	6184.2837	6184	2837	5
5465.3323	5465	3323	5475.3323	5475	3323	3
6012.4252	6012	4252	6022.4252	6022	4252	3
5402.3636	5402	3636	5412.3636	5412	3636	5
8813.074	8813	740	8823.074	8823	740	1
5035.0153	5035	153	5045.0153	5045	153	4
6245.1712	6245	1712	6255.1712	6255	1712	1
9723.3179	9723	3179	9733.3179	9733	3179	5
9268.6531	9268	6531	9278.6531	9278	6531	3
9166.9765	9166	9765	9176.9765	9176	9765	1
7720.2484	7720	2484	7730.2484	7730	2484	1
6878.3772	6878	3772	6888.3772	6888	3772	4
8629.579	8629	5790	8639.579	8639	5790	1
9045.9481	9045	9481	9055.9481	9055	9481	4
5517.3977	5517	3977	5527.3977	5527	3977	3
7367.4653	7367	4653	7377.4653	7377	4653	3
6187.2407	6187	2407	6197.2407	6197	2407	5
6144.7523	6144	7523	6154.7523	6154	7523	1
6304.2237	6304	2237	6314.2237	6314	2237	2
5812.8778	5812	8778	5822.8778	5822	8778	5
8633.7952	8633	7952	8643.7952	8643	7952	5
7017.3698	7017	3698	7027.3698	7027	3698	5
9224.2163	9224	2163	9234.2163	9234	2163	3
7898.1033	7898	1033	7908.1033	7908	1033	1
7214.0762	7214	762	7224.0762	7224	762	2
6340.4459	6340	4459	6350.4459	6350	4459	4
8039.9415	8039	9415	8049.9415	8049	9415	3
7095.344	7095	3440	7105.344	7105	3440	1
stocks
3714.3714	425608	3714	1
