items_number
200
stocks_number
1
digit
2
items
5452.18	5452	18	5462.18	5462	18	3
5124.99	5124	99	5134.99	5134	99	2
8064.86	8064	86	8074.86	8074	86	2
5724.39	5724	39	5734.39	5734	39	3
8784.47	8784	47	8794.47	8794	47	2
7273.3	7273	30	7283.3	7283	30	5
8072.23	8072	23	8082.23	8082	23	5
9084.76	9084	76	9094.76	9094	76	1
5111.5	5111	50	5121.5	5121	50	1
5492.31	5492	31	5502.31	5502	31	2
9691.3	9691	30	9701.3	9701	30	2
5900.08	5900	8	5910.08	5910	8	3
7940.99	7940	99	7950.99	7950	99	4
5606.24	5606	24	5616.24	5616	24	1
8263.06	8263	6	8273.06	8273	6	4
5548.42	5548	42	5558.42	5558	42	1
9880.75	9880	75	9890.75	9890	75	1
9534.84	9534	84	9544.84	9544	84	3
7912.27	7912	27	7922.27	7922	27	1
9002.94	9002	94	9012.94	9012	94	2
8588.95	8588	95	8598.95	8598	95	5
6520.18	6520	18	6530.18	6530	18	1
7941.18	7941	18	7951.18	7951	18	3
9673.18	9673	18	9683.18	9683	18	5
5475.83	5475	83	5485.83	5485	83	3
5368.81	5368	81	5378.81	5378	81	2
9307.47	9307	47	9317.47	9317	47	1
7739.47	7739	47	7749.47	7749	47	2
9809.52	9809	52	9819.52	9819	52	5
9597.77	9597	77	9607.77	9607	77	1
5632.25	5632	25	5642.25	5642	25	1
5260.7	5260	70	5270.7	5270	70	5
9721.28	9721	28	9731.28	9731	28	2
8696.12	8696	12	8706.12	8706	12	2
5985.1	5985	10	5995.1	5995	10	2
9267.76	9267	76	9277.76	9277	76	5
6732.94	6732	94	6742.94	6742	94	4
9820.85	9820	85	9830.85	9830	85	3
8350.04	8350	4	8360.04	8360	4	2
6843.96	6843	96	6853.96	6853	96	1
5311.16	5311	16	5321.16	5321	16	2
8804.34	8804	34	8814.34	8814	34	3
7743.04	7743	4	7753.04	7753	4	5
9014.67	9014	67	9024.67	9024	67	5
5172.11	5172	11	5182.11	5182	11	5
6769.11	6769	11	6779.11	6779	11	3
9563.09	9563	9	9573.09	9573	9	2
5051.38	5051	38	5061.38	5061	38	5
7065.47	7065	47	7075.47	7075	47	1
8237.36	8237	36	8247.36	8247	36	4
9053.33	9053	33	9063.33	9063	33	3
6415.42	6415	42	6425.42	6425	42	5
9757.06	9757	6	9767.06	9767	6	4
7757.03	7757	3	7767.03	7767	3	1
6851.6	6851	60	6861.6	6861	60	1
5994.41	5994	41	6004.41	6004	41	3
8125.84	8125	84	8135.84	8135	84	4
6157.59	6157	59	6167.59	6167	59	1
8733.4	8733	40	8743.4	8743	40	4
7933.88	7933	88	7943.88	7943	88	3
5753.89	5753	89	5763.89	5763	89	3
9365.66	9365	66	9375.66	9375	66	2
8956.59	8956	59	8966.59	8966	59	4
6236.17	6236	17	6246.17	6246	17	1
8824.3	8824	30	8834.3	8834	30	5
9941.21	9941	21	9951.21	9951	21	3
5503.45	5503	45	5513.45	5513	45	5
5555.24	5555	24	5565.24	5565	24	3
5522.06	5522	6	5532.06	5532	6	5
9616.02	9616	2	9626.02	9626	2	1
7398.2	7398	20	7408.2	7408	20	4
5834.74	5834	74	5844.74	5844	74	3
8419.36	8419	36	8429.36	8429	36	1
5903.76	5903	76	5913.76	5913	76	3
5610.41	5610	41	5620.41	5620	41	2
8591.99	8591	99	8601.99	8601	99	5
7672.87	7672	87	7682.87	7682	87	3
5935.51	5935	51	5945.51	5945	51	5
9405.38	9405	38	9415.38	9415	38	2
5500.87	5500	87	5510.87	5510	87	5
9172.39	9172	39	9182.39	9182	39	3
8458.23	8458	23	8468.23	8468	23	4
6915.29	6915	29	6925.29	6925	29	1
9691.98	9691	98	9701.98	9701	98	1
6214.26	6214	26	6224.26	6224	26	1
8766.42	8766	42	8776.42	8776	42	4
5684.39	5684	39	5694.39	5694	39	4
5101.62	5101	62	5111.62	5111	62	4
5686.01	5686	1	5696.01	5696	1	1
9417.32	9417	32	9427.32	9427	32	4
8034.51	8034	51	8044.51	8044	51	4
6439.9	6439	90	6449.9	6449	90	4
9545.98	9545	98	9555.98	9555	98	5
6989.1	6989	10	6999.1	6999	10	2
7676.6	7676	60	7686.6	7686	60	4
8368.28	8368	28	8378.28	8378	28	5
7693.83	7693	83	7703.83	7703	83	4
8942.57	8942	57	8952.57	8952	57	1
9686.04	9686	4	9696.04	9696	4	2
8215.89	8215	89	8225.89	8225	89	1
8557.59	8557	59	8567.59	8567	59	3
7846.24	7846	24	7856.24	7856	24	2
9812.15	9812	15	9822.15	9822	15	3
7739.48	7739	48	7749.48	7749	48	3
8749	8749	0	8759	8759	0	2
5422.56	5422	56	5432.56	5432	56	2
7092.47	7092	47	7102.47	7102	47	5
7184.4	7184	40	7194.4	7194	40	1
7120.59	7120	59	7130.59	7130	59	1
6497.37	6497	37	6507.37	6507	37	1
8447.79	8447	79	8457.79	8457	79	5
6292.51	6292	51	6302.51	6302	51	4
5717.6	5717	60	5727.6	5727	60	1
5361.08	5361	8	5371.08	5371	8	5
5982.49	5982	49	5992.49	5992	49	1
7694.38	7694	38	7704.38	7704	38	2
9891.02	9891	2	9901.02	9901	2	3
7430.4	7430	40	7440.4	7440	40	4
7795.01	7795	1	7805.01	7805	1	5
5576.56	5576	56	5586.56	5586	56	4
7609.72	7609	72	7619.72	7619	72	3
6591.52	6591	52	6601.52	6601	52	3
7015.98	7015	98	7025.98	7025	98	4
7153.22	7153	22	7163.22	7163	22	4
8580.14	8580	14	8590.14	8590	14	5
5453.1	5453	10	5463.1	5463	10	2
6283.02	6283	2	6293.02	6293	2	3
7035.49	7035	49	7045.49	7045	49	5
9395.68	9395	68	9405.68	9405	68	4
6731.06	6731	6	6741.06	6741	6	2
6013.38	6013	38	6023.38	6023	38	5
8715.79	8715	79	8725.79	8725	79	4
9577.82	9577	82	9587.82	9587	82	5
5824.05	5824	5	5834.05	5834	5	3
6453.79	6453	79	6463.79	6463	79	1
9089.35	9089	35	9099.35	9099	35	1
7009.61	7009	61	7019.61	7019	61	4
9308.79	9308	79	9318.79	9318	79	2
7035.27	7035	27	7045.27	7045	27	3
9130.73	9130	73	9140.73	9140	73	4
5804.16	5804	16	5814.16	5814	16	2
5481.06	5481	6	5491.06	5491	6	2
6184.24	6184	24	6194.24	6194	24	4
7284.77	7284	77	7294.77	7294	77	3
6605.66	6605	66	6615.66	6615	66	4
7929.25	7929	25	7939.25	7939	25	5
9978.67	9978	67	9988.67	9988	67	1
6495.69	6495	69	6505.69	6505	69	1
5358.17	5358	17	5368.17	5368	17	5
7772.68	7772	68	7782.68	7782	68	5
7071.77	7071	77	7081.77	7081	77	1
8731.42	8731	42	8741.42	8741	42	4
5125.72	5125	72	5135.72	5135	72	3
9850.75	9850	75	9860.75	9860	75	4
5883.64	5883	64	5893.64	5893	64	3
9469.38	9469	38	9479.38	9479	38	4
5302.38	5302	38	5312.38	5312	38	3
7930.19	7930	19	7940.19	7940	19	2
6503.87	6503	87	6513.87	6513	87	3
5460.58	5460	58	5470.58	5470	58	1
9661.25	9661	25	9671.25	9671	25	3
7516.77	7516	77	7526.77	7526	77	5
9938.37	9938	37	9948.37	9948	37	4
9238.6	9238	60	9248.6	9248	60	3
9104.82	9104	82	9114.82	9114	82	2
6390.69	6390	69	6400.69	6400	69	2
9089.95	9089	95	9099.95	9099	95	5
6875.96	6875	96	6885.96	6885	96	5
6460.48	6460	48	6470.48	6470	48	3
6123.22	6123	22	6133.22	6133	22	3
6767.69	6767	69	6777.69	6777	69	5
8028.64	8028	64	8038.64	8038	64	2
7367.8	7367	80	7377.8	7377	80	1
8714.45	8714	45	8724.45	8724	45	4
5311.93	5311	93	5321.93	5321	93	1
8972.46	8972	46	8982.46	8982	46	4
6643.22	6643	22	6653.22	6653	22	3
5289.61	5289	61	5299.61	5299	61	1
5467.67	5467	67	5477.67	5477	67	2
7764.39	7764	39	7774.39	7774	39	2
8824.29	8824	29	8834.29	8834	29	2
8301.44	8301	44	8311.44	8311	44	2
6494.33	6494	33	6504.33	6504	33	1
8950.54	8950	54	8960.54	8960	54	1
8150.72	8150	72	8160.72	8160	72	1
8141.5	8141	50	8151.5	8151	50	5
9181.92	9181	92	9191.92	9191	92	4
9216.1	9216	10	9226.1	9226	10	3
6070.69	6070	69	6080.69	6080	69	1
5683.32	5683	32	5693.32	5693	32	4
5438.68	5438	68	5448.68	5448	68	5
5730.46	5730	46	5740.46	5740	46	1
8963.09	8963	9	8973.09	8973	9	3
5375.57	5375	57	5385.57	5385	57	1
5730.06	5730	6	5740.06	5740	6	5
8829.44	8829	44	8839.44	8839	44	1
7528.26	7528	26	7538.26	7538	26	4
5581.53	5581	53	5591.53	5591	53	1
5703.4	5703	40	5713.4	5713	40	2
8988.74	8988	74	8998.74	8998	74	3
stocks
20483.73	20483	73	1
