items_number
200
stocks_number
1
digit
4
items
931.5143	931	5143	941.5143	941	5143	5
801.057	801	570	811.057	811	570	4
954.8959	954	8959	964.8959	964	8959	4
874.9419	874	9419	884.9419	884	9419	1
964.6683	964	6683	974.6683	974	6683	5
512.8149	512	8149	522.8149	522	8149	3
865.5383	865	5383	875.5383	875	5383	3
931.5471	931	5471	941.5471	941	5471	4
979.9803	979	9803	989.9803	989	9803	5
733.0622	733	622	743.0622	743	622	2
841.1112	841	1112	851.1112	851	1112	5
812.3052	812	3052	822.3052	822	3052	1
822.135	822	1350	832.135	832	1350	5
624.3462	624	3462	634.3462	634	3462	2
505.6475	505	6475	515.6475	515	6475	4
706.2734	706	2734	716.2734	716	2734	1
997.6974	997	6974	1007.6974	1007	6974	4
903.0884	903	884	913.0884	913	884	1
920.4541	920	4541	930.4541	930	4541	1
822.4743	822	4743	832.4743	832	4743	3
668.6662	668	6662	678.6662	678	6662	1
513.6844	513	6844	523.6844	523	6844	5
943.9315	943	9315	953.9315	953	9315	1
711.7705	711	7705	721.7705	721	7705	1
873.7713	873	7713	883.7713	883	7713	4
689.1812	689	1812	699.1812	699	1812	4
657.6105	657	6105	667.6105	667	6105	4
785.271	785	2710	795.271	795	2710	3
916.3748	916	3748	926.3748	926	3748	4
953.4582	953	4582	963.4582	963	4582	5
870.2386	870	2386	880.2386	880	2386	2
592.5243	592	5243	602.5243	602	5243	3
753.5152	753	5152	763.5152	763	5152	5
824.7698	824	7698	834.7698	834	7698	1
713.1014	713	1014	723.1014	723	1014	5
716.8188	716	8188	726.8188	726	8188	5
836.5847	836	5847	846.5847	846	5847	5
577.2749	577	2749	587.2749	587	2749	4
893.3659	893	3659	903.3659	903	3659	3
560.565	560	5650	570.565	570	5650	2
556.3372	556	3372	566.3372	566	3372	5
734.1124	734	1124	744.1124	744	1124	4
618.5054	618	5054	628.5054	628	5054	2
879.1074	879	1074	889.1074	889	1074	4
604.4586	604	4586	614.4586	614	4586	2
623.1529	623	1529	633.1529	633	1529	2
584.016	584	160	594.016	594	160	2
600.156	600	1560	610.156	610	1560	5
772.8765	772	8765	782.8765	782	8765	3
750.4701	750	4701	760.4701	760	4701	2
923.2655	923	2655	933.2655	933	2655	2
941.1779	941	1779	951.1779	951	1779	3
509.1546	509	1546	519.1546	519	1546	4
611.8322	611	8322	621.8322	621	8322	5
898.9485	898	9485	908.9485	908	9485	3
882.5611	882	5611	892.5611	892	5611	4
546.6486	546	6486	556.6486	556	6486	3
554.1942	554	1942	564.1942	564	1942	1
666.4673	666	4673	676.4673	676	4673	1
708.6586	708	6586	718.6586	718	6586	2
506.6524	506	6524	516.6524	516	6524	2
535.7059	535	7059	545.7059	545	7059	4
547.1829	547	1829	557.1829	557	1829	1
506.8029	506	8029	516.8029	516	8029	2
605.4757	605	4757	615.4757	615	4757	4
760.9196	760	9196	770.9196	770	9196	3
722.6217	722	6217	732.6217	732	6217	3
687.0604	687	604	697.0604	697	604	1
837.1945	837	1945	847.1945	847	1945	1
615.6228	615	6228	625.6228	625	6228	2
994.2606	994	2606	1004.2606	1004	2606	2
640.1669	640	1669	650.1669	650	1669	1
595.3704	595	3704	605.3704	605	3704	5
612.4012	612	4012	622.4012	622	4012	3
518.2743	518	2743	528.2743	528	2743	4
699.829	699	8290	709.829	709	8290	3
735.1894	735	1894	745.1894	745	1894	2
849.2903	849	2903	859.2903	859	2903	2
799.6202	799	6202	809.6202	809	6202	3
754.7011	754	7011	764.7011	764	7011	4
598.3957	598	3957	608.3957	608	3957	1
968.521	968	5210	978.521	978	5210	1
694.8791	694	8791	704.8791	704	8791	3
854.1855	854	1855	864.1855	864	1855	4
826.9884	826	9884	836.9884	836	9884	5
591.4628	591	4628	601.4628	601	4628	1
735.7466	735	7466	745.7466	745	7466	2
872.6371	872	6371	882.6371	882	6371	5
646.657	646	6570	656.657	656	6570	3
901.2139	901	2139	911.2139	911	2139	4
827.2957	827	2957	837.2957	837	2957	3
899.9446	899	9446	909.9446	909	9446	5
936.555	936	5550	946.555	946	5550	2
874.1139	874	1139	884.1139	884	1139	5
905.7475	905	7475	915.7475	915	7475	3
788.0308	788	308	798.0308	798	308	3
633.0335	633	335	643.0335	643	335	2
874.0044	874	44	884.0044	884	44	5
975.7264	975	7264	985.7264	985	7264	3
716.228	716	2280	726.228	726	2280	3
735.6273	735	6273	745.6273	745	6273	1
969.6223	969	6223	979.6223	979	6223	1
856.0302	856	302	866.0302	866	302	5
830.9977	830	9977	840.9977	840	9977	2
580.0235	580	235	590.0235	590	235	5
620.3045	620	3045	630.3045	630	3045	5
775.462	775	4620	785.462	785	4620	1
561.2129	561	2129	571.2129	571	2129	1
715.2301	715	2301	725.2301	725	2301	2
573.7174	573	7174	583.7174	583	7174	3
815.9141	815	9141	825.9141	825	9141	4
813.6258	813	6258	823.6258	823	6258	4
788.8736	788	8736	798.8736	798	8736	1
755.4284	755	4284	765.4284	765	4284	2
666.8113	666	8113	676.8113	676	8113	2
613.8621	613	8621	623.8621	623	8621	2
847.5264	847	5264	857.5264	857	5264	4
647.5579	647	5579	657.5579	657	5579	5
731.1344	731	1344	741.1344	741	1344	1
739.1834	739	1834	749.1834	749	1834	1
547.407	547	4070	557.407	557	4070	3
557.4301	557	4301	567.4301	567	4301	5
637.128	637	1280	647.128	647	1280	2
730.962	730	9620	740.962	740	9620	4
931.1792	931	1792	941.1792	941	1792	5
789.5108	789	5108	799.5108	799	5108	4
517.628	517	6280	527.628	527	6280	3
810.8479	810	8479	820.8479	820	8479	1
662.5152	662	5152	672.5152	672	5152	5
992.3545	992	3545	1002.3545	1002	3545	2
526.7112	526	7112	536.7112	536	7112	5
897.1425	897	1425	907.1425	907	1425	2
706.612	706	6120	716.612	716	6120	2
628.7414	628	7414	638.7414	638	7414	4
726.7755	726	7755	736.7755	736	7755	3
532.6355	532	6355	542.6355	542	6355	2
749.0459	749	459	759.0459	759	459	1
500.8727	500	8727	510.8727	510	8727	4
594.4837	594	4837	604.4837	604	4837	4
710.276	710	2760	720.276	720	2760	2
820.2253	820	2253	830.2253	830	2253	3
655.033	655	330	665.033	665	330	5
523.537	523	5370	533.537	533	5370	2
854.099	854	990	864.099	864	990	5
911.0966	911	966	921.0966	921	966	1
936.3483	936	3483	946.3483	946	3483	3
967.9611	967	9611	977.9611	977	9611	4
503.623	503	6230	513.623	513	6230	1
583.5414	583	5414	593.5414	593	5414	4
698.0955	698	955	708.0955	708	955	4
742.4416	742	4416	752.4416	752	4416	3
877.9484	877	9484	887.9484	887	9484	1
755.1608	755	1608	765.1608	765	1608	1
879.5696	879	5696	889.5696	889	5696	5
853.5457	853	5457	863.5457	863	5457	1
933.3401	933	3401	943.3401	943	3401	5
667.7156	667	7156	677.7156	677	7156	5
870.1737	870	1737	880.1737	880	1737	4
742.8232	742	8232	752.8232	752	8232	2
575.2309	575	2309	585.2309	585	2309	5
608.1634	608	1634	618.1634	618	1634	5
514.5344	514	5344	524.5344	524	5344	2
972.0086	972	86	982.0086	982	86	1
560.7754	560	7754	570.7754	570	7754	2
890.2758	890	2758	900.2758	900	2758	2
944.7841	944	7841	954.7841	954	7841	1
593.411	593	4110	603.411	603	4110	5
885.3218	885	3218	895.3218	895	3218	4
690.292	690	2920	700.292	700	2920	1
934.5299	934	5299	944.5299	944	5299	3
594.233	594	2330	604.233	604	2330	2
757.5174	757	5174	767.5174	767	5174	5
835.5629	835	5629	845.5629	845	5629	2
864.7701	864	7701	874.7701	874	7701	3
610.6164	610	6164	620.6164	620	6164	2
745.2947	745	2947	755.2947	755	2947	4
800.7536	800	7536	810.7536	810	7536	2
577.2127	577	2127	587.2127	587	2127	5
995.9177	995	9177	1005.9177	1005	9177	1
629.2951	629	2951	639.2951	639	2951	5
521.9434	521	9434	531.9434	531	9434	5
736.3593	736	3593	746.3593	746	3593	4
752.8787	752	8787	762.8787	762	8787	5
522.1042	522	1042	532.1042	532	1042	5
862.5641	862	5641	872.5641	872	5641	5
605.4244	605	4244	615.4244	615	4244	1
955.0795	955	795	965.0795	965	795	4
775.2798	775	2798	785.2798	785	2798	1
721.5982	721	5982	731.5982	731	5982	1
944.9028	944	9028	954.9028	954	9028	1
851.5107	851	5107	861.5107	861	5107	5
575.3968	575	3968	585.3968	585	3968	5
704.4372	704	4372	714.4372	714	4372	4
822.5193	822	5193	832.5193	832	5193	3
636.1723	636	1723	646.1723	646	1723	3
593.3483	593	3483	603.3483	603	3483	2
512.9387	512	9387	522.9387	522	9387	3
976.2185	976	2185	986.2185	986	2185	4
724.6701	724	6701	734.6701	734	6701	1
702.2307	702	2307	712.2307	712	2307	5
stocks
2894.6255	2894	6255	1
