items_number
200
stocks_number
1
digit
6
items
9868.640302	9868	640302	9878.640302	9878	640302	5
7433.623121	7433	623121	7443.623121	7443	623121	5
5330.435442	5330	435442	5340.435442	5340	435442	1
8788.256293	8788	256293	8798.256293	8798	256293	5
9645.506837	9645	506837	9655.506837	9655	506837	1
8782.054501	8782	54501	8792.054501	8792	54501	5
8738.246393	8738	246393	8748.246393	8748	246393	1
9762.238506	9762	238506	9772.238506	9772	238506	3
7427.089371	7427	89371	7437.089371	7437	89371	2
9676.129809	9676	129809	9686.129809	9686	129809	3
9791.533287	9791	533287	9801.533287	9801	533287	3
7489.919211	7489	919211	7499.919211	7499	919211	2
6529.942163	6529	942163	6539.942163	6539	942163	4
6153.152889	6153	152889	6163.152889	6163	152889	1
6865.808749	6865	808749	6875.808749	6875	808749	1
8965.088967	8965	88967	8975.088967	8975	88967	4
8647.828078	8647	828078	8657.828078	8657	828078	2
6440.820167	6440	820167	6450.820167	6450	820167	3
5442.940354	5442	940354	5452.940354	5452	940354	2
5187.212927	5187	212927	5197.212927	5197	212927	2
8849.817116	8849	817116	8859.817116	8859	817116	4
7177.720747	7177	720747	7187.720747	7187	720747	3
7017.594592	7017	594592	7027.594592	7027	594592	4
5313.499746	5313	499746	5323.499746	5323	499746	3
6853.134213	6853	134213	6863.134213	6863	134213	5
8729.639148	8729	639148	8739.639148	8739	639148	3
8339.206086	8339	206086	8349.206086	8349	206086	2
8626.012158	8626	12158	8636.012158	8636	12158	4
8906.984404	8906	984404	8916.984404	8916	984404	1
5226.712117	5226	712117	5236.712117	5236	712117	4
9859.961974	9859	961974	9869.961974	9869	961974	3
8774.141059	8774	141059	8784.141059	8784	141059	5
8422.335238	8422	335238	8432.335238	8432	335238	3
5188.397416	5188	397416	5198.397416	5198	397416	1
8324.397352	8324	397352	8334.397352	8334	397352	1
8829.842075	8829	842075	8839.842075	8839	842075	5
9733.968269	9733	968269	9743.968269	9743	968269	2
7824.160097	7824	160097	7834.160097	7834	160097	4
9353.596934	9353	596934	9363.596934	9363	596934	4
7922.573993	7922	573993	7932.573993	7932	573993	3
7499.289906	7499	289906	7509.289906	7509	289906	1
9906.646573	9906	646573	9916.646573	9916	646573	1
5411.493204	5411	493204	5421.493204	5421	493204	1
9792.232069	9792	232069	9802.232069	9802	232069	4
6059.799462	6059	799462	6069.799462	6069	799462	4
7276.818306	7276	818306	7286.818306	7286	818306	2
8756.837388	8756	837388	8766.837388	8766	837388	4
5468.62754	5468	627540	5478.62754	5478	627540	5
8716.638473	8716	638473	8726.638473	8726	638473	4
9199.294094	9199	294094	9209.294094	9209	294094	3
6418.356819	6418	356819	6428.356819	6428	356819	3
8327.971941	8327	971941	8337.971941	8337	971941	2
6375.531193	6375	531193	6385.531193	6385	531193	2
8435.951412	8435	951412	8445.951412	8445	951412	1
9403.98804	9403	988040	9413.98804	9413	988040	4
8991.181759	8991	181759	9001.181759	9001	181759	1
7926.59056	7926	590560	7936.59056	7936	590560	1
7741.194126	7741	194126	7751.194126	7751	194126	3
7616.193917	7616	193917	7626.193917	7626	193917	4
7595.091317	7595	91317	7605.091317	7605	91317	1
8730.422595	8730	422595	8740.422595	8740	422595	3
7474.672243	7474	672243	7484.672243	7484	672243	2
6368.748728	6368	748728	6378.748728	6378	748728	2
7914.757833	7914	757833	7924.757833	7924	757833	3
8426.586012	8426	586012	8436.586012	8436	586012	2
9692.14608	9692	146080	9702.14608	9702	146080	2
7505.116261	7505	116261	7515.116261	7515	116261	2
8158.554281	8158	554281	8168.554281	8168	554281	5
8278.822529	8278	822529	8288.822529	8288	822529	5
6857.713195	6857	713195	6867.713195	6867	713195	1
6080.644626	6080	644626	6090.644626	6090	644626	2
5776.112435	5776	112435	5786.112435	5786	112435	2
7525.359768	7525	359768	7535.359768	7535	359768	3
6491.137831	6491	137831	6501.137831	6501	137831	2
5567.860856	5567	860856	5577.860856	5577	860856	3
8584.675582	8584	675582	8594.675582	8594	675582	1
8767.472489	8767	472489	8777.472489	8777	472489	5
9324.214597	9324	214597	9334.214597	9334	214597	1
9052.819474	9052	819474	9062.819474	9062	819474	2
8245.110962	8245	110962	8255.110962	8255	110962	3
9285.508691	9285	508691	9295.508691	9295	508691	5
6232.176293	6232	176293	6242.176293	6242	176293	4
6571.599255	6571	599255	6581.599255	6581	599255	1
5659.039885	5659	39885	5669.039885	5669	39885	1
9667.644057	9667	644057	9677.644057	9677	644057	2
5973.103647	5973	103647	5983.103647	5983	103647	2
5412.737996	5412	737996	5422.737996	5422	737996	2
8356.75097	8356	750970	8366.75097	8366	750970	2
9477.297773	9477	297773	9487.297773	9487	297773	1
8028.448265	8028	448265	8038.448265	8038	448265	2
5950.842287	5950	842287	5960.842287	5960	842287	2
8969.23672	8969	236720	8979.23672	8979	236720	3
6265.120509	6265	120509	6275.120509	6275	120509	3
8081.107367	8081	107367	8091.107367	8091	107367	5
7645.994554	7645	994554	7655.994554	7655	994554	5
9691.222873	9691	222873	9701.222873	9701	222873	1
8535.769799	8535	769799	8545.769799	8545	769799	3
5149.627167	5149	627167	5159.627167	5159	627167	2
7848.293506	7848	293506	7858.293506	7858	293506	5
6812.592328	6812	592328	6822.592328	6822	592328	5
7769.340362	7769	340362	7779.340362	7779	340362	4
8928.938133	8928	938133	8938.938133	8938	938133	3
7588.704763	7588	704763	7598.704763	7598	704763	1
5293.216482	5293	216482	5303.216482	5303	216482	3
6181.075964	6181	75964	6191.075964	6191	75964	2
8156.081971	8156	81971	8166.081971	8166	81971	3
9641.892064	9641	892064	9651.892064	9651	892064	4
5710.548453	5710	548453	5720.548453	5720	548453	1
7479.296568	7479	296568	7489.296568	7489	296568	1
9455.22789	9455	227890	9465.22789	9465	227890	2
8955.175767	8955	175767	8965.175767	8965	175767	1
6763.321612	6763	321612	6773.321612	6773	321612	2
5687.404183	5687	404183	5697.404183	5697	404183	1
6288.291374	6288	291374	6298.291374	6298	291374	3
8185.877849	8185	877849	8195.877849	8195	877849	3
5353.564593	5353	564593	5363.564593	5363	564593	2
8024.395022	8024	395022	8034.395022	8034	395022	4
8597.615845	8597	615845	8607.615845	8607	615845	1
9472.315563	9472	315563	9482.315563	9482	315563	5
7500.209147	7500	209147	7510.209147	7510	209147	4
7387.06411	7387	64110	7397.06411	7397	64110	2
6184.674202	6184	674202	6194.674202	6194	674202	3
7231.445868	7231	445868	7241.445868	7241	445868	2
8652.700971	8652	700971	8662.700971	8662	700971	2
9265.781569	9265	781569	9275.781569	9275	781569	2
9876.956774	9876	956774	9886.956774	9886	956774	1
8342.923844	8342	923844	8352.923844	8352	923844	4
7799.551368	7799	551368	7809.551368	7809	551368	4
5787.583941	5787	583941	5797.583941	5797	583941	4
6953.217351	6953	217351	6963.217351	6963	217351	1
5373.143696	5373	143696	5383.143696	5383	143696	3
8556.440655	8556	440655	8566.440655	8566	440655	4
5880.155484	5880	155484	5890.155484	5890	155484	3
7962.364811	7962	364811	7972.364811	7972	364811	1
8850.173489	8850	173489	8860.173489	8860	173489	2
7825.7478	7825	747800	7835.7478	7835	747800	1
6880.446782	6880	446782	6890.446782	6890	446782	5
8490.581905	8490	581905	8500.581905	8500	581905	2
8535.812605	8535	812605	8545.812605	8545	812605	4
9359.259703	9359	259703	9369.259703	9369	259703	2
7944.809795	7944	809795	7954.809795	7954	809795	3
8253.988372	8253	988372	8263.988372	8263	988372	4
6884.581315	6884	581315	6894.581315	6894	581315	4
8631.73033	8631	730330	8641.73033	8641	730330	5
5303.796098	5303	796098	5313.796098	5313	796098	1
5831.975516	5831	975516	5841.975516	5841	975516	1
9748.294923	9748	294923	9758.294923	9758	294923	3
8328.19112	8328	191120	8338.19112	8338	191120	2
5190.591361	5190	591361	5200.591361	5200	591361	3
9982.610486	9982	610486	9992.610486	9992	610486	2
6590.400268	6590	400268	6600.400268	6600	400268	5
7577.171823	7577	171823	7587.171823	7587	171823	1
6166.284688	6166	284688	6176.284688	6176	284688	4
9585.362488	9585	362488	9595.362488	9595	362488	3
6992.872795	6992	872795	7002.872795	7002	872795	2
5430.066257	5430	66257	5440.066257	5440	66257	2
9460.319262	9460	319262	9470.319262	9470	319262	4
5333.796639	5333	796639	5343.796639	5343	796639	1
8993.617625	8993	617625	9003.617625	9003	617625	1
5247.419555	5247	419555	5257.419555	5257	419555	4
7286.01399	7286	13990	7296.01399	7296	13990	3
9366.277673	9366	277673	9376.277673	9376	277673	5
9566.86021	9566	860210	9576.86021	9576	860210	3
8930.685826	8930	685826	8940.685826	8940	685826	2
8090.642484	8090	642484	8100.642484	8100	642484	5
8415.550051	8415	550051	8425.550051	8425	550051	1
7517.433626	7517	433626	7527.433626	7527	433626	3
9970.605619	9970	605619	9980.605619	9980	605619	5
7667.131956	7667	131956	7677.131956	7677	131956	2
6814.246231	6814	246231	6824.246231	6824	246231	1
5090.381674	5090	381674	5100.381674	5100	381674	1
6374.941751	6374	941751	6384.941751	6384	941751	1
5829.750955	5829	750955	5839.750955	5839	750955	1
6974.962989	6974	962989	6984.962989	6984	962989	4
5767.672081	5767	672081	5777.672081	5777	672081	1
6133.547054	6133	547054	6143.547054	6143	547054	3
8568.454857	8568	454857	8578.454857	8578	454857	1
6277.967005	6277	967005	6287.967005	6287	967005	5
9461.254526	9461	254526	9471.254526	9471	254526	1
8758.046218	8758	46218	8768.046218	8768	46218	5
6259.093843	6259	93843	6269.093843	6269	93843	4
6813.654794	6813	654794	6823.654794	6823	654794	1
7098.734393	7098	734393	7108.734393	7108	734393	1
7425.378532	7425	378532	7435.378532	7435	378532	2
6397.533634	6397	533634	6407.533634	6407	533634	3
9090.607188	9090	607188	9100.607188	9100	607188	2
8618.961141	8618	961141	8628.961141	8628	961141	4
6620.369248	6620	369248	6630.369248	6630	369248	3
5185.92018	5185	920180	5195.92018	5195	920180	4
8373.095119	8373	95119	8383.095119	8383	95119	1
6867.788803	6867	788803	6877.788803	6877	788803	4
8235.93417	8235	934170	8245.93417	8245	934170	3
8502.372792	8502	372792	8512.372792	8512	372792	5
7195.165365	7195	165365	7205.165365	7205	165365	3
7927.136349	7927	136349	7937.136349	7937	136349	5
6591.531629	6591	531629	6601.531629	6601	531629	5
6373.715416	6373	715416	6383.715416	6383	715416	3
5443.569975	5443	569975	5453.569975	5453	569975	2
6561.6536	6561	653600	6571.6536	6571	653600	1
9040.363724	9040	363724	9050.363724	9050	363724	1
stocks
17989.19545	17989	195448	1
