items_number
200
stocks_number
1
digit
4
items
718.4153	718	4153	728.4153	728	4153	1
901.4845	901	4845	911.4845	911	4845	5
715.3008	715	3008	725.3008	725	3008	1
823.7753	823	7753	833.7753	833	7753	3
923.0056	923	56	933.0056	933	56	4
778.3311	778	3311	788.3311	788	3311	2
540.0956	540	956	550.0956	550	956	2
673.5631	673	5631	683.5631	683	5631	3
951.5606	951	5606	961.5606	961	5606	3
506.3974	506	3974	516.3974	516	3974	2
869.4442	869	4442	879.4442	879	4442	4
520.5985	520	5985	530.5985	530	5985	3
928.2931	928	2931	938.2931	938	2931	5
829.1106	829	1106	839.1106	839	1106	4
518.6806	518	6806	528.6806	528	6806	5
725.0945	725	945	735.0945	735	945	2
516.7172	516	7172	526.7172	526	7172	2
552.7497	552	7497	562.7497	562	7497	5
820.2512	820	2512	830.2512	830	2512	3
975.8672	975	8672	985.8672	985	8672	4
984.9925	984	9925	994.9925	994	9925	3
717.6393	717	6393	727.6393	727	6393	2
792.694	792	6940	802.694	802	6940	1
619.0469	619	469	629.0469	629	469	2
976.1583	976	1583	986.1583	986	1583	5
535.3749	535	3749	545.3749	545	3749	4
874.8964	874	8964	884.8964	884	8964	2
657.5387	657	5387	667.5387	667	5387	4
657.8103	657	8103	667.8103	667	8103	4
561.5874	561	5874	571.5874	571	5874	2
596.8966	596	8966	606.8966	606	8966	3
876.8608	876	8608	886.8608	886	8608	1
708.0719	708	719	718.0719	718	719	2
811.8326	811	8326	821.8326	821	8326	3
945.6361	945	6361	955.6361	955	6361	3
630.0775	630	775	640.0775	640	775	2
835.1637	835	1637	845.1637	845	1637	2
985.7318	985	7318	995.7318	995	7318	5
550.2759	550	2759	560.2759	560	2759	4
785.7243	785	7243	795.7243	795	7243	1
737.7644	737	7644	747.7644	747	7644	1
919.3553	919	3553	929.3553	929	3553	3
552.958	552	9580	562.958	562	9580	4
664.0575	664	575	674.0575	674	575	2
994.466	994	4660	1004.466	1004	4660	3
817.2739	817	2739	827.2739	827	2739	3
889.7872	889	7872	899.7872	899	7872	3
757.8184	757	8184	767.8184	767	8184	1
870.0236	870	236	880.0236	880	236	2
956.0385	956	385	966.0385	966	385	2
731.6856	731	6856	741.6856	741	6856	4
599.0161	599	161	609.0161	609	161	1
672.313	672	3130	682.313	682	3130	1
770.3796	770	3796	780.3796	780	3796	1
718.6982	718	6982	728.6982	728	6982	2
894.4713	894	4713	904.4713	904	4713	5
551.3897	551	3897	561.3897	561	3897	4
591.5947	591	5947	601.5947	601	5947	3
550.6452	550	6452	560.6452	560	6452	3
709.2001	709	2001	719.2001	719	2001	4
899.1821	899	1821	909.1821	909	1821	2
646.5418	646	5418	656.5418	656	5418	2
831.0609	831	609	841.0609	841	609	5
606.8892	606	8892	616.8892	616	8892	5
703.3744	703	3744	713.3744	713	3744	2
521.3323	521	3323	531.3323	531	3323	4
984.602	984	6020	994.602	994	6020	1
537.1733	537	1733	547.1733	547	1733	3
505.0641	505	641	515.0641	515	641	5
533.8779	533	8779	543.8779	543	8779	5
569.5329	569	5329	579.5329	579	5329	5
743.4637	743	4637	753.4637	753	4637	2
952.8684	952	8684	962.8684	962	8684	4
868.4909	868	4909	878.4909	878	4909	3
907.1564	907	1564	917.1564	917	1564	4
691.3344	691	3344	701.3344	701	3344	1
684.4	684	4000	694.4	694	4000	2
542.9436	542	9436	552.9436	552	9436	1
948.788	948	7880	958.788	958	7880	4
800.4237	800	4237	810.4237	810	4237	5
744.9821	744	9821	754.9821	754	9821	5
926.4737	926	4737	936.4737	936	4737	2
899.075	899	750	909.075	909	750	5
916.9303	916	9303	926.9303	926	9303	5
695.4885	695	4885	705.4885	705	4885	5
863.7733	863	7733	873.7733	873	7733	3
809.4016	809	4016	819.4016	819	4016	4
746.5135	746	5135	756.5135	756	5135	3
701.0032	701	32	711.0032	711	32	3
605.0469	605	469	615.0469	615	469	3
701.7136	701	7136	711.7136	711	7136	4
846.1853	846	1853	856.1853	856	1853	4
998.2239	998	2239	1008.2239	1008	2239	1
778.4097	778	4097	788.4097	788	4097	5
699.7097	699	7097	709.7097	709	7097	3
700.2336	700	2336	710.2336	710	2336	2
799.742	799	7420	809.742	809	7420	3
682.3117	682	3117	692.3117	692	3117	5
984.4069	984	4069	994.4069	994	4069	1
551.4413	551	4413	561.4413	561	4413	5
715.8248	715	8248	725.8248	725	8248	4
552.9398	552	9398	562.9398	562	9398	1
794.905	794	9050	804.905	804	9050	1
913.6933	913	6933	923.6933	923	6933	4
666.066	666	660	676.066	676	660	5
947.0614	947	614	957.0614	957	614	4
850.6629	850	6629	860.6629	860	6629	2
851.1012	851	1012	861.1012	861	1012	2
735.0051	735	51	745.0051	745	51	2
544.451	544	4510	554.451	554	4510	5
650.5249	650	5249	660.5249	660	5249	3
979.6224	979	6224	989.6224	989	6224	1
970.5599	970	5599	980.5599	980	5599	3
796.2352	796	2352	806.2352	806	2352	5
640.5528	640	5528	650.5528	650	5528	5
911.0484	911	484	921.0484	921	484	2
658.0085	658	85	668.0085	668	85	2
695.5896	695	5896	705.5896	705	5896	5
903.5619	903	5619	913.5619	913	5619	2
605.0117	605	117	615.0117	615	117	4
800.2717	800	2717	810.2717	810	2717	4
851.9107	851	9107	861.9107	861	9107	5
952.8322	952	8322	962.8322	962	8322	4
543.4957	543	4957	553.4957	553	4957	4
875.3205	875	3205	885.3205	885	3205	1
650.5419	650	5419	660.5419	660	5419	3
743.7293	743	7293	753.7293	753	7293	1
674.6977	674	6977	684.6977	684	6977	5
832.4889	832	4889	842.4889	842	4889	3
727.7714	727	7714	737.7714	737	7714	1
972.7743	972	7743	982.7743	982	7743	4
793.3137	793	3137	803.3137	803	3137	3
525.3465	525	3465	535.3465	535	3465	3
765.6793	765	6793	775.6793	775	6793	5
952.007	952	70	962.007	962	70	2
692.0477	692	477	702.0477	702	477	3
958.376	958	3760	968.376	968	3760	3
547.67	547	6700	557.67	557	6700	5
789.1489	789	1489	799.1489	799	1489	1
940.0163	940	163	950.0163	950	163	4
591.7562	591	7562	601.7562	601	7562	4
685.6739	685	6739	695.6739	695	6739	3
664.2739	664	2739	674.2739	674	2739	1
560.3161	560	3161	570.3161	570	3161	1
981.5443	981	5443	991.5443	991	5443	2
805.4619	805	4619	815.4619	815	4619	5
717.9997	717	9997	727.9997	727	9997	3
886.188	886	1880	896.188	896	1880	1
746.0516	746	516	756.0516	756	516	1
620.5617	620	5617	630.5617	630	5617	1
991.8349	991	8349	1001.8349	1001	8349	1
793.3233	793	3233	803.3233	803	3233	4
717.1076	717	1076	727.1076	727	1076	5
942.6671	942	6671	952.6671	952	6671	5
836.4542	836	4542	846.4542	846	4542	3
591.0633	591	633	601.0633	601	633	2
591.8442	591	8442	601.8442	601	8442	4
826.1835	826	1835	836.1835	836	1835	3
511.7611	511	7611	521.7611	521	7611	1
669.9683	669	9683	679.9683	679	9683	1
799.5902	799	5902	809.5902	809	5902	5
983.5354	983	5354	993.5354	993	5354	5
708.2821	708	2821	718.2821	718	2821	1
824.9367	824	9367	834.9367	834	9367	3
994.8499	994	8499	1004.8499	1004	8499	4
659.2891	659	2891	669.2891	669	2891	4
762.9844	762	9844	772.9844	772	9844	2
952.2259	952	2259	962.2259	962	2259	1
707.5943	707	5943	717.5943	717	5943	3
797.1333	797	1333	807.1333	807	1333	2
637.2422	637	2422	647.2422	647	2422	5
544.3505	544	3505	554.3505	554	3505	1
983.4424	983	4424	993.4424	993	4424	1
801.1514	801	1514	811.1514	811	1514	2
605.6666	605	6666	615.6666	615	6666	3
963.9867	963	9867	973.9867	973	9867	5
852.6133	852	6133	862.6133	862	6133	4
822.6664	822	6664	832.6664	832	6664	2
848.8099	848	8099	858.8099	858	8099	5
598.6649	598	6649	608.6649	608	6649	4
688.8633	688	8633	698.8633	698	8633	2
585.6448	585	6448	595.6448	595	6448	5
637.6235	637	6235	647.6235	647	6235	3
905.9709	905	9709	915.9709	915	9709	3
526.9471	526	9471	536.9471	536	9471	1
973.0777	973	777	983.0777	983	777	2
997.6695	997	6695	1007.6695	1007	6695	4
865.4266	865	4266	875.4266	875	4266	5
798.8965	798	8965	808.8965	808	8965	1
507.0658	507	658	517.0658	517	658	5
780.3949	780	3949	790.3949	790	3949	2
843.4867	843	4867	853.4867	853	4867	5
737.2364	737	2364	747.2364	747	2364	4
989.677	989	6770	999.677	999	6770	2
914.0586	914	586	924.0586	924	586	4
730.0863	730	863	740.0863	740	863	2
894.6014	894	6014	904.6014	904	6014	5
675.043	675	430	685.043	685	430	5
681.9475	681	9475	691.9475	691	9475	2
847.1957	847	1957	857.1957	857	1957	4
stocks
2745.6728	2745	6728	1
