items_number
200
stocks_number
1
digit
2
items
997.11	997	11	1007.11	1007	11	1
763.82	763	82	773.82	773	82	4
904.22	904	22	914.22	914	22	4
681.23	681	23	691.23	691	23	2
902.86	902	86	912.86	912	86	3
533.1	533	10	543.1	543	10	1
741.9	741	90	751.9	751	90	4
910.33	910	33	920.33	920	33	3
664.86	664	86	674.86	674	86	3
722.58	722	58	732.58	732	58	5
590.6	590	60	600.6	600	60	3
855.64	855	64	865.64	865	64	5
611.2	611	20	621.2	621	20	3
822.96	822	96	832.96	832	96	2
919.98	919	98	929.98	929	98	4
536.8	536	80	546.8	546	80	1
567.21	567	21	577.21	577	21	4
747.56	747	56	757.56	757	56	3
689.51	689	51	699.51	699	51	5
934.88	934	88	944.88	944	88	3
545.42	545	42	555.42	555	42	2
605.99	605	99	615.99	615	99	5
872.69	872	69	882.69	882	69	2
660.43	660	43	670.43	670	43	2
572.05	572	5	582.05	582	5	1
640.27	640	27	650.27	650	27	5
850.78	850	78	860.78	860	78	2
784.96	784	96	794.96	794	96	3
975.65	975	65	985.65	985	65	3
887.61	887	61	897.61	897	61	2
651.11	651	11	661.11	661	11	1
971.76	971	76	981.76	981	76	5
649.44	649	44	659.44	659	44	5
802.34	802	34	812.34	812	34	4
899	899	0	909	909	0	1
798.3	798	30	808.3	808	30	4
835.96	835	96	845.96	845	96	1
886.42	886	42	896.42	896	42	2
707.16	707	16	717.16	717	16	2
745.82	745	82	755.82	755	82	4
855.01	855	1	865.01	865	1	1
544.28	544	28	554.28	554	28	1
599.99	599	99	609.99	609	99	3
712.21	712	21	722.21	722	21	3
612.24	612	24	622.24	622	24	2
518.49	518	49	528.49	528	49	3
748.53	748	53	758.53	758	53	3
926.97	926	97	936.97	936	97	2
765.57	765	57	775.57	775	57	5
938.57	938	57	948.57	948	57	5
859.86	859	86	869.86	869	86	1
557	557	0	567	567	0	4
789.56	789	56	799.56	799	56	1
977.07	977	7	987.07	987	7	3
717.95	717	95	727.95	727	95	2
861.62	861	62	871.62	871	62	3
617.35	617	35	627.35	627	35	4
566.73	566	73	576.73	576	73	3
644.1	644	10	654.1	654	10	5
591	591	0	601	601	0	4
699.87	699	87	709.87	709	87	4
541.22	541	22	551.22	551	22	5
809.28	809	28	819.28	819	28	3
849.31	849	31	859.31	859	31	5
843.08	843	8	853.08	853	8	5
707.28	707	28	717.28	717	28	1
646.13	646	13	656.13	656	13	4
924.56	924	56	934.56	934	56	1
839.23	839	23	849.23	849	23	2
599.81	599	81	609.81	609	81	5
668.9	668	90	678.9	678	90	1
693.76	693	76	703.76	703	76	4
890.09	890	9	900.09	900	9	5
768.89	768	89	778.89	778	89	5
905.49	905	49	915.49	915	49	4
502.86	502	86	512.86	512	86	3
532.91	532	91	542.91	542	91	3
900.02	900	2	910.02	910	2	3
928.83	928	83	938.83	938	83	2
543.48	543	48	553.48	553	48	4
837.59	837	59	847.59	847	59	4
533.69	533	69	543.69	543	69	2
600.48	600	48	610.48	610	48	2
872.68	872	68	882.68	882	68	4
509.29	509	29	519.29	519	29	1
564.43	564	43	574.43	574	43	1
732.82	732	82	742.82	742	82	1
873.64	873	64	883.64	883	64	2
877.69	877	69	887.69	887	69	3
622.92	622	92	632.92	632	92	3
965.64	965	64	975.64	975	64	5
576.56	576	56	586.56	586	56	4
910.66	910	66	920.66	920	66	4
773.44	773	44	783.44	783	44	2
671.39	671	39	681.39	681	39	3
1000.26	1000	26	1010.26	1010	26	4
726.73	726	73	736.73	736	73	4
817.04	817	4	827.04	827	4	1
923.82	923	82	933.82	933	82	1
564.48	564	48	574.48	574	48	2
916.86	916	86	926.86	926	86	2
838.25	838	25	848.25	848	25	3
504.24	504	24	514.24	514	24	1
806.47	806	47	816.47	816	47	3
852.66	852	66	862.66	862	66	2
909.73	909	73	919.73	919	73	1
554.33	554	33	564.33	564	33	3
884.57	884	57	894.57	894	57	1
808.27	808	27	818.27	818	27	3
728.69	728	69	738.69	738	69	4
927.06	927	6	937.06	937	6	5
891.39	891	39	901.39	901	39	2
761.9	761	90	771.9	771	90	2
774.06	774	6	784.06	784	6	3
762.07	762	7	772.07	772	7	2
517.19	517	19	527.19	527	19	3
584.5	584	50	594.5	594	50	3
740.41	740	41	750.41	750	41	3
890.83	890	83	900.83	900	83	4
961.71	961	71	971.71	971	71	1
608.33	608	33	618.33	618	33	2
854.99	854	99	864.99	864	99	5
783.79	783	79	793.79	793	79	4
518.52	518	52	528.52	528	52	5
873.44	873	44	883.44	883	44	1
954.18	954	18	964.18	964	18	3
517.78	517	78	527.78	527	78	5
845.69	845	69	855.69	855	69	2
770.22	770	22	780.22	780	22	1
686.13	686	13	696.13	696	13	2
910.69	910	69	920.69	920	69	5
933.08	933	8	943.08	943	8	4
523.38	523	38	533.38	533	38	4
660.93	660	93	670.93	670	93	5
985.08	985	8	995.08	995	8	2
621.04	621	4	631.04	631	4	3
568.18	568	18	578.18	578	18	5
538.41	538	41	548.41	548	41	1
504.62	504	62	514.62	514	62	3
623.45	623	45	633.45	633	45	5
512.62	512	62	522.62	522	62	4
678.2	678	20	688.2	688	20	4
760.84	760	84	770.84	770	84	1
774.53	774	53	784.53	784	53	2
698.26	698	26	708.26	708	26	2
769.43	769	43	779.43	779	43	2
537.24	537	24	547.24	547	24	1
782.28	782	28	792.28	792	28	4
755.84	755	84	765.84	765	84	1
927.6	927	60	937.6	937	60	4
742.99	742	99	752.99	752	99	1
864.7	864	70	874.7	874	70	2
527.59	527	59	537.59	537	59	3
525.78	525	78	535.78	535	78	1
628.22	628	22	638.22	638	22	4
646.55	646	55	656.55	656	55	1
979.48	979	48	989.48	989	48	4
645	645	0	655	655	0	3
992.76	992	76	1002.76	1002	76	4
996.71	996	71	1006.71	1006	71	4
577.13	577	13	587.13	587	13	5
647.45	647	45	657.45	657	45	3
928.31	928	31	938.31	938	31	4
848.03	848	3	858.03	858	3	5
807.9	807	90	817.9	817	90	5
912.39	912	39	922.39	922	39	5
969.6	969	60	979.6	979	60	2
621.6	621	60	631.6	631	60	1
696.33	696	33	706.33	706	33	2
974.22	974	22	984.22	984	22	2
991.58	991	58	1001.58	1001	58	5
708.47	708	47	718.47	718	47	2
898.94	898	94	908.94	908	94	5
751.94	751	94	761.94	761	94	2
728	728	0	738	738	0	4
595.2	595	20	605.2	605	20	3
519.38	519	38	529.38	529	38	1
765.25	765	25	775.25	775	25	4
877.01	877	1	887.01	887	1	2
774.74	774	74	784.74	784	74	3
939.85	939	85	949.85	949	85	5
618	618	0	628	628	0	2
884.44	884	44	894.44	894	44	5
966.96	966	96	976.96	976	96	4
890.31	890	31	900.31	900	31	5
511.66	511	66	521.66	521	66	5
611.04	611	4	621.04	621	4	1
615.79	615	79	625.79	625	79	3
903.67	903	67	913.67	913	67	2
849.32	849	32	859.32	859	32	4
610.02	610	2	620.02	620	2	3
981.32	981	32	991.32	991	32	3
996.3	996	30	1006.3	1006	30	4
537.86	537	86	547.86	547	86	1
828.88	828	88	838.88	838	88	3
548.72	548	72	558.72	558	72	3
695.25	695	25	705.25	705	25	3
796.48	796	48	806.48	806	48	1
670.33	670	33	680.33	680	33	5
637.1	637	10	647.1	647	10	4
stocks
20.2	51678	20	1
