items_number
200
stocks_number
1
digit
2
items
992.45	992	45	992.45	992	45	5
610.32	610	32	610.32	610	32	3
618.73	618	73	618.73	618	73	5
695.59	695	59	695.59	695	59	4
834.16	834	16	834.16	834	16	1
669.5	669	50	669.5	669	50	4
836.09	836	9	836.09	836	9	1
683.54	683	54	683.54	683	54	5
690.6	690	60	690.6	690	60	1
646.36	646	36	646.36	646	36	3
668.59	668	59	668.59	668	59	3
907.63	907	63	907.63	907	63	4
588.72	588	72	588.72	588	72	1
958.4	958	40	958.4	958	40	5
981.48	981	48	981.48	981	48	1
679.35	679	35	679.35	679	35	4
701.38	701	38	701.38	701	38	5
895.14	895	14	895.14	895	14	5
882.48	882	48	882.48	882	48	5
908.12	908	12	908.12	908	12	1
803.7	803	70	803.7	803	70	2
701.47	701	47	701.47	701	47	2
989.59	989	59	989.59	989	59	1
541.52	541	52	541.52	541	52	1
736.23	736	23	736.23	736	23	3
889.02	889	2	889.02	889	2	3
1000.85	1000	85	1000.85	1000	85	4
995.85	995	85	995.85	995	85	2
954.73	954	73	954.73	954	73	3
774.15	774	15	774.15	774	15	5
964.71	964	71	964.71	964	71	5
691.7	691	70	691.7	691	70	4
630.47	630	47	630.47	630	47	2
581.96	581	96	581.96	581	96	4
633.82	633	82	633.82	633	82	4
711.16	711	16	711.16	711	16	4
997.98	997	98	997.98	997	98	2
969.91	969	91	969.91	969	91	4
894.7	894	70	894.7	894	70	5
933.58	933	58	933.58	933	58	5
861.79	861	79	861.79	861	79	1
808.81	808	81	808.81	808	81	3
585.73	585	73	585.73	585	73	3
949.03	949	3	949.03	949	3	1
765.74	765	74	765.74	765	74	2
565.21	565	21	565.21	565	21	5
627.38	627	38	627.38	627	38	5
967.12	967	12	967.12	967	12	3
960.35	960	35	960.35	960	35	4
508.87	508	87	508.87	508	87	1
874.24	874	24	874.24	874	24	3
509.57	509	57	509.57	509	57	2
957.34	957	34	957.34	957	34	4
609.35	609	35	609.35	609	35	5
797.62	797	62	797.62	797	62	2
939.09	939	9	939.09	939	9	1
998.37	998	37	998.37	998	37	4
796.47	796	47	796.47	796	47	2
934.94	934	94	934.94	934	94	3
951.63	951	63	951.63	951	63	3
816.14	816	14	816.14	816	14	1
643.17	643	17	643.17	643	17	2
888.33	888	33	888.33	888	33	1
947.62	947	62	947.62	947	62	5
724.13	724	13	724.13	724	13	2
520.67	520	67	520.67	520	67	4
657.3	657	30	657.3	657	30	3
968.11	968	11	968.11	968	11	1
989.58	989	58	989.58	989	58	5
797.52	797	52	797.52	797	52	5
646.21	646	21	646.21	646	21	2
849.9	849	90	849.9	849	90	5
852.34	852	34	852.34	852	34	4
732.94	732	94	732.94	732	94	4
544.93	544	93	544.93	544	93	3
616.6	616	60	616.6	616	60	2
797.67	797	67	797.67	797	67	5
671.84	671	84	671.84	671	84	4
829.24	829	24	829.24	829	24	4
503.54	503	54	503.54	503	54	5
927.71	927	71	927.71	927	71	1
950	950	0	950	950	0	1
759.12	759	12	759.12	759	12	1
883.57	883	57	883.57	883	57	4
558.36	558	36	558.36	558	36	2
555.74	555	74	555.74	555	74	4
567.18	567	18	567.18	567	18	2
802.25	802	25	802.25	802	25	1
597.73	597	73	597.73	597	73	5
500.64	500	64	500.64	500	64	1
752.4	752	40	752.4	752	40	5
659.39	659	39	659.39	659	39	5
643.81	643	81	643.81	643	81	4
886.26	886	26	886.26	886	26	1
605.01	605	1	605.01	605	1	4
614.94	614	94	614.94	614	94	2
907.93	907	93	907.93	907	93	1
508.83	508	83	508.83	508	83	4
828.57	828	57	828.57	828	57	4
895.04	895	4	895.04	895	4	5
552.36	552	36	552.36	552	36	3
974.78	974	78	974.78	974	78	5
991.94	991	94	991.94	991	94	5
904.22	904	22	904.22	904	22	3
705.24	705	24	705.24	705	24	5
534.39	534	39	534.39	534	39	4
766.82	766	82	766.82	766	82	4
749.43	749	43	749.43	749	43	4
952.23	952	23	952.23	952	23	2
842.58	842	58	842.58	842	58	2
752.97	752	97	752.97	752	97	3
624.94	624	94	624.94	624	94	4
791.58	791	58	791.58	791	58	4
757.61	757	61	757.61	757	61	5
753.03	753	3	753.03	753	3	4
849.46	849	46	849.46	849	46	5
812.87	812	87	812.87	812	87	3
821.21	821	21	821.21	821	21	2
897.72	897	72	897.72	897	72	2
655.12	655	12	655.12	655	12	2
821.85	821	85	821.85	821	85	2
648.64	648	64	648.64	648	64	2
814.52	814	52	814.52	814	52	4
711.66	711	66	711.66	711	66	2
533.9	533	90	533.9	533	90	4
666.53	666	53	666.53	666	53	4
825.12	825	12	825.12	825	12	4
686.36	686	36	686.36	686	36	1
921.89	921	89	921.89	921	89	2
652.21	652	21	652.21	652	21	4
581.4	581	40	581.4	581	40	1
973.25	973	25	973.25	973	25	1
625.51	625	51	625.51	625	51	4
818.86	818	86	818.86	818	86	2
622.47	622	47	622.47	622	47	3
577.27	577	27	577.27	577	27	3
852.25	852	25	852.25	852	25	2
889.81	889	81	889.81	889	81	3
826.7	826	70	826.7	826	70	4
549.49	549	49	549.49	549	49	3
730.39	730	39	730.39	730	39	4
824.68	824	68	824.68	824	68	3
674.95	674	95	674.95	674	95	3
767.97	767	97	767.97	767	97	2
580.81	580	81	580.81	580	81	3
927.99	927	99	927.99	927	99	1
862.44	862	44	862.44	862	44	4
638.69	638	69	638.69	638	69	2
747.72	747	72	747.72	747	72	3
758.68	758	68	758.68	758	68	2
793.81	793	81	793.81	793	81	4
815.58	815	58	815.58	815	58	1
652.84	652	84	652.84	652	84	5
853.33	853	33	853.33	853	33	4
525.76	525	76	525.76	525	76	5
932.75	932	75	932.75	932	75	5
518.39	518	39	518.39	518	39	2
850.41	850	41	850.41	850	41	5
618.63	618	63	618.63	618	63	1
940.28	940	28	940.28	940	28	1
748.62	748	62	748.62	748	62	3
946.03	946	3	946.03	946	3	1
658.53	658	53	658.53	658	53	3
619.14	619	14	619.14	619	14	1
763.41	763	41	763.41	763	41	4
781.52	781	52	781.52	781	52	3
696.41	696	41	696.41	696	41	1
614.66	614	66	614.66	614	66	5
916.33	916	33	916.33	916	33	5
768.64	768	64	768.64	768	64	1
663.15	663	15	663.15	663	15	4
892.72	892	72	892.72	892	72	1
591.84	591	84	591.84	591	84	3
583.63	583	63	583.63	583	63	1
658.21	658	21	658.21	658	21	4
671.65	671	65	671.65	671	65	2
510.62	510	62	510.62	510	62	3
766.17	766	17	766.17	766	17	2
555.34	555	34	555.34	555	34	4
503.86	503	86	503.86	503	86	2
523.85	523	85	523.85	523	85	1
848.68	848	68	848.68	848	68	2
818.96	818	96	818.96	818	96	3
675.22	675	22	675.22	675	22	5
948.01	948	1	948.01	948	1	2
589.73	589	73	589.73	589	73	2
853.49	853	49	853.49	853	49	2
712.4	712	40	712.4	712	40	5
685.66	685	66	685.66	685	66	3
971.12	971	12	971.12	971	12	2
651.2	651	20	651.2	651	20	2
933.8	933	80	933.8	933	80	5
916.67	916	67	916.67	916	67	4
556.25	556	25	556.25	556	25	5
552.46	552	46	552.46	552	46	3
678.08	678	8	678.08	678	8	2
583.77	583	77	583.77	583	77	4
995.4	995	40	995.4	995	40	3
538.74	538	74	538.74	538	74	1
745.1	745	10	745.1	745	10	5
stocks
83.83	51706	83	1
