items_number
200
stocks_number
1
digit
6
items
596305.9503	596305	950296	596305.9503	596305	950296	2
691809.6347	691809	634728	691809.6347	691809	634728	3
842144.4956	842144	495637	842144.4956	842144	495637	1
501914.9245	501914	924508	501914.9245	501914	924508	4
841982.8124	841982	812416	841982.8124	841982	812416	4
820463.0294	820463	29427	820463.0294	820463	29427	5
973033.5163	973033	516280	973033.5163	973033	516280	3
851141.7116	851141	711595	851141.7116	851141	711595	2
981363.8206	981363	820649	981363.8206	981363	820649	2
587675.6387	587675	638699	587675.6387	587675	638699	4
726982.7946	726982	794614	726982.7946	726982	794614	5
643665.4002	643665	400177	643665.4002	643665	400177	1
600944.3579	600944	357902	600944.3579	600944	357902	1
833784.5193	833784	519335	833784.5193	833784	519335	1
870715.7683	870715	768267	870715.7683	870715	768267	1
677241.7632	677241	763246	677241.7632	677241	763246	2
651989.5277	651989	527699	651989.5277	651989	527699	5
936582.7279	936582	727898	936582.7279	936582	727898	5
597880.3319	597880	331875	597880.3319	597880	331875	1
907524.0333	907524	33316	907524.0333	907524	33316	3
924261.1225	924261	122473	924261.1225	924261	122473	5
603558.9426	603558	942618	603558.9426	603558	942618	4
849611.6179	849611	617899	849611.6179	849611	617899	3
686610.9047	686610	904680	686610.9047	686610	904680	2
808958.4816	808958	481644	808958.4816	808958	481644	4
546050.7137	546050	713707	546050.7137	546050	713707	5
789773.0432	789773	43158	789773.0432	789773	43158	4
564724.6606	564724	660644	564724.6606	564724	660644	2
700795.1085	700795	108515	700795.1085	700795	108515	4
898105.0513	898105	51250	898105.0513	898105	51250	2
818331.6226	818331	622595	818331.6226	818331	622595	3
797100.5752	797100	575163	797100.5752	797100	575163	2
589913.2023	589913	202330	589913.2023	589913	202330	5
681121.6346	681121	634585	681121.6346	681121	634585	5
819661.4997	819661	499671	819661.4997	819661	499671	5
952542.0147	952542	14746	952542.0147	952542	14746	3
522230.1804	522230	180364	522230.1804	522230	180364	4
813341.5323	813341	532304	813341.5323	813341	532304	5
803683.2427	803683	242694	803683.2427	803683	242694	1
503592.001	503592	1013	503592.001	503592	1013	2
901016.171	901016	171003	901016.171	901016	171003	5
530664.0373	530664	37308	530664.0373	530664	37308	5
667904.4012	667904	401191	667904.4012	667904	401191	4
522606.0453	522606	45258	522606.0453	522606	45258	1
885095.073	885095	72995	885095.073	885095	72995	3
538619.1695	538619	169458	538619.1695	538619	169458	5
699847.8085	699847	808504	699847.8085	699847	808504	4
537083.6007	537083	600694	537083.6007	537083	600694	2
995848.8974	995848	897356	995848.8974	995848	897356	4
818374.6567	818374	656732	818374.6567	818374	656732	4
944608.634	944608	634010	944608.634	944608	634010	1
940755.5362	940755	536182	940755.5362	940755	536182	3
921933.5994	921933	599350	921933.5994	921933	599350	2
814865.7683	814865	768262	814865.7683	814865	768262	1
627364.9572	627364	957214	627364.9572	627364	957214	1
751537.5973	751537	597347	751537.5973	751537	597347	2
860915.9983	860915	998321	860915.9983	860915	998321	5
937784.0004	937784	372	937784.0004	937784	372	4
816262.258	816262	257991	816262.258	816262	257991	3
561709.1068	561709	106836	561709.1068	561709	106836	5
835888.0516	835888	51622	835888.0516	835888	51622	3
655239.3969	655239	396939	655239.3969	655239	396939	2
879456.1984	879456	198351	879456.1984	879456	198351	4
925801.7703	925801	770304	925801.7703	925801	770304	2
836360.5479	836360	547876	836360.5479	836360	547876	3
719764.698	719764	698023	719764.698	719764	698023	3
898990.7851	898990	785051	898990.7851	898990	785051	1
858590.7282	858590	728240	858590.7282	858590	728240	4
533104.2303	533104	230327	533104.2303	533104	230327	4
702672.0277	702672	27745	702672.0277	702672	27745	3
882829.7293	882829	729254	882829.7293	882829	729254	5
954767.9177	954767	917682	954767.9177	954767	917682	4
733336.5814	733336	581405	733336.5814	733336	581405	5
550732.1304	550732	130445	550732.1304	550732	130445	4
977374.4793	977374	479292	977374.4793	977374	479292	1
618430.6544	618430	654400	618430.6544	618430	654400	4
609998.2999	609998	299903	609998.2999	609998	299903	5
697867.2878	697867	287797	697867.2878	697867	287797	4
676160.7714	676160	771447	676160.7714	676160	771447	2
626492.7136	626492	713612	626492.7136	626492	713612	5
516241.4609	516241	460881	516241.4609	516241	460881	4
641414.9218	641414	921809	641414.9218	641414	921809	2
567247.2498	567247	249794	567247.2498	567247	249794	5
938174.0602	938174	60231	938174.0602	938174	60231	2
956280.6901	956280	690071	956280.6901	956280	690071	4
694611.207	694611	207008	694611.207	694611	207008	5
689710.6576	689710	657578	689710.6576	689710	657578	3
837841.2047	837841	204744	837841.2047	837841	204744	5
653042.7237	653042	723732	653042.7237	653042	723732	1
526618.4319	526618	431922	526618.4319	526618	431922	2
920198.8279	920198	827932	920198.8279	920198	827932	2
988930.7754	988930	775355	988930.7754	988930	775355	3
681857.3452	681857	345213	681857.3452	681857	345213	1
799653.0263	799653	26284	799653.0263	799653	26284	5
935378.5457	935378	545659	935378.5457	935378	545659	1
538863.8931	538863	893089	538863.8931	538863	893089	3
540063.7243	540063	724307	540063.7243	540063	724307	4
834367.8471	834367	847062	834367.8471	834367	847062	1
897453.6213	897453	621329	897453.6213	897453	621329	1
573167.471	573167	470986	573167.471	573167	470986	3
537038.8748	537038	874807	537038.8748	537038	874807	5
800928.3506	800928	350583	800928.3506	800928	350583	3
548581.905	548581	905020	548581.905	548581	905020	3
791021.9726	791021	972564	791021.9726	791021	972564	1
851661.481	851661	481028	851661.481	851661	481028	3
525954.3843	525954	384313	525954.3843	525954	384313	3
930098.1433	930098	143317	930098.1433	930098	143317	4
982306.2973	982306	297284	982306.2973	982306	297284	2
723821.1885	723821	188462	723821.1885	723821	188462	3
606257.9148	606257	914764	606257.9148	606257	914764	5
629445.0109	629445	10896	629445.0109	629445	10896	1
760709.6493	760709	649343	760709.6493	760709	649343	3
747672.3529	747672	352925	747672.3529	747672	352925	4
696692.777	696692	777042	696692.777	696692	777042	5
698882.2259	698882	225926	698882.2259	698882	225926	4
724598.043	724598	42997	724598.043	724598	42997	2
911950.984	911950	984050	911950.984	911950	984050	5
909240.3999	909240	399857	909240.3999	909240	399857	3
562438.2477	562438	247741	562438.2477	562438	247741	4
564991.7078	564991	707782	564991.7078	564991	707782	2
956505.8318	956505	831779	956505.8318	956505	831779	1
982636.0757	982636	75674	982636.0757	982636	75674	5
553921.9995	553921	999489	553921.9995	553921	999489	4
638362.6933	638362	693344	638362.6933	638362	693344	1
802936.6183	802936	618310	802936.6183	802936	618310	4
989299.0615	989299	61501	989299.0615	989299	61501	4
677225.5864	677225	586433	677225.5864	677225	586433	1
842999.3426	842999	342617	842999.3426	842999	342617	2
844312.4249	844312	424915	844312.4249	844312	424915	1
595325.7241	595325	724114	595325.7241	595325	724114	3
916167.33	916167	329955	916167.33	916167	329955	4
901997.2997	901997	299723	901997.2997	901997	299723	2
896253.0747	896253	74698	896253.0747	896253	74698	5
964748.7513	964748	751327	964748.7513	964748	751327	3
693017.7886	693017	788639	693017.7886	693017	788639	3
768560.0721	768560	72078	768560.0721	768560	72078	2
511348.652	511348	651992	511348.652	511348	651992	5
623114.932	623114	931956	623114.932	623114	931956	1
771513.8857	771513	885714	771513.8857	771513	885714	5
755816.8405	755816	840454	755816.8405	755816	840454	4
750018.3631	750018	363072	750018.3631	750018	363072	3
900958.8966	900958	896610	900958.8966	900958	896610	1
516525.0061	516525	6149	516525.0061	516525	6149	1
997690.716	997690	715998	997690.716	997690	715998	1
597649.6737	597649	673652	597649.6737	597649	673652	2
736054.7484	736054	748428	736054.7484	736054	748428	1
722287.2753	722287	275347	722287.2753	722287	275347	4
530245.1741	530245	174054	530245.1741	530245	174054	3
665940.1483	665940	148285	665940.1483	665940	148285	5
784726.0394	784726	39440	784726.0394	784726	39440	2
595237.3982	595237	398189	595237.3982	595237	398189	4
622445.4964	622445	496416	622445.4964	622445	496416	1
788008.6315	788008	631466	788008.6315	788008	631466	1
649158.914	649158	914030	649158.914	649158	914030	4
781454.1898	781454	189760	781454.1898	781454	189760	1
590943.2498	590943	249776	590943.2498	590943	249776	1
659103.9755	659103	975531	659103.9755	659103	975531	2
979326.2925	979326	292545	979326.2925	979326	292545	3
933943.1087	933943	108745	933943.1087	933943	108745	3
524061.4004	524061	400447	524061.4004	524061	400447	4
595297.0167	595297	16659	595297.0167	595297	16659	1
870756.9551	870756	955052	870756.9551	870756	955052	3
926058.2165	926058	216522	926058.2165	926058	216522	1
991551.6077	991551	607709	991551.6077	991551	607709	5
856150.7064	856150	706380	856150.7064	856150	706380	3
639721.5215	639721	521513	639721.5215	639721	521513	3
780757.1961	780757	196140	780757.1961	780757	196140	4
867498.3584	867498	358372	867498.3584	867498	358372	2
762835.4535	762835	453470	762835.4535	762835	453470	5
552269.0819	552269	81854	552269.0819	552269	81854	3
623313.7152	623313	715179	623313.7152	623313	715179	3
533499.3329	533499	332894	533499.3329	533499	332894	2
973874.4948	973874	494817	973874.4948	973874	494817	5
660485.2377	660485	237680	660485.2377	660485	237680	5
531189.0489	531189	48892	531189.0489	531189	48892	4
571522.1685	571522	168469	571522.1685	571522	168469	2
896540.9861	896540	986108	896540.9861	896540	986108	1
774123.8406	774123	840591	774123.8406	774123	840591	3
622415.8589	622415	858876	622415.8589	622415	858876	1
562479.6507	562479	650745	562479.6507	562479	650745	5
579495.88	579495	880032	579495.88	579495	880032	4
717652.2571	717652	257065	717652.2571	717652	257065	2
705571.1472	705571	147161	705571.1472	705571	147161	5
867504.0278	867504	27850	867504.0278	867504	27850	2
887457.1711	887457	171095	887457.1711	887457	171095	5
507671.8533	507671	853273	507671.8533	507671	853273	3
958447.2776	958447	277627	958447.2776	958447	277627	2
567206.1466	567206	146627	567206.1466	567206	146627	4
986998.1458	986998	145818	986998.1458	986998	145818	5
892389.3864	892389	386372	892389.3864	892389	386372	1
591267.0634	591267	63426	591267.0634	591267	63426	2
582294.1625	582294	162478	582294.1625	582294	162478	5
763144.8578	763144	857777	763144.8578	763144	857777	1
537971.7963	537971	796300	537971.7963	537971	796300	2
594491.2865	594491	286539	594491.2865	594491	286539	2
619293.5642	619293	564157	619293.5642	619293	564157	3
677692.3178	677692	317813	677692.3178	677692	317813	4
875249.4827	875249	482679	875249.4827	875249	482679	5
507437.4389	507437	438881	507437.4389	507437	438881	1
961174.2876	961174	287635	961174.2876	961174	287635	1
stocks
960617.9606	48097838	960617	1
