items_number
200
stocks_number
1
digit
2
items
6957.43	6957	43	6957.43	6957	43	1
9708.91	9708	91	9708.91	9708	91	2
8707.03	8707	3	8707.03	8707	3	4
9862.15	9862	15	9862.15	9862	15	1
6627.47	6627	47	6627.47	6627	47	5
8204.14	8204	14	8204.14	8204	14	5
7036.6	7036	60	7036.6	7036	60	4
9722.87	9722	87	9722.87	9722	87	5
6396.74	6396	74	6396.74	6396	74	3
8522.87	8522	87	8522.87	8522	87	2
7512.78	7512	78	7512.78	7512	78	2
6361.65	6361	65	6361.65	6361	65	1
9904.69	9904	69	9904.69	9904	69	5
5261.94	5261	94	5261.94	5261	94	3
6279.48	6279	48	6279.48	6279	48	2
9604.82	9604	82	9604.82	9604	82	3
5644.48	5644	48	5644.48	5644	48	2
6847.62	6847	62	6847.62	6847	62	3
6399.59	6399	59	6399.59	6399	59	3
7415.56	7415	56	7415.56	7415	56	3
9303.25	9303	25	9303.25	9303	25	5
9184.85	9184	85	9184.85	9184	85	1
8559.9	8559	90	8559.9	8559	90	2
8415.21	8415	21	8415.21	8415	21	5
9424.81	9424	81	9424.81	9424	81	2
5723.62	5723	62	5723.62	5723	62	4
7860.89	7860	89	7860.89	7860	89	5
8825.27	8825	27	8825.27	8825	27	3
5067.05	5067	5	5067.05	5067	5	2
9154.88	9154	88	9154.88	9154	88	2
7312.29	7312	29	7312.29	7312	29	1
7788.48	7788	48	7788.48	7788	48	2
9624.32	9624	32	9624.32	9624	32	5
6781.32	6781	32	6781.32	6781	32	1
7649.16	7649	16	7649.16	7649	16	4
6250.31	6250	31	6250.31	6250	31	4
9986.99	9986	99	9986.99	9986	99	2
5447.76	5447	76	5447.76	5447	76	3
6734.7	6734	70	6734.7	6734	70	3
6381.73	6381	73	6381.73	6381	73	1
8969.63	8969	63	8969.63	8969	63	4
9247.48	9247	48	9247.48	9247	48	4
8505.9	8505	90	8505.9	8505	90	1
8872.84	8872	84	8872.84	8872	84	3
9508.43	9508	43	9508.43	9508	43	3
9785.39	9785	39	9785.39	9785	39	4
9238.66	9238	66	9238.66	9238	66	2
5914.91	5914	91	5914.91	5914	91	4
6631.01	6631	1	6631.01	6631	1	1
5636.78	5636	78	5636.78	5636	78	5
8330.48	8330	48	8330.48	8330	48	2
6697.78	6697	78	6697.78	6697	78	2
9820.15	9820	15	9820.15	9820	15	2
7651.9	7651	90	7651.9	7651	90	3
5111.51	5111	51	5111.51	5111	51	1
5005.96	5005	96	5005.96	5005	96	4
9138.04	9138	4	9138.04	9138	4	2
8735.4	8735	40	8735.4	8735	40	1
9594.75	9594	75	9594.75	9594	75	1
9968.09	9968	9	9968.09	9968	9	5
7888.81	7888	81	7888.81	7888	81	2
7668.04	7668	4	7668.04	7668	4	3
8518.1	8518	10	8518.1	8518	10	1
8274.13	8274	13	8274.13	8274	13	1
9449.89	9449	89	9449.89	9449	89	3
6166.26	6166	26	6166.26	6166	26	4
9525.44	9525	44	9525.44	9525	44	1
9434.4	9434	40	9434.4	9434	40	4
7376.02	7376	2	7376.02	7376	2	3
7021.15	7021	15	7021.15	7021	15	4
6578.13	6578	13	6578.13	6578	13	4
7107.18	7107	18	7107.18	7107	18	1
6267.15	6267	15	6267.15	6267	15	4
5082.03	5082	3	5082.03	5082	3	1
5978.54	5978	54	5978.54	5978	54	5
6537.58	6537	58	6537.58	6537	58	2
9867.94	9867	94	9867.94	9867	94	1
5978.73	5978	73	5978.73	5978	73	2
7452.02	7452	2	7452.02	7452	2	5
7261.47	7261	47	7261.47	7261	47	3
6614.03	6614	3	6614.03	6614	3	3
6544.02	6544	2	6544.02	6544	2	3
9721.77	9721	77	9721.77	9721	77	4
6433.18	6433	18	6433.18	6433	18	4
9958.44	9958	44	9958.44	9958	44	1
9832.28	9832	28	9832.28	9832	28	5
7202.66	7202	66	7202.66	7202	66	2
9095.48	9095	48	9095.48	9095	48	4
9329.21	9329	21	9329.21	9329	21	2
6795.42	6795	42	6795.42	6795	42	5
9063.1	9063	10	9063.1	9063	10	3
7979.02	7979	2	7979.02	7979	2	3
9463.98	9463	98	9463.98	9463	98	2
7580.2	7580	20	7580.2	7580	20	5
6253.67	6253	67	6253.67	6253	67	5
9674.39	9674	39	9674.39	9674	39	5
9510.46	9510	46	9510.46	9510	46	5
6540.63	6540	63	6540.63	6540	63	5
9108.79	9108	79	9108.79	9108	79	5
6885	6885	0	6885	6885	0	3
8561.3	8561	30	8561.3	8561	30	5
5685.44	5685	44	5685.44	5685	44	1
9756.7	9756	70	9756.7	9756	70	5
5591.46	5591	46	5591.46	5591	46	1
5767	5767	0	5767	5767	0	3
5733.77	5733	77	5733.77	5733	77	5
7128.04	7128	4	7128.04	7128	4	2
6397.94	6397	94	6397.94	6397	94	4
6712.5	6712	50	6712.5	6712	50	3
5342.06	5342	6	5342.06	5342	6	3
9421.42	9421	42	9421.42	9421	42	1
9089.53	9089	53	9089.53	9089	53	5
7649.08	7649	8	7649.08	7649	8	1
9141.19	9141	19	9141.19	9141	19	2
6285.71	6285	71	6285.71	6285	71	5
7607.52	7607	52	7607.52	7607	52	3
9735	9735	0	9735	9735	0	1
8487.37	8487	37	8487.37	8487	37	4
6701.53	6701	53	6701.53	6701	53	1
9064.21	9064	21	9064.21	9064	21	2
6044.31	6044	31	6044.31	6044	31	3
6526.63	6526	63	6526.63	6526	63	5
7805.75	7805	75	7805.75	7805	75	1
6269.82	6269	82	6269.82	6269	82	4
9107.35	9107	35	9107.35	9107	35	4
9821.42	9821	42	9821.42	9821	42	2
5942.21	5942	21	5942.21	5942	21	5
9379.33	9379	33	9379.33	9379	33	5
6360.05	6360	5	6360.05	6360	5	3
5049.01	5049	1	5049.01	5049	1	5
7026.85	7026	85	7026.85	7026	85	2
5684.36	5684	36	5684.36	5684	36	5
6497.45	6497	45	6497.45	6497	45	2
6781.56	6781	56	6781.56	6781	56	2
6275.82	6275	82	6275.82	6275	82	5
7265.45	7265	45	7265.45	7265	45	4
8278.85	8278	85	8278.85	8278	85	1
9166.38	9166	38	9166.38	9166	38	3
9425.92	9425	92	9425.92	9425	92	4
5752.35	5752	35	5752.35	5752	35	5
9509.45	9509	45	9509.45	9509	45	5
8845.86	8845	86	8845.86	8845	86	2
9841.4	9841	40	9841.4	9841	40	4
7157.05	7157	5	7157.05	7157	5	5
7985.57	7985	57	7985.57	7985	57	3
6125.11	6125	11	6125.11	6125	11	3
9764.1	9764	10	9764.1	9764	10	2
7719.57	7719	57	7719.57	7719	57	3
5374	5374	0	5374	5374	0	1
7228.63	7228	63	7228.63	7228	63	4
7545.3	7545	30	7545.3	7545	30	1
6418.84	6418	84	6418.84	6418	84	5
8754.78	8754	78	8754.78	8754	78	3
5350.05	5350	5	5350.05	5350	5	3
7687.66	7687	66	7687.66	7687	66	4
8623.13	8623	13	8623.13	8623	13	3
5933.47	5933	47	5933.47	5933	47	1
8630.87	8630	87	8630.87	8630	87	5
8001.46	8001	46	8001.46	8001	46	3
8057.05	8057	5	8057.05	8057	5	5
9442.4	9442	40	9442.4	9442	40	1
5027.31	5027	31	5027.31	5027	31	1
8741.41	8741	41	8741.41	8741	41	4
5939.38	5939	38	5939.38	5939	38	2
7571.39	7571	39	7571.39	7571	39	2
5778.23	5778	23	5778.23	5778	23	5
8967.35	8967	35	8967.35	8967	35	3
5848.24	5848	24	5848.24	5848	24	4
9944.13	9944	13	9944.13	9944	13	2
9154.27	9154	27	9154.27	9154	27	1
6600.11	6600	11	6600.11	6600	11	3
9452.58	9452	58	9452.58	9452	58	2
7998.13	7998	13	7998.13	7998	13	2
7204.51	7204	51	7204.51	7204	51	3
7372.16	7372	16	7372.16	7372	16	1
6745.23	6745	23	6745.23	6745	23	1
9092.14	9092	14	9092.14	9092	14	3
7898.26	7898	26	7898.26	7898	26	5
9464.8	9464	80	9464.8	9464	80	5
9467.15	9467	15	9467.15	9467	15	5
5125.41	5125	41	5125.41	5125	41	5
7772.63	7772	63	7772.63	7772	63	5
5884.51	5884	51	5884.51	5884	51	5
8880.71	8880	71	8880.71	8880	71	3
8885.68	8885	68	8885.68	8885	68	4
9335.17	9335	17	9335.17	9335	17	5
7502.84	7502	84	7502.84	7502	84	2
9818.68	9818	68	9818.68	9818	68	1
8727.56	8727	56	8727.56	8727	56	4
6266.82	6266	82	6266.82	6266	82	1
7874.73	7874	73	7874.73	7874	73	1
8168.97	8168	97	8168.97	8168	97	5
7056.13	7056	13	7056.13	7056	13	2
7377.14	7377	14	7377.14	7377	14	4
9870.35	9870	35	9870.35	9870	35	3
9627.05	9627	5	9627.05	9627	5	5
8155.89	8155	89	8155.89	8155	89	1
8836.22	8836	22	8836.22	8836	22	5
5475.29	5475	29	5475.29	5475	29	4
8862.02	8862	2	8862.02	8862	2	2
stocks
58.58	458199	58	1
