items_number
200
stocks_number
1
digit
4
items
8544.2605	8544	2605	8544.2605	8544	2605	2
5322.5858	5322	5858	5322.5858	5322	5858	5
5805.0051	5805	51	5805.0051	5805	51	2
8663.3389	8663	3389	8663.3389	8663	3389	2
9101.5796	9101	5796	9101.5796	9101	5796	3
6643.1623	6643	1623	6643.1623	6643	1623	2
6707.8496	6707	8496	6707.8496	6707	8496	5
6234.7057	6234	7057	6234.7057	6234	7057	4
7377.4871	7377	4871	7377.4871	7377	4871	2
8780.7886	8780	7886	8780.7886	8780	7886	1
8397.5835	8397	5835	8397.5835	8397	5835	5
8536.8311	8536	8311	8536.8311	8536	8311	5
7179.3562	7179	3562	7179.3562	7179	3562	1
6602.8161	6602	8161	6602.8161	6602	8161	4
8601.0014	8601	14	8601.0014	8601	14	3
9947.2807	9947	2807	9947.2807	9947	2807	4
6199.0778	6199	778	6199.0778	6199	778	1
5466.0948	5466	948	5466.0948	5466	948	1
8139.3958	8139	3958	8139.3958	8139	3958	5
9829.1039	9829	1039	9829.1039	9829	1039	5
9559.6632	9559	6632	9559.6632	9559	6632	2
5571.1145	5571	1145	5571.1145	5571	1145	2
8602.0871	8602	871	8602.0871	8602	871	2
9513.5355	9513	5355	9513.5355	9513	5355	4
7098.959	7098	9590	7098.959	7098	9590	3
9208.2869	9208	2869	9208.2869	9208	2869	4
7441.8039	7441	8039	7441.8039	7441	8039	1
9320.38	9320	3800	9320.38	9320	3800	3
6564.4779	6564	4779	6564.4779	6564	4779	2
9634.3549	9634	3549	9634.3549	9634	3549	1
8969.0483	8969	483	8969.0483	8969	483	2
5108.7384	5108	7384	5108.7384	5108	7384	5
5718.9407	5718	9407	5718.9407	5718	9407	5
9774.6886	9774	6886	9774.6886	9774	6886	1
9534.7125	9534	7125	9534.7125	9534	7125	1
9819.5204	9819	5204	9819.5204	9819	5204	2
7179.8509	7179	8509	7179.8509	7179	8509	4
7003.5622	7003	5622	7003.5622	7003	5622	2
6815.2261	6815	2261	6815.2261	6815	2261	2
9557.338	9557	3380	9557.338	9557	3380	5
5783.986	5783	9860	5783.986	5783	9860	2
5974.4448	5974	4448	5974.4448	5974	4448	3
8855.8043	8855	8043	8855.8043	8855	8043	5
8725.3422	8725	3422	8725.3422	8725	3422	5
7577.8962	7577	8962	7577.8962	7577	8962	1
8218.8057	8218	8057	8218.8057	8218	8057	4
9434.2581	9434	2581	9434.2581	9434	2581	3
9539.974	9539	9740	9539.974	9539	9740	3
9447.5357	9447	5357	9447.5357	9447	5357	4
7573.6539	7573	6539	7573.6539	7573	6539	4
9367.7131	9367	7131	9367.7131	9367	7131	3
9005.1989	9005	1989	9005.1989	9005	1989	5
8907.7685	8907	7685	8907.7685	8907	7685	5
8731.8002	8731	8002	8731.8002	8731	8002	4
9280.7344	9280	7344	9280.7344	9280	7344	1
6004.3627	6004	3627	6004.3627	6004	3627	2
8701.0871	8701	871	8701.0871	8701	871	4
6721.1735	6721	1735	6721.1735	6721	1735	1
5324.7427	5324	7427	5324.7427	5324	7427	5
6028.2002	6028	2002	6028.2002	6028	2002	5
7117.5285	7117	5285	7117.5285	7117	5285	1
5055.4262	5055	4262	5055.4262	5055	4262	3
6899.9386	6899	9386	6899.9386	6899	9386	4
7835.1044	7835	1044	7835.1044	7835	1044	2
9829.1148	9829	1148	9829.1148	9829	1148	3
6432.2864	6432	2864	6432.2864	6432	2864	4
7654.26	7654	2600	7654.26	7654	2600	4
7770.9657	7770	9657	7770.9657	7770	9657	4
9198.4838	9198	4838	9198.4838	9198	4838	2
5231.1214	5231	1214	5231.1214	5231	1214	2
8089.9389	8089	9389	8089.9389	8089	9389	5
9981.4698	9981	4698	9981.4698	9981	4698	1
6206.2014	6206	2014	6206.2014	6206	2014	5
7706.7432	7706	7432	7706.7432	7706	7432	4
9468.812	9468	8120	9468.812	9468	8120	5
9546.0976	9546	976	9546.0976	9546	976	2
5923.1841	5923	1841	5923.1841	5923	1841	4
8902.0702	8902	702	8902.0702	8902	702	4
9847.7068	9847	7068	9847.7068	9847	7068	5
6133.355	6133	3550	6133.355	6133	3550	3
7237.3593	7237	3593	7237.3593	7237	3593	3
9977.4199	9977	4199	9977.4199	9977	4199	2
5137.5539	5137	5539	5137.5539	5137	5539	4
6143.1278	6143	1278	6143.1278	6143	1278	2
9470.2201	9470	2201	9470.2201	9470	2201	2
9418.9236	9418	9236	9418.9236	9418	9236	1
7147.4906	7147	4906	7147.4906	7147	4906	1
8171.9424	8171	9424	8171.9424	8171	9424	5
6901.7323	6901	7323	6901.7323	6901	7323	1
8234.8685	8234	8685	8234.8685	8234	8685	2
9962.1426	9962	1426	9962.1426	9962	1426	5
9018.896	9018	8960	9018.896	9018	8960	3
8289.2948	8289	2948	8289.2948	8289	2948	4
6860.7165	6860	7165	6860.7165	6860	7165	5
6852.0005	6852	5	6852.0005	6852	5	5
8880.4096	8880	4096	8880.4096	8880	4096	4
9055.0029	9055	29	9055.0029	9055	29	1
5268.8957	5268	8957	5268.8957	5268	8957	5
7413.3754	7413	3754	7413.3754	7413	3754	2
8252.4867	8252	4867	8252.4867	8252	4867	2
5500.6523	5500	6523	5500.6523	5500	6523	1
5501.9495	5501	9495	5501.9495	5501	9495	1
8996.9565	8996	9565	8996.9565	8996	9565	2
7469.8538	7469	8538	7469.8538	7469	8538	2
8208.6928	8208	6928	8208.6928	8208	6928	2
9226.4037	9226	4037	9226.4037	9226	4037	1
7777.5866	7777	5866	7777.5866	7777	5866	4
9894.5121	9894	5121	9894.5121	9894	5121	2
8127.1091	8127	1091	8127.1091	8127	1091	2
8386.2935	8386	2935	8386.2935	8386	2935	3
6026.8672	6026	8672	6026.8672	6026	8672	4
6126.4685	6126	4685	6126.4685	6126	4685	4
8362.3486	8362	3486	8362.3486	8362	3486	1
6927.0563	6927	563	6927.0563	6927	563	5
8032.5963	8032	5963	8032.5963	8032	5963	2
8595.204	8595	2040	8595.204	8595	2040	4
7107.6151	7107	6151	7107.6151	7107	6151	5
5179.7221	5179	7221	5179.7221	5179	7221	2
7528.7816	7528	7816	7528.7816	7528	7816	3
9008.9827	9008	9827	9008.9827	9008	9827	3
9176.2259	9176	2259	9176.2259	9176	2259	3
7489.5595	7489	5595	7489.5595	7489	5595	4
8025.8787	8025	8787	8025.8787	8025	8787	2
8228.5207	8228	5207	8228.5207	8228	5207	4
9349.276	9349	2760	9349.276	9349	2760	4
5639.5144	5639	5144	5639.5144	5639	5144	1
7870.5655	7870	5655	7870.5655	7870	5655	4
9166.9141	9166	9141	9166.9141	9166	9141	1
5908.4102	5908	4102	5908.4102	5908	4102	2
5282.5761	5282	5761	5282.5761	5282	5761	5
8180.4008	8180	4008	8180.4008	8180	4008	2
7171.0625	7171	625	7171.0625	7171	625	5
5784.5257	5784	5257	5784.5257	5784	5257	2
7175.9925	7175	9925	7175.9925	7175	9925	4
9640.5515	9640	5515	9640.5515	9640	5515	3
9755.8537	9755	8537	9755.8537	9755	8537	5
6401.0314	6401	314	6401.0314	6401	314	1
8179.1382	8179	1382	8179.1382	8179	1382	1
5410.001	5410	10	5410.001	5410	10	2
5290.1406	5290	1406	5290.1406	5290	1406	4
7327.0669	7327	669	7327.0669	7327	669	5
6437.8682	6437	8682	6437.8682	6437	8682	2
6417.6091	6417	6091	6417.6091	6417	6091	2
5689.4155	5689	4155	5689.4155	5689	4155	2
8364.5598	8364	5598	8364.5598	8364	5598	1
9449.8406	9449	8406	9449.8406	9449	8406	1
5046.2547	5046	2547	5046.2547	5046	2547	5
5470.8101	5470	8101	5470.8101	5470	8101	3
5390.198	5390	1980	5390.198	5390	1980	4
7574.0364	7574	364	7574.0364	7574	364	5
5240.7928	5240	7928	5240.7928	5240	7928	2
5329.4239	5329	4239	5329.4239	5329	4239	4
5062.5959	5062	5959	5062.5959	5062	5959	3
8265.6716	8265	6716	8265.6716	8265	6716	3
8557.5798	8557	5798	8557.5798	8557	5798	2
5173.8719	5173	8719	5173.8719	5173	8719	3
8904.8212	8904	8212	8904.8212	8904	8212	1
7189.7805	7189	7805	7189.7805	7189	7805	5
9339.4212	9339	4212	9339.4212	9339	4212	3
5574.8666	5574	8666	5574.8666	5574	8666	4
7472.3567	7472	3567	7472.3567	7472	3567	1
7518.4572	7518	4572	7518.4572	7518	4572	2
7745.9292	7745	9292	7745.9292	7745	9292	3
9019.5176	9019	5176	9019.5176	9019	5176	4
5456.4497	5456	4497	5456.4497	5456	4497	5
8147.1159	8147	1159	8147.1159	8147	1159	1
9536.3713	9536	3713	9536.3713	9536	3713	4
6857.4811	6857	4811	6857.4811	6857	4811	2
6325.8893	6325	8893	6325.8893	6325	8893	3
9946.3723	9946	3723	9946.3723	9946	3723	5
7910.2569	7910	2569	7910.2569	7910	2569	1
8653.9562	8653	9562	8653.9562	8653	9562	3
6382.8758	6382	8758	6382.8758	6382	8758	3
5089.5012	5089	5012	5089.5012	5089	5012	4
5104.007	5104	70	5104.007	5104	70	4
5508.0708	5508	708	5508.0708	5508	708	1
5301.3419	5301	3419	5301.3419	5301	3419	4
5150.2617	5150	2617	5150.2617	5150	2617	1
6741.8809	6741	8809	6741.8809	6741	8809	5
5691.1751	5691	1751	5691.1751	5691	1751	3
7724.2981	7724	2981	7724.2981	7724	2981	5
6981.309	6981	3090	6981.309	6981	3090	1
6783.2342	6783	2342	6783.2342	6783	2342	1
8549.5292	8549	5292	8549.5292	8549	5292	4
5245.9806	5245	9806	5245.9806	5245	9806	3
6102.4492	6102	4492	6102.4492	6102	4492	4
9485.4011	9485	4011	9485.4011	9485	4011	2
9913.8018	9913	8018	9913.8018	9913	8018	5
8292.2297	8292	2297	8292.2297	8292	2297	5
8823.4575	8823	4575	8823.4575	8823	4575	1
5486.6685	5486	6685	5486.6685	5486	6685	4
6526.2216	6526	2216	6526.2216	6526	2216	5
7103.9147	7103	9147	7103.9147	7103	9147	2
8232.2329	8232	2329	8232.2329	8232	2329	3
5544.7392	5544	7392	5544.7392	5544	7392	3
8322.3644	8322	3644	8322.3644	8322	3644	3
7141.984	7141	9840	7141.984	7141	9840	3
5079.1105	5079	1105	5079.1105	5079	1105	1
5941.4808	5941	4808	5941.4808	5941	4808	5
8467.8734	8467	8734	8467.8734	8467	8734	1
stocks
1612.1612	468152	1612	1
