items_number
200
stocks_number
1
digit
6
items
90263.76819	90263	768195	90263.76819	90263	768195	4
56852.76537	56852	765372	56852.76537	56852	765372	5
84469.81424	84469	814243	84469.81424	84469	814243	1
98434.64557	98434	645569	98434.64557	98434	645569	1
62648.2256	62648	225604	62648.2256	62648	225604	2
96737.43227	96737	432267	96737.43227	96737	432267	4
50126.47962	50126	479622	50126.47962	50126	479622	2
95445.81728	95445	817283	95445.81728	95445	817283	3
75320.09912	75320	99118	75320.09912	75320	99118	3
59048.3118	59048	311798	59048.3118	59048	311798	1
58969.24221	58969	242208	58969.24221	58969	242208	3
68832.16471	68832	164710	68832.16471	68832	164710	5
54857.17303	54857	173026	54857.17303	54857	173026	1
67917.49125	67917	491251	67917.49125	67917	491251	1
52396.29592	52396	295916	52396.29592	52396	295916	2
87431.06594	87431	65937	87431.06594	87431	65937	3
76861.14631	76861	146311	76861.14631	76861	146311	1
85364.86524	85364	865237	85364.86524	85364	865237	4
66028.28012	66028	280120	66028.28012	66028	280120	5
93046.1868	93046	186804	93046.1868	93046	186804	2
52928.99465	52928	994650	52928.99465	52928	994650	4
78871.47911	78871	479113	78871.47911	78871	479113	1
77600.36773	77600	367730	77600.36773	77600	367730	3
90549.84399	90549	843992	90549.84399	90549	843992	3
89154.18685	89154	186846	89154.18685	89154	186846	1
63246.54234	63246	542337	63246.54234	63246	542337	1
70329.62606	70329	626056	70329.62606	70329	626056	5
79402.1588	79402	158805	79402.1588	79402	158805	3
53612.48195	53612	481947	53612.48195	53612	481947	3
55900.40684	55900	406838	55900.40684	55900	406838	4
68459.63865	68459	638648	68459.63865	68459	638648	5
93875.76649	93875	766494	93875.76649	93875	766494	2
72053.17221	72053	172210	72053.17221	72053	172210	5
62228.45289	62228	452891	62228.45289	62228	452891	5
51608.41206	51608	412063	51608.41206	51608	412063	4
84701.91417	84701	914167	84701.91417	84701	914167	3
68266.40151	68266	401511	68266.40151	68266	401511	4
51735.40804	51735	408038	51735.40804	51735	408038	2
80145.73145	80145	731450	80145.73145	80145	731450	5
93586.50063	93586	500629	93586.50063	93586	500629	3
70084.71984	70084	719836	70084.71984	70084	719836	4
98416.49001	98416	490010	98416.49001	98416	490010	2
62418.66534	62418	665339	62418.66534	62418	665339	2
84242.40921	84242	409214	84242.40921	84242	409214	5
66332.98126	66332	981261	66332.98126	66332	981261	4
74115.96126	74115	961256	74115.96126	74115	961256	3
71673.47515	71673	475152	71673.47515	71673	475152	2
52493.64392	52493	643924	52493.64392	52493	643924	5
59478.34284	59478	342845	59478.34284	59478	342845	3
97002.75527	97002	755272	97002.75527	97002	755272	1
95539.83073	95539	830729	95539.83073	95539	830729	1
71707.3375	71707	337496	71707.3375	71707	337496	1
85173.23439	85173	234385	85173.23439	85173	234385	4
73138.71481	73138	714811	73138.71481	73138	714811	5
71557.69784	71557	697840	71557.69784	71557	697840	5
74326.93758	74326	937584	74326.93758	74326	937584	4
95686.25715	95686	257149	95686.25715	95686	257149	5
51186.3239	51186	323897	51186.3239	51186	323897	5
63028.09639	63028	96389	63028.09639	63028	96389	4
99298.25545	99298	255448	99298.25545	99298	255448	3
57086.73073	57086	730735	57086.73073	57086	730735	5
90788.73504	90788	735037	90788.73504	90788	735037	3
52473.02194	52473	21943	52473.02194	52473	21943	1
79139.4193	79139	419297	79139.4193	79139	419297	1
53015.70428	53015	704280	53015.70428	53015	704280	4
54081.95036	54081	950358	54081.95036	54081	950358	1
63839.33346	63839	333464	63839.33346	63839	333464	1
71281.10579	71281	105791	71281.10579	71281	105791	2
65117.87475	65117	874748	65117.87475	65117	874748	2
93985.58127	93985	581267	93985.58127	93985	581267	5
74168.12277	74168	122772	74168.12277	74168	122772	1
85202.59458	85202	594585	85202.59458	85202	594585	5
51700.07128	51700	71277	51700.07128	51700	71277	4
95887.78811	95887	788112	95887.78811	95887	788112	5
78744.52015	78744	520151	78744.52015	78744	520151	4
68032.56889	68032	568891	68032.56889	68032	568891	2
70001.26572	70001	265720	70001.26572	70001	265720	2
50416.9953	50416	995303	50416.9953	50416	995303	5
70525.21282	70525	212815	70525.21282	70525	212815	3
88781.60857	88781	608565	88781.60857	88781	608565	2
56718.75058	56718	750576	56718.75058	56718	750576	3
66063.5599	66063	559896	66063.5599	66063	559896	3
60487.46241	60487	462413	60487.46241	60487	462413	4
91891.50131	91891	501313	91891.50131	91891	501313	1
98502.27471	98502	274708	98502.27471	98502	274708	3
82044.16025	82044	160254	82044.16025	82044	160254	4
75517.4389	75517	438897	75517.4389	75517	438897	4
94187.04821	94187	48209	94187.04821	94187	48209	4
83231.0005	83231	503	83231.0005	83231	503	3
97846.05164	97846	51638	97846.05164	97846	51638	2
52785.30366	52785	303657	52785.30366	52785	303657	1
99618.73124	99618	731238	99618.73124	99618	731238	4
88633.30303	88633	303027	88633.30303	88633	303027	1
55258.84195	55258	841952	55258.84195	55258	841952	3
78757.15053	78757	150535	78757.15053	78757	150535	4
50949.00731	50949	7308	50949.00731	50949	7308	5
59339.30866	59339	308663	59339.30866	59339	308663	3
51896.00035	51896	352	51896.00035	51896	352	1
81531.1131	81531	113099	81531.1131	81531	113099	3
74457.69976	74457	699763	74457.69976	74457	699763	4
55181.58162	55181	581619	55181.58162	55181	581619	3
64999.75222	64999	752224	64999.75222	64999	752224	4
68959.8107	68959	810700	68959.8107	68959	810700	4
56881.6529	56881	652896	56881.6529	56881	652896	3
60885.54034	60885	540336	60885.54034	60885	540336	3
97703.33085	97703	330852	97703.33085	97703	330852	2
74913.73814	74913	738139	74913.73814	74913	738139	4
80887.32241	80887	322408	80887.32241	80887	322408	1
57420.32616	57420	326155	57420.32616	57420	326155	4
54738.95096	54738	950955	54738.95096	54738	950955	2
78968.44733	78968	447325	78968.44733	78968	447325	4
64138.59308	64138	593083	64138.59308	64138	593083	1
80102.0272	80102	27203	80102.0272	80102	27203	1
89455.42609	89455	426091	89455.42609	89455	426091	3
65330.0944	65330	94397	65330.0944	65330	94397	3
78604.81826	78604	818263	78604.81826	78604	818263	5
80800.1027	80800	102697	80800.1027	80800	102697	1
90847.04965	90847	49646	90847.04965	90847	49646	1
82091.86647	82091	866472	82091.86647	82091	866472	4
73331.1032	73331	103200	73331.1032	73331	103200	5
88693.10128	88693	101285	88693.10128	88693	101285	5
94177.68648	94177	686482	94177.68648	94177	686482	4
72948.83444	72948	834438	72948.83444	72948	834438	5
86626.92066	86626	920664	86626.92066	86626	920664	2
99435.04479	99435	44786	99435.04479	99435	44786	2
61005.50132	61005	501325	61005.50132	61005	501325	5
96876.92797	96876	927972	96876.92797	96876	927972	3
68075.8698	68075	869801	68075.8698	68075	869801	4
62902.50168	62902	501677	62902.50168	62902	501677	1
78407.55742	78407	557424	78407.55742	78407	557424	1
92532.56956	92532	569565	92532.56956	92532	569565	5
68083.59965	68083	599648	68083.59965	68083	599648	3
52706.30965	52706	309648	52706.30965	52706	309648	1
70791.38026	70791	380265	70791.38026	70791	380265	3
74965.25254	74965	252545	74965.25254	74965	252545	5
63592.36634	63592	366336	63592.36634	63592	366336	5
68493.71112	68493	711117	68493.71112	68493	711117	1
59178.50704	59178	507036	59178.50704	59178	507036	5
94479.2051	94479	205096	94479.2051	94479	205096	2
85214.55363	85214	553625	85214.55363	85214	553625	1
63917.97434	63917	974343	63917.97434	63917	974343	3
73446.65242	73446	652421	73446.65242	73446	652421	1
99353.14671	99353	146708	99353.14671	99353	146708	3
94019.00155	94019	1547	94019.00155	94019	1547	1
72201.59486	72201	594864	72201.59486	72201	594864	5
64682.75746	64682	757457	64682.75746	64682	757457	5
81923.81981	81923	819810	81923.81981	81923	819810	5
62301.69756	62301	697561	62301.69756	62301	697561	2
64829.8071	64829	807104	64829.8071	64829	807104	3
73315.20263	73315	202635	73315.20263	73315	202635	3
94933.31711	94933	317113	94933.31711	94933	317113	1
62822.42474	62822	424741	62822.42474	62822	424741	4
67491.40547	67491	405469	67491.40547	67491	405469	4
67881.6679	67881	667903	67881.6679	67881	667903	2
99449.34541	99449	345405	99449.34541	99449	345405	5
76227.96661	76227	966607	76227.96661	76227	966607	5
78886.16923	78886	169229	78886.16923	78886	169229	1
55624.78973	55624	789730	55624.78973	55624	789730	3
94302.83641	94302	836409	94302.83641	94302	836409	5
51088.18726	51088	187258	51088.18726	51088	187258	3
93332.34715	93332	347154	93332.34715	93332	347154	5
96134.92233	96134	922326	96134.92233	96134	922326	4
69172.78691	69172	786907	69172.78691	69172	786907	5
96039.17315	96039	173154	96039.17315	96039	173154	5
66924.30259	66924	302591	66924.30259	66924	302591	3
53437.5558	53437	555804	53437.5558	53437	555804	1
59630.53949	59630	539490	59630.53949	59630	539490	4
94718.53006	94718	530061	94718.53006	94718	530061	1
71916.06284	71916	62840	71916.06284	71916	62840	1
63409.74459	63409	744586	63409.74459	63409	744586	2
79932.08369	79932	83686	79932.08369	79932	83686	1
85833.03718	85833	37184	85833.03718	85833	37184	5
96156.91336	96156	913359	96156.91336	96156	913359	2
79284.23039	79284	230394	79284.23039	79284	230394	4
89153.55508	89153	555083	89153.55508	89153	555083	5
77657.02458	77657	24576	77657.02458	77657	24576	3
53266.5042	53266	504204	53266.5042	53266	504204	3
80376.37489	80376	374893	80376.37489	80376	374893	5
89959.23849	89959	238489	89959.23849	89959	238489	4
68095.82766	68095	827660	68095.82766	68095	827660	5
62991.09388	62991	93880	62991.09388	62991	93880	4
84891.5556	84891	555603	84891.5556	84891	555603	1
90219.2524	90219	252401	90219.2524	90219	252401	5
80483.49935	80483	499349	80483.49935	80483	499349	2
62072.22351	62072	223506	62072.22351	62072	223506	2
98968.11416	98968	114158	98968.11416	98968	114158	5
66010.46596	66010	465957	66010.46596	66010	465957	3
50259.39274	50259	392735	50259.39274	50259	392735	5
54591.42024	54591	420240	54591.42024	54591	420240	4
60311.81872	60311	818718	60311.81872	60311	818718	3
51347.09635	51347	96346	51347.09635	51347	96346	2
97924.28375	97924	283746	97924.28375	97924	283746	3
56444.74104	56444	741044	56444.74104	56444	741044	3
79820.88325	79820	883253	79820.88325	79820	883253	4
53262.4569	53262	456900	53262.4569	53262	456900	4
73368.55999	73368	559987	73368.55999	73368	559987	3
92558.43906	92558	439057	92558.43906	92558	439057	4
62892.51274	62892	512742	62892.51274	62892	512742	2
77386.09005	77386	90048	77386.09005	77386	90048	3
64474.01825	64474	18249	64474.01825	64474	18249	1
stocks
566164.5662	4432075	566164	1
