items_number
200
stocks_number
1
digit
2
items
998010.64	998010	64	998010.64	998010	64	3
826664.79	826664	79	826664.79	826664	79	5
797882.88	797882	88	797882.88	797882	88	4
567187.43	567187	43	567187.43	567187	43	2
814013.79	814013	79	814013.79	814013	79	4
528239.99	528239	99	528239.99	528239	99	5
610595.21	610595	21	610595.21	610595	21	5
658078.29	658078	29	658078.29	658078	29	3
867921.12	867921	12	867921.12	867921	12	1
663994.26	663994	26	663994.26	663994	26	5
953077.41	953077	41	953077.41	953077	41	4
984406.28	984406	28	984406.28	984406	28	5
798354.77	798354	77	798354.77	798354	77	3
778899.36	778899	36	778899.36	778899	36	3
686610.72	686610	72	686610.72	686610	72	3
947109.53	947109	53	947109.53	947109	53	1
509507.61	509507	61	509507.61	509507	61	3
898670.63	898670	63	898670.63	898670	63	5
955311.12	955311	12	955311.12	955311	12	1
832917.82	832917	82	832917.82	832917	82	5
754636.82	754636	82	754636.82	754636	82	1
987094.41	987094	41	987094.41	987094	41	5
782621.73	782621	73	782621.73	782621	73	4
530607.43	530607	43	530607.43	530607	43	3
618650.75	618650	75	618650.75	618650	75	2
586627.75	586627	75	586627.75	586627	75	1
972334.52	972334	52	972334.52	972334	52	2
523988.11	523988	11	523988.11	523988	11	1
648378.04	648378	4	648378.04	648378	4	4
896649.29	896649	29	896649.29	896649	29	5
736461.67	736461	67	736461.67	736461	67	1
667035.68	667035	68	667035.68	667035	68	3
723313.09	723313	9	723313.09	723313	9	4
554989.55	554989	55	554989.55	554989	55	4
754869.11	754869	11	754869.11	754869	11	4
537325.4	537325	40	537325.4	537325	40	2
583229.06	583229	6	583229.06	583229	6	5
865464.33	865464	33	865464.33	865464	33	4
695404.69	695404	69	695404.69	695404	69	1
951150.71	951150	71	951150.71	951150	71	2
529457.59	529457	59	529457.59	529457	59	5
669127.63	669127	63	669127.63	669127	63	4
956202.99	956202	99	956202.99	956202	99	2
848458.36	848458	36	848458.36	848458	36	4
948026.99	948026	99	948026.99	948026	99	3
663458.23	663458	23	663458.23	663458	23	1
795566.42	795566	42	795566.42	795566	42	2
978181.12	978181	12	978181.12	978181	12	5
562128.38	562128	38	562128.38	562128	38	5
771524.54	771524	54	771524.54	771524	54	2
811097.94	811097	94	811097.94	811097	94	1
837411.2	837411	20	837411.2	837411	20	2
758617.95	758617	95	758617.95	758617	95	1
614364.2	614364	20	614364.2	614364	20	2
868018.64	868018	64	868018.64	868018	64	1
897915.22	897915	22	897915.22	897915	22	5
700991.47	700991	47	700991.47	700991	47	4
860998.68	860998	68	860998.68	860998	68	5
921903.34	921903	34	921903.34	921903	34	5
870017.03	870017	3	870017.03	870017	3	2
757647.97	757647	97	757647.97	757647	97	4
679010.53	679010	53	679010.53	679010	53	5
557698.71	557698	71	557698.71	557698	71	5
980960.58	980960	58	980960.58	980960	58	3
734000.6	734000	60	734000.6	734000	60	5
812567.34	812567	34	812567.34	812567	34	5
538931.98	538931	98	538931.98	538931	98	1
837876.66	837876	66	837876.66	837876	66	5
678030.19	678030	19	678030.19	678030	19	5
754982.68	754982	68	754982.68	754982	68	2
809672.89	809672	89	809672.89	809672	89	1
728134.31	728134	31	728134.31	728134	31	2
924110.83	924110	83	924110.83	924110	83	5
786520.4	786520	40	786520.4	786520	40	4
597238.19	597238	19	597238.19	597238	19	2
872135.82	872135	82	872135.82	872135	82	5
949978.64	949978	64	949978.64	949978	64	4
913451.61	913451	61	913451.61	913451	61	3
870962.46	870962	46	870962.46	870962	46	4
512105.02	512105	2	512105.02	512105	2	1
705621.68	705621	68	705621.68	705621	68	5
682058.92	682058	92	682058.92	682058	92	2
849517.75	849517	75	849517.75	849517	75	2
964239.15	964239	15	964239.15	964239	15	2
817070.64	817070	64	817070.64	817070	64	3
738181.91	738181	91	738181.91	738181	91	3
862153.38	862153	38	862153.38	862153	38	1
518060.11	518060	11	518060.11	518060	11	3
599179.11	599179	11	599179.11	599179	11	2
804702.24	804702	24	804702.24	804702	24	2
908724.14	908724	14	908724.14	908724	14	4
856826.6	856826	60	856826.6	856826	60	5
504359.77	504359	77	504359.77	504359	77	3
966422.37	966422	37	966422.37	966422	37	5
858432.19	858432	19	858432.19	858432	19	4
759006.37	759006	37	759006.37	759006	37	3
778988.24	778988	24	778988.24	778988	24	5
918010.17	918010	17	918010.17	918010	17	5
596881.55	596881	55	596881.55	596881	55	4
977665.43	977665	43	977665.43	977665	43	1
672992.37	672992	37	672992.37	672992	37	1
927200.45	927200	45	927200.45	927200	45	1
726445.74	726445	74	726445.74	726445	74	4
617748.2	617748	20	617748.2	617748	20	2
713719.85	713719	85	713719.85	713719	85	5
844330.94	844330	94	844330.94	844330	94	1
510529.54	510529	54	510529.54	510529	54	1
663696.49	663696	49	663696.49	663696	49	5
757781.07	757781	7	757781.07	757781	7	3
881492.52	881492	52	881492.52	881492	52	2
696449.04	696449	4	696449.04	696449	4	5
963402.75	963402	75	963402.75	963402	75	4
584196.45	584196	45	584196.45	584196	45	5
566612.31	566612	31	566612.31	566612	31	4
948287.91	948287	91	948287.91	948287	91	1
901266.09	901266	9	901266.09	901266	9	4
825440.74	825440	74	825440.74	825440	74	1
831086.81	831086	81	831086.81	831086	81	3
939974.73	939974	73	939974.73	939974	73	1
924619.85	924619	85	924619.85	924619	85	4
656435.05	656435	5	656435.05	656435	5	5
848697.39	848697	39	848697.39	848697	39	4
802091.45	802091	45	802091.45	802091	45	5
660794.34	660794	34	660794.34	660794	34	2
835766.77	835766	77	835766.77	835766	77	1
681169.16	681169	16	681169.16	681169	16	4
919800.71	919800	71	919800.71	919800	71	1
614753.01	614753	1	614753.01	614753	1	5
599179.86	599179	86	599179.86	599179	86	3
537327.26	537327	26	537327.26	537327	26	4
613065.96	613065	96	613065.96	613065	96	2
792818.23	792818	23	792818.23	792818	23	5
985174.23	985174	23	985174.23	985174	23	2
839510.71	839510	71	839510.71	839510	71	1
910566.96	910566	96	910566.96	910566	96	1
698892.09	698892	9	698892.09	698892	9	1
683840.17	683840	17	683840.17	683840	17	1
921095.02	921095	2	921095.02	921095	2	4
883235.1	883235	10	883235.1	883235	10	2
962268.76	962268	76	962268.76	962268	76	3
802586.55	802586	55	802586.55	802586	55	5
600330.66	600330	66	600330.66	600330	66	4
946316.04	946316	4	946316.04	946316	4	4
907430.52	907430	52	907430.52	907430	52	1
666942.97	666942	97	666942.97	666942	97	2
915250.47	915250	47	915250.47	915250	47	4
808695.13	808695	13	808695.13	808695	13	4
513029.23	513029	23	513029.23	513029	23	4
746335.28	746335	28	746335.28	746335	28	3
769315.86	769315	86	769315.86	769315	86	1
937648.08	937648	8	937648.08	937648	8	4
902770.85	902770	85	902770.85	902770	85	2
638659.26	638659	26	638659.26	638659	26	4
760386.06	760386	6	760386.06	760386	6	3
584210.19	584210	19	584210.19	584210	19	1
974425.55	974425	55	974425.55	974425	55	1
962202.22	962202	22	962202.22	962202	22	1
504009.42	504009	42	504009.42	504009	42	3
609824.08	609824	8	609824.08	609824	8	2
561380.08	561380	8	561380.08	561380	8	5
541336.2	541336	20	541336.2	541336	20	4
743536.04	743536	4	743536.04	743536	4	4
874845.84	874845	84	874845.84	874845	84	4
526509.44	526509	44	526509.44	526509	44	5
603693.27	603693	27	603693.27	603693	27	1
785410.32	785410	32	785410.32	785410	32	2
746048.53	746048	53	746048.53	746048	53	2
808180.44	808180	44	808180.44	808180	44	1
706505.86	706505	86	706505.86	706505	86	2
649930.15	649930	15	649930.15	649930	15	3
770447.73	770447	73	770447.73	770447	73	5
529737.93	529737	93	529737.93	529737	93	3
750260.82	750260	82	750260.82	750260	82	3
737409.77	737409	77	737409.77	737409	77	3
957814.45	957814	45	957814.45	957814	45	3
937850.31	937850	31	937850.31	937850	31	4
652658.24	652658	24	652658.24	652658	24	3
787156.11	787156	11	787156.11	787156	11	3
971526.55	971526	55	971526.55	971526	55	4
919641.04	919641	4	919641.04	919641	4	3
556470.97	556470	97	556470.97	556470	97	3
909173.15	909173	15	909173.15	909173	15	2
843057.89	843057	89	843057.89	843057	89	4
715776.75	715776	75	715776.75	715776	75	3
690205.73	690205	73	690205.73	690205	73	5
927268.6	927268	60	927268.6	927268	60	1
710847.82	710847	82	710847.82	710847	82	4
652407.48	652407	48	652407.48	652407	48	2
951924.02	951924	2	951924.02	951924	2	4
820672.9	820672	90	820672.9	820672	90	5
734434.56	734434	56	734434.56	734434	56	2
993261.22	993261	22	993261.22	993261	22	4
584854.95	584854	95	584854.95	584854	95	3
609279.92	609279	92	609279.92	609279	92	5
540416.66	540416	66	540416.66	540416	66	3
688547.74	688547	74	688547.74	688547	74	3
894689.76	894689	76	894689.76	894689	76	3
807112.71	807112	71	807112.71	807112	71	4
996727.71	996727	71	996727.71	996727	71	5
621840.63	621840	63	621840.63	621840	63	4
stocks
72.72	47914003	72	1
