items_number
200
stocks_number
1
digit
6
items
971.159968	971	159968	971.159968	971	159968	1
906.965752	906	965752	906.965752	906	965752	1
706.21493	706	214930	706.21493	706	214930	4
519.788051	519	788051	519.788051	519	788051	4
945.900805	945	900805	945.900805	945	900805	4
776.719644	776	719644	776.719644	776	719644	1
704.971504	704	971504	704.971504	704	971504	5
659.897345	659	897345	659.897345	659	897345	5
916.858348	916	858348	916.858348	916	858348	1
600.126392	600	126392	600.126392	600	126392	5
790.819919	790	819919	790.819919	790	819919	2
999.117706	999	117706	999.117706	999	117706	2
909.269832	909	269832	909.269832	909	269832	5
950.695239	950	695239	950.695239	950	695239	3
730.584637	730	584637	730.584637	730	584637	4
842.507413	842	507413	842.507413	842	507413	1
775.822536	775	822536	775.822536	775	822536	1
957.079253	957	79253	957.079253	957	79253	4
672.170215	672	170215	672.170215	672	170215	3
728.110179	728	110179	728.110179	728	110179	4
945.725884	945	725884	945.725884	945	725884	2
576.987923	576	987923	576.987923	576	987923	1
908.623975	908	623975	908.623975	908	623975	5
646.960146	646	960146	646.960146	646	960146	3
600.154797	600	154797	600.154797	600	154797	5
708.652173	708	652173	708.652173	708	652173	1
565.571136	565	571136	565.571136	565	571136	5
880.255073	880	255073	880.255073	880	255073	3
791.840019	791	840019	791.840019	791	840019	4
641.862075	641	862075	641.862075	641	862075	2
682.363314	682	363314	682.363314	682	363314	3
761.999987	761	999987	761.999987	761	999987	1
547.344179	547	344179	547.344179	547	344179	2
888.578244	888	578244	888.578244	888	578244	3
526.304391	526	304391	526.304391	526	304391	5
738.244984	738	244984	738.244984	738	244984	5
910.297888	910	297888	910.297888	910	297888	4
730.792247	730	792247	730.792247	730	792247	1
897.658682	897	658682	897.658682	897	658682	4
825.156236	825	156236	825.156236	825	156236	1
577.918639	577	918639	577.918639	577	918639	5
686.994953	686	994953	686.994953	686	994953	2
569.273943	569	273943	569.273943	569	273943	2
986.188472	986	188472	986.188472	986	188472	4
882.690192	882	690192	882.690192	882	690192	5
799.374932	799	374932	799.374932	799	374932	2
574.695885	574	695885	574.695885	574	695885	5
904.02908	904	29080	904.02908	904	29080	2
501.970537	501	970537	501.970537	501	970537	5
993.8661	993	866100	993.8661	993	866100	4
631.13926	631	139260	631.13926	631	139260	5
692.696421	692	696421	692.696421	692	696421	3
816.370376	816	370376	816.370376	816	370376	4
786.279587	786	279587	786.279587	786	279587	2
839.172919	839	172919	839.172919	839	172919	1
916.525173	916	525173	916.525173	916	525173	1
994.93176	994	931760	994.93176	994	931760	2
650.744056	650	744056	650.744056	650	744056	2
796.296599	796	296599	796.296599	796	296599	3
530.771779	530	771779	530.771779	530	771779	2
537.122483	537	122483	537.122483	537	122483	5
724.659913	724	659913	724.659913	724	659913	2
538.288119	538	288119	538.288119	538	288119	2
584.466662	584	466662	584.466662	584	466662	3
858.75451	858	754510	858.75451	858	754510	5
564.59251	564	592510	564.59251	564	592510	1
823.227998	823	227998	823.227998	823	227998	3
768.052398	768	52398	768.052398	768	52398	3
541.384757	541	384757	541.384757	541	384757	3
966.88668	966	886680	966.88668	966	886680	3
839.724987	839	724987	839.724987	839	724987	3
618.303397	618	303397	618.303397	618	303397	2
652.881633	652	881633	652.881633	652	881633	2
655.515282	655	515282	655.515282	655	515282	1
850.008221	850	8221	850.008221	850	8221	3
780.088178	780	88178	780.088178	780	88178	3
700.406566	700	406566	700.406566	700	406566	2
670.704106	670	704106	670.704106	670	704106	4
930.117258	930	117258	930.117258	930	117258	4
702.893455	702	893455	702.893455	702	893455	3
663.570207	663	570207	663.570207	663	570207	2
808.77287	808	772870	808.77287	808	772870	4
640.106228	640	106228	640.106228	640	106228	1
979.456935	979	456935	979.456935	979	456935	5
593.052457	593	52457	593.052457	593	52457	2
725.279148	725	279148	725.279148	725	279148	3
640.49846	640	498460	640.49846	640	498460	2
833.500569	833	500569	833.500569	833	500569	3
875.539556	875	539556	875.539556	875	539556	4
682.795059	682	795059	682.795059	682	795059	1
610.272349	610	272349	610.272349	610	272349	4
913.662039	913	662039	913.662039	913	662039	1
906.971325	906	971325	906.971325	906	971325	3
895.07682	895	76820	895.07682	895	76820	2
743.128701	743	128701	743.128701	743	128701	3
510.725835	510	725835	510.725835	510	725835	4
959.185682	959	185682	959.185682	959	185682	5
812.356699	812	356699	812.356699	812	356699	2
778.294585	778	294585	778.294585	778	294585	1
746.086791	746	86791	746.086791	746	86791	2
778.759732	778	759732	778.759732	778	759732	5
863.535924	863	535924	863.535924	863	535924	5
610.90654	610	906540	610.90654	610	906540	1
676.157717	676	157717	676.157717	676	157717	3
764.051206	764	51206	764.051206	764	51206	5
707.914761	707	914761	707.914761	707	914761	3
702.245895	702	245895	702.245895	702	245895	5
965.974124	965	974124	965.974124	965	974124	3
877.618868	877	618868	877.618868	877	618868	1
632.879506	632	879506	632.879506	632	879506	3
913.383931	913	383931	913.383931	913	383931	5
786.705427	786	705427	786.705427	786	705427	2
940.652376	940	652376	940.652376	940	652376	3
552.49016	552	490160	552.49016	552	490160	5
510.678714	510	678714	510.678714	510	678714	3
779.221186	779	221186	779.221186	779	221186	4
778.28566	778	285660	778.28566	778	285660	4
651.177174	651	177174	651.177174	651	177174	5
858.721755	858	721755	858.721755	858	721755	1
899.825216	899	825216	899.825216	899	825216	5
833.972234	833	972234	833.972234	833	972234	2
968.510456	968	510456	968.510456	968	510456	1
557.487255	557	487255	557.487255	557	487255	5
986.943559	986	943559	986.943559	986	943559	4
608.587276	608	587276	608.587276	608	587276	3
801.132308	801	132308	801.132308	801	132308	2
996.669394	996	669394	996.669394	996	669394	2
814.28931	814	289310	814.28931	814	289310	4
612.005359	612	5359	612.005359	612	5359	4
519.480331	519	480331	519.480331	519	480331	4
559.376102	559	376102	559.376102	559	376102	5
636.281443	636	281443	636.281443	636	281443	5
628.016256	628	16256	628.016256	628	16256	5
670.282642	670	282642	670.282642	670	282642	5
812.439161	812	439161	812.439161	812	439161	2
893.583814	893	583814	893.583814	893	583814	1
623.197404	623	197404	623.197404	623	197404	2
761.685056	761	685056	761.685056	761	685056	1
603.557939	603	557939	603.557939	603	557939	5
1000.332624	1000	332624	1000.332624	1000	332624	4
893.564562	893	564562	893.564562	893	564562	5
515.94187	515	941870	515.94187	515	941870	5
532.554403	532	554403	532.554403	532	554403	5
578.733291	578	733291	578.733291	578	733291	3
814.948382	814	948382	814.948382	814	948382	1
542.233117	542	233117	542.233117	542	233117	3
857.954477	857	954477	857.954477	857	954477	1
838.234042	838	234042	838.234042	838	234042	5
940.410291	940	410291	940.410291	940	410291	4
961.192584	961	192584	961.192584	961	192584	4
737.059258	737	59258	737.059258	737	59258	4
519.898877	519	898877	519.898877	519	898877	2
675.703041	675	703041	675.703041	675	703041	4
794.062865	794	62865	794.062865	794	62865	3
504.842436	504	842436	504.842436	504	842436	3
783.806669	783	806669	783.806669	783	806669	3
841.711525	841	711525	841.711525	841	711525	4
746.028182	746	28182	746.028182	746	28182	4
596.612332	596	612332	596.612332	596	612332	1
700.716885	700	716885	700.716885	700	716885	4
511.508514	511	508514	511.508514	511	508514	5
656.988434	656	988434	656.988434	656	988434	3
836.998328	836	998328	836.998328	836	998328	3
639.52477	639	524770	639.52477	639	524770	1
572.787428	572	787428	572.787428	572	787428	2
895.953841	895	953841	895.953841	895	953841	4
531.108584	531	108584	531.108584	531	108584	4
695.501184	695	501184	695.501184	695	501184	1
655.638898	655	638898	655.638898	655	638898	1
881.182875	881	182875	881.182875	881	182875	3
941.833808	941	833808	941.833808	941	833808	4
794.719812	794	719812	794.719812	794	719812	1
896.641098	896	641098	896.641098	896	641098	2
973.388211	973	388211	973.388211	973	388211	1
872.969455	872	969455	872.969455	872	969455	5
957.58948	957	589480	957.58948	957	589480	5
762.621328	762	621328	762.621328	762	621328	3
728.440284	728	440284	728.440284	728	440284	5
794.823523	794	823523	794.823523	794	823523	4
701.547972	701	547972	701.547972	701	547972	3
688.632869	688	632869	688.632869	688	632869	3
777.399133	777	399133	777.399133	777	399133	4
720.446849	720	446849	720.446849	720	446849	4
863.852262	863	852262	863.852262	863	852262	4
571.978351	571	978351	571.978351	571	978351	3
971.805638	971	805638	971.805638	971	805638	1
893.175283	893	175283	893.175283	893	175283	1
658.689876	658	689876	658.689876	658	689876	3
963.83382	963	833820	963.83382	963	833820	2
989.787615	989	787615	989.787615	989	787615	4
858.923113	858	923113	858.923113	858	923113	2
974.858686	974	858686	974.858686	974	858686	3
644.292401	644	292401	644.292401	644	292401	1
941.437794	941	437794	941.437794	941	437794	4
613.899808	613	899808	613.899808	613	899808	5
963.07983	963	79830	963.07983	963	79830	2
581.391635	581	391635	581.391635	581	391635	5
891.008393	891	8393	891.008393	891	8393	3
904.581014	904	581014	904.581014	904	581014	4
736.546885	736	546885	736.546885	736	546885	2
stocks
744262.7443	48166	744262	1
