items_number
200
stocks_number
1
digit
2
items
5871.44	5871	44	5871.44	5871	44	2
5981.04	5981	4	5981.04	5981	4	1
5678.26	5678	26	5678.26	5678	26	3
8820.92	8820	92	8820.92	8820	92	4
9112.59	9112	59	9112.59	9112	59	1
5701.76	5701	76	5701.76	5701	76	1
6337.99	6337	99	6337.99	6337	99	5
9314.07	9314	7	9314.07	9314	7	5
8064	8064	0	8064	8064	0	2
9310.47	9310	47	9310.47	9310	47	3
9332.17	9332	17	9332.17	9332	17	5
8228.38	8228	38	8228.38	8228	38	3
8027.68	8027	68	8027.68	8027	68	3
5067.34	5067	34	5067.34	5067	34	1
7979.29	7979	29	7979.29	7979	29	3
9069.15	9069	15	9069.15	9069	15	1
5271.61	5271	61	5271.61	5271	61	4
7353.7	7353	70	7353.7	7353	70	2
7737.95	7737	95	7737.95	7737	95	4
9982.12	9982	12	9982.12	9982	12	3
5093.58	5093	58	5093.58	5093	58	3
8059.37	8059	37	8059.37	8059	37	1
9558.28	9558	28	9558.28	9558	28	1
5206.32	5206	32	5206.32	5206	32	2
7038.68	7038	68	7038.68	7038	68	1
7612.34	7612	34	7612.34	7612	34	2
9689.33	9689	33	9689.33	9689	33	1
6118.03	6118	3	6118.03	6118	3	1
6996.35	6996	35	6996.35	6996	35	5
8479.98	8479	98	8479.98	8479	98	2
6519.42	6519	42	6519.42	6519	42	2
8630.31	8630	31	8630.31	8630	31	3
5222.54	5222	54	5222.54	5222	54	3
7197.2	7197	20	7197.2	7197	20	4
8212.23	8212	23	8212.23	8212	23	1
9334.13	9334	13	9334.13	9334	13	3
7898.96	7898	96	7898.96	7898	96	2
9549.23	9549	23	9549.23	9549	23	3
9410.73	9410	73	9410.73	9410	73	4
6724.97	6724	97	6724.97	6724	97	3
8858.22	8858	22	8858.22	8858	22	5
8741.9	8741	90	8741.9	8741	90	3
9952.87	9952	87	9952.87	9952	87	2
7648.91	7648	91	7648.91	7648	91	4
9571.24	9571	24	9571.24	9571	24	3
7930.16	7930	16	7930.16	7930	16	4
7479.58	7479	58	7479.58	7479	58	1
5604.85	5604	85	5604.85	5604	85	1
6045.86	6045	86	6045.86	6045	86	2
5978.06	5978	6	5978.06	5978	6	4
5585.49	5585	49	5585.49	5585	49	5
6138.45	6138	45	6138.45	6138	45	1
9800.43	9800	43	9800.43	9800	43	1
5906.29	5906	29	5906.29	5906	29	3
7108.29	7108	29	7108.29	7108	29	2
6837.11	6837	11	6837.11	6837	11	2
9281.63	9281	63	9281.63	9281	63	4
6796.14	6796	14	6796.14	6796	14	5
8718.14	8718	14	8718.14	8718	14	2
6276.5	6276	50	6276.5	6276	50	1
6037.65	6037	65	6037.65	6037	65	1
5237.08	5237	8	5237.08	5237	8	5
9906.34	9906	34	9906.34	9906	34	3
7022.19	7022	19	7022.19	7022	19	3
8197.8	8197	80	8197.8	8197	80	3
8117.57	8117	57	8117.57	8117	57	1
6355.85	6355	85	6355.85	6355	85	5
6858.77	6858	77	6858.77	6858	77	1
8428.32	8428	32	8428.32	8428	32	5
6527.58	6527	58	6527.58	6527	58	1
8582.26	8582	26	8582.26	8582	26	5
8048.07	8048	7	8048.07	8048	7	1
5267	5267	0	5267	5267	0	3
9297.13	9297	13	9297.13	9297	13	1
5695.5	5695	50	5695.5	5695	50	5
9839.77	9839	77	9839.77	9839	77	1
7989.29	7989	29	7989.29	7989	29	1
8938.08	8938	8	8938.08	8938	8	2
5442.14	5442	14	5442.14	5442	14	3
9035.67	9035	67	9035.67	9035	67	4
9916.14	9916	14	9916.14	9916	14	3
6791.16	6791	16	6791.16	6791	16	5
5935.12	5935	12	5935.12	5935	12	4
9716.09	9716	9	9716.09	9716	9	3
7697.45	7697	45	7697.45	7697	45	2
8806.93	8806	93	8806.93	8806	93	3
6552.21	6552	21	6552.21	6552	21	1
6977.61	6977	61	6977.61	6977	61	5
6365.08	6365	8	6365.08	6365	8	4
5270.87	5270	87	5270.87	5270	87	4
9016.63	9016	63	9016.63	9016	63	5
7402.73	7402	73	7402.73	7402	73	4
6270.48	6270	48	6270.48	6270	48	3
9684.97	9684	97	9684.97	9684	97	5
9425.44	9425	44	9425.44	9425	44	4
9467.28	9467	28	9467.28	9467	28	3
7800.07	7800	7	7800.07	7800	7	2
6542.29	6542	29	6542.29	6542	29	3
7087.05	7087	5	7087.05	7087	5	3
6990.39	6990	39	6990.39	6990	39	1
8070.39	8070	39	8070.39	8070	39	3
5669.83	5669	83	5669.83	5669	83	5
5037.98	5037	98	5037.98	5037	98	1
9100.92	9100	92	9100.92	9100	92	3
5728.96	5728	96	5728.96	5728	96	5
6496.48	6496	48	6496.48	6496	48	2
9701.69	9701	69	9701.69	9701	69	3
9480.25	9480	25	9480.25	9480	25	1
5433.09	5433	9	5433.09	5433	9	4
5906.83	5906	83	5906.83	5906	83	2
9277.93	9277	93	9277.93	9277	93	4
6111.75	6111	75	6111.75	6111	75	1
7697.51	7697	51	7697.51	7697	51	1
5975.57	5975	57	5975.57	5975	57	5
5826.85	5826	85	5826.85	5826	85	5
6156.97	6156	97	6156.97	6156	97	2
9781.51	9781	51	9781.51	9781	51	4
8142.06	8142	6	8142.06	8142	6	1
8896.1	8896	10	8896.1	8896	10	4
6145.11	6145	11	6145.11	6145	11	4
9175.45	9175	45	9175.45	9175	45	4
7911.73	7911	73	7911.73	7911	73	3
9311.84	9311	84	9311.84	9311	84	2
5444.93	5444	93	5444.93	5444	93	4
7594.71	7594	71	7594.71	7594	71	4
9498.8	9498	80	9498.8	9498	80	5
5673.22	5673	22	5673.22	5673	22	1
6156.78	6156	78	6156.78	6156	78	5
6802.1	6802	10	6802.1	6802	10	5
7761.79	7761	79	7761.79	7761	79	5
8146.69	8146	69	8146.69	8146	69	5
5634.01	5634	1	5634.01	5634	1	4
9193.63	9193	63	9193.63	9193	63	4
8946.68	8946	68	8946.68	8946	68	3
9735.93	9735	93	9735.93	9735	93	1
9921.11	9921	11	9921.11	9921	11	1
5441.68	5441	68	5441.68	5441	68	4
5197.62	5197	62	5197.62	5197	62	5
5162.37	5162	37	5162.37	5162	37	3
6637.77	6637	77	6637.77	6637	77	4
6103.98	6103	98	6103.98	6103	98	2
9440.82	9440	82	9440.82	9440	82	3
7749.53	7749	53	7749.53	7749	53	4
9563.01	9563	1	9563.01	9563	1	2
5414.39	5414	39	5414.39	5414	39	4
9338.9	9338	90	9338.9	9338	90	1
6481.5	6481	50	6481.5	6481	50	1
5194.42	5194	42	5194.42	5194	42	4
7479.96	7479	96	7479.96	7479	96	1
5376.6	5376	60	5376.6	5376	60	4
7103.53	7103	53	7103.53	7103	53	2
6653.41	6653	41	6653.41	6653	41	1
9050.34	9050	34	9050.34	9050	34	3
7176.89	7176	89	7176.89	7176	89	1
7860.87	7860	87	7860.87	7860	87	1
7406.57	7406	57	7406.57	7406	57	2
6673.7	6673	70	6673.7	6673	70	5
8534.61	8534	61	8534.61	8534	61	1
8562.35	8562	35	8562.35	8562	35	1
9238.32	9238	32	9238.32	9238	32	1
6294.92	6294	92	6294.92	6294	92	3
7470.56	7470	56	7470.56	7470	56	3
9873.33	9873	33	9873.33	9873	33	2
5486.55	5486	55	5486.55	5486	55	3
7179.24	7179	24	7179.24	7179	24	5
5369.27	5369	27	5369.27	5369	27	4
6169.19	6169	19	6169.19	6169	19	5
7620.45	7620	45	7620.45	7620	45	5
5566.41	5566	41	5566.41	5566	41	1
6331.08	6331	8	6331.08	6331	8	2
5020.74	5020	74	5020.74	5020	74	4
7433.91	7433	91	7433.91	7433	91	4
6533.9	6533	90	6533.9	6533	90	5
7769.79	7769	79	7769.79	7769	79	4
7758.93	7758	93	7758.93	7758	93	5
6947.81	6947	81	6947.81	6947	81	5
7106.69	7106	69	7106.69	7106	69	4
9240.43	9240	43	9240.43	9240	43	2
7905.76	7905	76	7905.76	7905	76	4
5348.17	5348	17	5348.17	5348	17	4
5378.04	5378	4	5378.04	5378	4	5
5770.29	5770	29	5770.29	5770	29	5
7001.11	7001	11	7001.11	7001	11	2
9429.9	9429	90	9429.9	9429	90	3
7946.71	7946	71	7946.71	7946	71	5
5624.98	5624	98	5624.98	5624	98	2
6834.99	6834	99	6834.99	6834	99	4
5381.93	5381	93	5381.93	5381	93	2
9158.59	9158	59	9158.59	9158	59	5
6159.34	6159	34	6159.34	6159	34	1
5381.25	5381	25	5381.25	5381	25	4
6214.51	6214	51	6214.51	6214	51	2
9392.42	9392	42	9392.42	9392	42	5
5253.1	5253	10	5253.1	5253	10	2
7463.59	7463	59	7463.59	7463	59	1
7333.19	7333	19	7333.19	7333	19	4
6385.37	6385	37	6385.37	6385	37	1
9395.78	9395	78	9395.78	9395	78	1
9954.64	9954	64	9954.64	9954	64	1
7715.31	7715	31	7715.31	7715	31	1
stocks
18457.99	18457	99	1
