items_number
200
stocks_number
1
digit
2
items
62625.69	62625	69	62625.69	62625	69	1
64677.07	64677	7	64677.07	64677	7	5
50388.55	50388	55	50388.55	50388	55	5
64174.89	64174	89	64174.89	64174	89	3
77893.58	77893	58	77893.58	77893	58	5
59706.58	59706	58	59706.58	59706	58	5
76741.77	76741	77	76741.77	76741	77	1
53529.79	53529	79	53529.79	53529	79	4
89936.69	89936	69	89936.69	89936	69	4
53835.08	53835	8	53835.08	53835	8	4
78005.26	78005	26	78005.26	78005	26	1
99382.02	99382	2	99382.02	99382	2	3
68973.06	68973	6	68973.06	68973	6	4
99573.3	99573	30	99573.3	99573	30	4
81237.36	81237	36	81237.36	81237	36	5
76959.86	76959	86	76959.86	76959	86	3
59849.41	59849	41	59849.41	59849	41	5
94084.69	94084	69	94084.69	94084	69	3
63593.65	63593	65	63593.65	63593	65	4
94832.49	94832	49	94832.49	94832	49	2
76402.18	76402	18	76402.18	76402	18	4
52745.07	52745	7	52745.07	52745	7	1
70861.18	70861	18	70861.18	70861	18	5
90952.75	90952	75	90952.75	90952	75	2
72729.56	72729	56	72729.56	72729	56	5
53093.72	53093	72	53093.72	53093	72	4
74515.91	74515	91	74515.91	74515	91	1
51796.37	51796	37	51796.37	51796	37	4
85843.59	85843	59	85843.59	85843	59	5
72985.35	72985	35	72985.35	72985	35	3
84457.18	84457	18	84457.18	84457	18	1
57769.8	57769	80	57769.8	57769	80	5
96963.42	96963	42	96963.42	96963	42	2
94147.25	94147	25	94147.25	94147	25	5
81244.69	81244	69	81244.69	81244	69	4
74855.53	74855	53	74855.53	74855	53	3
63153.35	63153	35	63153.35	63153	35	1
57984.47	57984	47	57984.47	57984	47	1
78384.32	78384	32	78384.32	78384	32	4
53088.56	53088	56	53088.56	53088	56	4
71120.55	71120	55	71120.55	71120	55	4
65689.59	65689	59	65689.59	65689	59	4
61770.58	61770	58	61770.58	61770	58	1
99394.13	99394	13	99394.13	99394	13	4
65262.41	65262	41	65262.41	65262	41	3
93007.94	93007	94	93007.94	93007	94	2
76353	76353	0	76353	76353	0	3
84412.35	84412	35	84412.35	84412	35	4
87090.15	87090	15	87090.15	87090	15	4
99247.17	99247	17	99247.17	99247	17	2
79243.84	79243	84	79243.84	79243	84	5
72793.85	72793	85	72793.85	72793	85	5
61292.76	61292	76	61292.76	61292	76	4
59405.02	59405	2	59405.02	59405	2	2
63744.6	63744	60	63744.6	63744	60	1
93322.32	93322	32	93322.32	93322	32	3
71799.75	71799	75	71799.75	71799	75	5
97560.51	97560	51	97560.51	97560	51	2
95119.21	95119	21	95119.21	95119	21	3
66943.86	66943	86	66943.86	66943	86	4
79845.87	79845	87	79845.87	79845	87	4
88876.91	88876	91	88876.91	88876	91	3
74712.66	74712	66	74712.66	74712	66	1
76808.81	76808	81	76808.81	76808	81	5
83022.16	83022	16	83022.16	83022	16	4
65256.36	65256	36	65256.36	65256	36	4
51662.34	51662	34	51662.34	51662	34	4
96175.03	96175	3	96175.03	96175	3	4
82541.83	82541	83	82541.83	82541	83	5
89348.19	89348	19	89348.19	89348	19	2
58564.59	58564	59	58564.59	58564	59	5
62961.9	62961	90	62961.9	62961	90	3
64337.78	64337	78	64337.78	64337	78	1
70334.17	70334	17	70334.17	70334	17	5
62355.03	62355	3	62355.03	62355	3	4
79599.71	79599	71	79599.71	79599	71	5
72642.63	72642	63	72642.63	72642	63	4
98009.55	98009	55	98009.55	98009	55	1
73312.06	73312	6	73312.06	73312	6	3
69032.78	69032	78	69032.78	69032	78	2
97255.72	97255	72	97255.72	97255	72	4
52554.9	52554	90	52554.9	52554	90	5
51125.63	51125	63	51125.63	51125	63	1
67848.48	67848	48	67848.48	67848	48	2
71260.45	71260	45	71260.45	71260	45	1
74170.23	74170	23	74170.23	74170	23	4
61169.33	61169	33	61169.33	61169	33	1
93060.2	93060	20	93060.2	93060	20	5
71730.27	71730	27	71730.27	71730	27	5
65588.54	65588	54	65588.54	65588	54	3
60002.58	60002	58	60002.58	60002	58	5
51574.66	51574	66	51574.66	51574	66	3
63765.46	63765	46	63765.46	63765	46	2
94015.24	94015	24	94015.24	94015	24	5
87683.99	87683	99	87683.99	87683	99	4
56087.14	56087	14	56087.14	56087	14	5
68571.12	68571	12	68571.12	68571	12	4
98647.86	98647	86	98647.86	98647	86	2
52262.18	52262	18	52262.18	52262	18	1
51111.95	51111	95	51111.95	51111	95	5
87994.05	87994	5	87994.05	87994	5	1
70127.77	70127	77	70127.77	70127	77	5
64072.37	64072	37	64072.37	64072	37	4
52330.35	52330	35	52330.35	52330	35	1
90461.47	90461	47	90461.47	90461	47	1
85728.93	85728	93	85728.93	85728	93	2
91231.06	91231	6	91231.06	91231	6	2
72403.1	72403	10	72403.1	72403	10	4
83736.48	83736	48	83736.48	83736	48	3
64542.65	64542	65	64542.65	64542	65	4
91436.89	91436	89	91436.89	91436	89	1
90292.73	90292	73	90292.73	90292	73	1
76397.55	76397	55	76397.55	76397	55	5
92561.04	92561	4	92561.04	92561	4	3
67440.21	67440	21	67440.21	67440	21	3
97658.52	97658	52	97658.52	97658	52	5
76032.8	76032	80	76032.8	76032	80	1
78609.06	78609	6	78609.06	78609	6	5
50017.24	50017	24	50017.24	50017	24	1
97762.59	97762	59	97762.59	97762	59	5
53498.61	53498	61	53498.61	53498	61	3
69320.82	69320	82	69320.82	69320	82	1
58636.25	58636	25	58636.25	58636	25	4
67263.59	67263	59	67263.59	67263	59	4
72635.59	72635	59	72635.59	72635	59	2
96320.76	96320	76	96320.76	96320	76	4
73350.73	73350	73	73350.73	73350	73	4
91206.71	91206	71	91206.71	91206	71	5
54266.62	54266	62	54266.62	54266	62	3
84913.91	84913	91	84913.91	84913	91	4
51617.19	51617	19	51617.19	51617	19	1
92260.67	92260	67	92260.67	92260	67	3
55039.21	55039	21	55039.21	55039	21	5
74990.56	74990	56	74990.56	74990	56	5
53890.02	53890	2	53890.02	53890	2	5
54801.68	54801	68	54801.68	54801	68	5
60718.49	60718	49	60718.49	60718	49	1
54421.09	54421	9	54421.09	54421	9	3
86505.3	86505	30	86505.3	86505	30	4
94454.5	94454	50	94454.5	94454	50	5
68963.74	68963	74	68963.74	68963	74	3
77940.71	77940	71	77940.71	77940	71	4
94046.23	94046	23	94046.23	94046	23	1
54661.81	54661	81	54661.81	54661	81	3
79802.76	79802	76	79802.76	79802	76	3
61485.96	61485	96	61485.96	61485	96	5
61619.86	61619	86	61619.86	61619	86	4
55833.08	55833	8	55833.08	55833	8	4
99396.03	99396	3	99396.03	99396	3	4
61636.1	61636	10	61636.1	61636	10	5
62895.67	62895	67	62895.67	62895	67	5
52893.64	52893	64	52893.64	52893	64	1
90257.93	90257	93	90257.93	90257	93	2
80832.44	80832	44	80832.44	80832	44	1
79457.23	79457	23	79457.23	79457	23	2
62891.52	62891	52	62891.52	62891	52	3
86452.2	86452	20	86452.2	86452	20	1
62107.48	62107	48	62107.48	62107	48	2
54096.23	54096	23	54096.23	54096	23	5
90718.83	90718	83	90718.83	90718	83	3
56321.92	56321	92	56321.92	56321	92	5
55713.42	55713	42	55713.42	55713	42	5
92278.02	92278	2	92278.02	92278	2	2
70661.13	70661	13	70661.13	70661	13	1
80703.51	80703	51	80703.51	80703	51	4
96169.05	96169	5	96169.05	96169	5	3
84763.33	84763	33	84763.33	84763	33	5
50721.52	50721	52	50721.52	50721	52	2
59890.66	59890	66	59890.66	59890	66	5
71268.63	71268	63	71268.63	71268	63	3
95176.02	95176	2	95176.02	95176	2	1
88155.92	88155	92	88155.92	88155	92	3
99208.35	99208	35	99208.35	99208	35	3
98522.25	98522	25	98522.25	98522	25	3
92816.25	92816	25	92816.25	92816	25	5
88310.63	88310	63	88310.63	88310	63	1
60007.22	60007	22	60007.22	60007	22	2
63735.11	63735	11	63735.11	63735	11	5
94143.71	94143	71	94143.71	94143	71	1
59402.25	59402	25	59402.25	59402	25	3
84672.22	84672	22	84672.22	84672	22	4
66338.9	66338	90	66338.9	66338	90	2
71596.41	71596	41	71596.41	71596	41	5
74928.67	74928	67	74928.67	74928	67	2
97171.34	97171	34	97171.34	97171	34	4
51052.16	51052	16	51052.16	51052	16	1
87819.71	87819	71	87819.71	87819	71	5
92923.54	92923	54	92923.54	92923	54	5
72460.64	72460	64	72460.64	72460	64	2
51215.46	51215	46	51215.46	51215	46	1
83641.89	83641	89	83641.89	83641	89	4
78781.56	78781	56	78781.56	78781	56	3
66229.41	66229	41	66229.41	66229	41	5
75918.92	75918	92	75918.92	75918	92	3
58743.21	58743	21	58743.21	58743	21	3
56232.92	56232	92	56232.92	56232	92	1
81387.49	81387	49	81387.49	81387	49	5
93506.06	93506	6	93506.06	93506	6	5
56954.44	56954	44	56954.44	56954	44	4
91278.15	91278	15	91278.15	91278	15	5
stocks
35.35	5353052	35	1
