items_number
200
stocks_number
1
digit
6
items
88200.01238	88200	12383	88200.01238	88200	12383	2
68923.84076	68923	840760	68923.84076	68923	840760	4
81012.55236	81012	552365	81012.55236	81012	552365	4
71226.71832	71226	718324	71226.71832	71226	718324	4
93146.03348	93146	33478	93146.03348	93146	33478	3
65688.34267	65688	342666	65688.34267	65688	342666	2
84417.83412	84417	834124	84417.83412	84417	834124	1
76020.85226	76020	852265	76020.85226	76020	852265	3
66407.61021	66407	610209	66407.61021	66407	610209	2
94603.59259	94603	592592	94603.59259	94603	592592	3
69094.84584	69094	845841	69094.84584	69094	845841	2
81960.43098	81960	430985	81960.43098	81960	430985	3
55261.76344	55261	763444	55261.76344	55261	763444	3
97385.48	97385	480000	97385.48	97385	480000	5
85215.85379	85215	853791	85215.85379	85215	853791	4
77732.95116	77732	951160	77732.95116	77732	951160	5
89663.55007	89663	550068	89663.55007	89663	550068	5
93474.46894	93474	468941	93474.46894	93474	468941	5
77993.85866	77993	858658	77993.85866	77993	858658	4
91711.56532	91711	565316	91711.56532	91711	565316	3
60830.50734	60830	507336	60830.50734	60830	507336	3
57549.54608	57549	546076	57549.54608	57549	546076	1
68609.74142	68609	741423	68609.74142	68609	741423	5
89802.89762	89802	897622	89802.89762	89802	897622	2
94145.80645	94145	806450	94145.80645	94145	806450	2
80385.89734	80385	897337	80385.89734	80385	897337	2
76723.78735	76723	787345	76723.78735	76723	787345	2
54811.29981	54811	299805	54811.29981	54811	299805	3
97269.01377	97269	13773	97269.01377	97269	13773	1
74139.38185	74139	381855	74139.38185	74139	381855	5
82187.97617	82187	976166	82187.97617	82187	976166	4
94769.54251	94769	542509	94769.54251	94769	542509	5
93063.22262	93063	222615	93063.22262	93063	222615	4
72499.04488	72499	44883	72499.04488	72499	44883	4
75295.26083	75295	260833	75295.26083	75295	260833	3
95509.25609	95509	256093	95509.25609	95509	256093	3
97488.38755	97488	387549	97488.38755	97488	387549	5
69013.09496	69013	94957	69013.09496	69013	94957	5
71528.62471	71528	624710	71528.62471	71528	624710	1
63894.99776	63894	997758	63894.99776	63894	997758	3
63615.2039	63615	203901	63615.2039	63615	203901	2
99924.47055	99924	470551	99924.47055	99924	470551	4
95855.9451	95855	945096	95855.9451	95855	945096	2
78177.96735	78177	967346	78177.96735	78177	967346	2
97308.4669	97308	466903	97308.4669	97308	466903	4
90370.79889	90370	798887	90370.79889	90370	798887	5
65209.43486	65209	434858	65209.43486	65209	434858	1
86971.01697	86971	16972	86971.01697	86971	16972	5
83843.26783	83843	267828	83843.26783	83843	267828	1
93202.29352	93202	293516	93202.29352	93202	293516	1
87982.58229	87982	582288	87982.58229	87982	582288	3
53973.29152	53973	291516	53973.29152	53973	291516	1
60052.35594	60052	355944	60052.35594	60052	355944	1
56590.32371	56590	323711	56590.32371	56590	323711	2
93775.18914	93775	189138	93775.18914	93775	189138	2
54196.16239	54196	162394	54196.16239	54196	162394	2
96276.22105	96276	221048	96276.22105	96276	221048	5
79798.97648	79798	976484	79798.97648	79798	976484	3
68308.97855	68308	978552	68308.97855	68308	978552	2
52844.75117	52844	751173	52844.75117	52844	751173	3
63238.87469	63238	874691	63238.87469	63238	874691	2
59795.95472	59795	954718	59795.95472	59795	954718	2
97613.81003	97613	810034	97613.81003	97613	810034	4
56300.09731	56300	97306	56300.09731	56300	97306	2
82295.9996	82295	999601	82295.9996	82295	999601	2
82209.58722	82209	587220	82209.58722	82209	587220	3
61109.86975	61109	869751	61109.86975	61109	869751	5
89083.9035	89083	903502	89083.9035	89083	903502	1
51221.19853	51221	198529	51221.19853	51221	198529	4
82637.49446	82637	494461	82637.49446	82637	494461	2
52977.41761	52977	417612	52977.41761	52977	417612	3
74137.40243	74137	402431	74137.40243	74137	402431	2
82560.96501	82560	965013	82560.96501	82560	965013	5
58132.36271	58132	362708	58132.36271	58132	362708	4
52313.36978	52313	369777	52313.36978	52313	369777	3
89169.43192	89169	431916	89169.43192	89169	431916	5
57802.67795	57802	677947	57802.67795	57802	677947	5
76823.80463	76823	804635	76823.80463	76823	804635	5
85440.96524	85440	965240	85440.96524	85440	965240	5
50945.94578	50945	945776	50945.94578	50945	945776	2
70025.6145	70025	614504	70025.6145	70025	614504	5
73421.54753	73421	547528	73421.54753	73421	547528	4
54919.75364	54919	753644	54919.75364	54919	753644	2
89378.4868	89378	486800	89378.4868	89378	486800	1
89312.38759	89312	387591	89312.38759	89312	387591	2
98694.94278	98694	942783	98694.94278	98694	942783	5
52874.16555	52874	165547	52874.16555	52874	165547	4
94888.12499	94888	124991	94888.12499	94888	124991	4
87793.43562	87793	435619	87793.43562	87793	435619	2
71183.1441	71183	144099	71183.1441	71183	144099	5
97732.39252	97732	392517	97732.39252	97732	392517	1
51030.31031	51030	310310	51030.31031	51030	310310	1
80978.61517	80978	615169	80978.61517	80978	615169	3
54644.20255	54644	202551	54644.20255	54644	202551	1
66631.92397	66631	923968	66631.92397	66631	923968	4
72573.13112	72573	131122	72573.13112	72573	131122	4
86853.78977	86853	789771	86853.78977	86853	789771	3
77740.79372	77740	793719	77740.79372	77740	793719	3
61656.03462	61656	34624	61656.03462	61656	34624	1
97375.50465	97375	504653	97375.50465	97375	504653	1
69677.80453	69677	804532	69677.80453	69677	804532	1
73934.96859	73934	968588	73934.96859	73934	968588	5
71511.90708	71511	907084	71511.90708	71511	907084	2
61538.2859	61538	285897	61538.2859	61538	285897	3
82066.3313	82066	331297	82066.3313	82066	331297	5
83125.79321	83125	793213	83125.79321	83125	793213	2
50706.71781	50706	717814	50706.71781	50706	717814	4
89868.00924	89868	9244	89868.00924	89868	9244	4
59948.1142	59948	114200	59948.1142	59948	114200	1
86146.19941	86146	199406	86146.19941	86146	199406	3
90813.47137	90813	471372	90813.47137	90813	471372	3
79973.24506	79973	245056	79973.24506	79973	245056	1
68867.26329	68867	263287	68867.26329	68867	263287	3
95732.22502	95732	225017	95732.22502	95732	225017	4
78651.24821	78651	248209	78651.24821	78651	248209	1
67479.65088	67479	650878	67479.65088	67479	650878	5
53726.68415	53726	684152	53726.68415	53726	684152	4
81525.41376	81525	413756	81525.41376	81525	413756	1
62366.77587	62366	775870	62366.77587	62366	775870	3
50819.63612	50819	636123	50819.63612	50819	636123	2
62008.55785	62008	557855	62008.55785	62008	557855	3
60097.16839	60097	168387	60097.16839	60097	168387	5
51849.94643	51849	946433	51849.94643	51849	946433	4
52287.68938	52287	689376	52287.68938	52287	689376	5
64741.88729	64741	887290	64741.88729	64741	887290	5
68480.38675	68480	386753	68480.38675	68480	386753	3
74860.8205	74860	820498	74860.8205	74860	820498	1
60895.19341	60895	193414	60895.19341	60895	193414	4
55520.69682	55520	696824	55520.69682	55520	696824	2
95817.85512	95817	855122	95817.85512	95817	855122	1
58269.69807	58269	698067	58269.69807	58269	698067	1
75197.50136	75197	501356	75197.50136	75197	501356	3
69750.34006	69750	340062	69750.34006	69750	340062	1
79781.1215	79781	121503	79781.1215	79781	121503	2
86735.78725	86735	787254	86735.78725	86735	787254	5
61116.67136	61116	671359	61116.67136	61116	671359	5
62905.43107	62905	431068	62905.43107	62905	431068	3
96742.02142	96742	21420	96742.02142	96742	21420	3
60284.19696	60284	196956	60284.19696	60284	196956	1
82154.54527	82154	545268	82154.54527	82154	545268	1
92188.22083	92188	220826	92188.22083	92188	220826	3
51097.18468	51097	184680	51097.18468	51097	184680	3
71427.30668	71427	306677	71427.30668	71427	306677	1
70355.48411	70355	484113	70355.48411	70355	484113	2
56129.4097	56129	409697	56129.4097	56129	409697	3
50077.55489	50077	554886	50077.55489	50077	554886	3
87834.13499	87834	134992	87834.13499	87834	134992	3
69156.6102	69156	610201	69156.6102	69156	610201	3
90904.96864	90904	968642	90904.96864	90904	968642	5
59500.42721	59500	427214	59500.42721	59500	427214	2
69975.24632	69975	246324	69975.24632	69975	246324	5
52911.04285	52911	42849	52911.04285	52911	42849	2
78898.11195	78898	111953	78898.11195	78898	111953	1
81125.70911	81125	709109	81125.70911	81125	709109	5
64499.73222	64499	732225	64499.73222	64499	732225	4
52940.51559	52940	515595	52940.51559	52940	515595	2
99605.09586	99605	95862	99605.09586	99605	95862	2
89360.55272	89360	552723	89360.55272	89360	552723	4
73136.70901	73136	709009	73136.70901	73136	709009	5
64425.79269	64425	792686	64425.79269	64425	792686	1
94477.9242	94477	924197	94477.9242	94477	924197	1
81405.92343	81405	923428	81405.92343	81405	923428	2
98924.29404	98924	294043	98924.29404	98924	294043	3
73528.26426	73528	264259	73528.26426	73528	264259	3
70486.56128	70486	561283	70486.56128	70486	561283	4
94959.59765	94959	597649	94959.59765	94959	597649	4
84644.45197	84644	451971	84644.45197	84644	451971	3
92693.99235	92693	992351	92693.99235	92693	992351	3
91701.61907	91701	619069	91701.61907	91701	619069	3
94929.64893	94929	648927	94929.64893	94929	648927	5
74846.53762	74846	537620	74846.53762	74846	537620	5
83888.35625	83888	356247	83888.35625	83888	356247	2
55326.34996	55326	349959	55326.34996	55326	349959	2
96274.36065	96274	360649	96274.36065	96274	360649	5
63544.84036	63544	840361	63544.84036	63544	840361	4
70756.75966	70756	759657	70756.75966	70756	759657	1
55651.91554	55651	915535	55651.91554	55651	915535	4
60678.49171	60678	491705	60678.49171	60678	491705	1
99214.88621	99214	886210	99214.88621	99214	886210	4
96555.88418	96555	884177	96555.88418	96555	884177	4
70179.43527	70179	435271	70179.43527	70179	435271	3
69188.13253	69188	132535	69188.13253	69188	132535	5
58767.44338	58767	443378	58767.44338	58767	443378	2
58377.54722	58377	547224	58377.54722	58377	547224	5
50313.84164	50313	841644	50313.84164	50313	841644	4
73266.1756	73266	175603	73266.1756	73266	175603	2
61317.57917	61317	579171	61317.57917	61317	579171	2
59218.45386	59218	453859	59218.45386	59218	453859	3
71926.24468	71926	244678	71926.24468	71926	244678	2
84453.28818	84453	288181	84453.28818	84453	288181	3
82945.24655	82945	246545	82945.24655	82945	246545	3
75704.16888	75704	168875	75704.16888	75704	168875	3
75159.72796	75159	727961	75159.72796	75159	727961	2
81868.05694	81868	56940	81868.05694	81868	56940	5
99232.94949	99232	949486	99232.94949	99232	949486	5
95645.28925	95645	289245	95645.28925	95645	289245	5
76826.65459	76826	654589	76826.65459	76826	654589	5
83875.91781	83875	917809	83875.91781	83875	917809	4
88337.2816	88337	281596	88337.2816	88337	281596	4
68526.79001	68526	790010	68526.79001	68526	790010	2
stocks
864056.8641	4623933	864056	1
