items_number
200
stocks_number
1
digit
4
items
99401.8368	99401	8368	99401.8368	99401	8368	1
78775.0202	78775	202	78775.0202	78775	202	2
93075.8403	93075	8403	93075.8403	93075	8403	4
92918.8194	92918	8194	92918.8194	92918	8194	3
86183.2689	86183	2689	86183.2689	86183	2689	3
54511.0786	54511	786	54511.0786	54511	786	3
96111.8518	96111	8518	96111.8518	96111	8518	1
80291.0739	80291	739	80291.0739	80291	739	5
79468.093	79468	930	79468.093	79468	930	2
76055.5299	76055	5299	76055.5299	76055	5299	1
70656.7902	70656	7902	70656.7902	70656	7902	3
67522.3068	67522	3068	67522.3068	67522	3068	2
87170.2555	87170	2555	87170.2555	87170	2555	3
75580.0059	75580	59	75580.0059	75580	59	2
64547.4367	64547	4367	64547.4367	64547	4367	2
77495.8162	77495	8162	77495.8162	77495	8162	2
89618.3082	89618	3082	89618.3082	89618	3082	4
79908.8819	79908	8819	79908.8819	79908	8819	3
93067.2863	93067	2863	93067.2863	93067	2863	3
52484.4734	52484	4734	52484.4734	52484	4734	2
95115.4484	95115	4484	95115.4484	95115	4484	4
67688.3169	67688	3169	67688.3169	67688	3169	3
56995.0143	56995	143	56995.0143	56995	143	1
81758.7293	81758	7293	81758.7293	81758	7293	4
75664.6725	75664	6725	75664.6725	75664	6725	1
87740.2011	87740	2011	87740.2011	87740	2011	5
53417.0881	53417	881	53417.0881	53417	881	3
57196.1869	57196	1869	57196.1869	57196	1869	4
65733.4347	65733	4347	65733.4347	65733	4347	4
64053.1089	64053	1089	64053.1089	64053	1089	5
58927.4468	58927	4468	58927.4468	58927	4468	4
65133.9067	65133	9067	65133.9067	65133	9067	1
92829.1291	92829	1291	92829.1291	92829	1291	3
52001.9224	52001	9224	52001.9224	52001	9224	5
67351.7262	67351	7262	67351.7262	67351	7262	5
88312.0332	88312	332	88312.0332	88312	332	2
65813.6362	65813	6362	65813.6362	65813	6362	2
72763.2132	72763	2132	72763.2132	72763	2132	5
77903.1071	77903	1071	77903.1071	77903	1071	3
95281.7292	95281	7292	95281.7292	95281	7292	1
98818.3783	98818	3783	98818.3783	98818	3783	2
98559.5326	98559	5326	98559.5326	98559	5326	5
72103.036	72103	360	72103.036	72103	360	2
85988.6339	85988	6339	85988.6339	85988	6339	4
74138.1737	74138	1737	74138.1737	74138	1737	3
95951.1079	95951	1079	95951.1079	95951	1079	1
63482.4501	63482	4501	63482.4501	63482	4501	5
73057.4819	73057	4819	73057.4819	73057	4819	1
75859.625	75859	6250	75859.625	75859	6250	3
56549.7365	56549	7365	56549.7365	56549	7365	5
75541.5905	75541	5905	75541.5905	75541	5905	4
80274.0735	80274	735	80274.0735	80274	735	1
74237.6886	74237	6886	74237.6886	74237	6886	2
91837.6049	91837	6049	91837.6049	91837	6049	4
71332.438	71332	4380	71332.438	71332	4380	4
59202.9963	59202	9963	59202.9963	59202	9963	2
79576.4412	79576	4412	79576.4412	79576	4412	5
84051.5261	84051	5261	84051.5261	84051	5261	3
75699.8184	75699	8184	75699.8184	75699	8184	2
54609.876	54609	8760	54609.876	54609	8760	3
98104.2702	98104	2702	98104.2702	98104	2702	5
84626.2653	84626	2653	84626.2653	84626	2653	5
69743.4179	69743	4179	69743.4179	69743	4179	1
50232.3993	50232	3993	50232.3993	50232	3993	2
95928.8229	95928	8229	95928.8229	95928	8229	1
87094.7793	87094	7793	87094.7793	87094	7793	5
97845.0677	97845	677	97845.0677	97845	677	1
61740.4591	61740	4591	61740.4591	61740	4591	3
69157.9925	69157	9925	69157.9925	69157	9925	2
75747.1749	75747	1749	75747.1749	75747	1749	3
66321.1883	66321	1883	66321.1883	66321	1883	3
67975.0061	67975	61	67975.0061	67975	61	3
83607.7075	83607	7075	83607.7075	83607	7075	3
97726.8595	97726	8595	97726.8595	97726	8595	1
53962.64	53962	6400	53962.64	53962	6400	2
67045.5164	67045	5164	67045.5164	67045	5164	2
93676.6026	93676	6026	93676.6026	93676	6026	1
67444.7253	67444	7253	67444.7253	67444	7253	3
90102.9983	90102	9983	90102.9983	90102	9983	3
78835.2277	78835	2277	78835.2277	78835	2277	3
83294.097	83294	970	83294.097	83294	970	4
65642.5888	65642	5888	65642.5888	65642	5888	3
68410.3012	68410	3012	68410.3012	68410	3012	1
66832.7857	66832	7857	66832.7857	66832	7857	5
57479.8289	57479	8289	57479.8289	57479	8289	2
89742.3744	89742	3744	89742.3744	89742	3744	1
76034.782	76034	7820	76034.782	76034	7820	3
96356.2702	96356	2702	96356.2702	96356	2702	1
83093.5357	83093	5357	83093.5357	83093	5357	4
51732.6005	51732	6005	51732.6005	51732	6005	1
50965.7814	50965	7814	50965.7814	50965	7814	1
81197.806	81197	8060	81197.806	81197	8060	3
95659.501	95659	5010	95659.501	95659	5010	3
70708.1993	70708	1993	70708.1993	70708	1993	1
90730.8405	90730	8405	90730.8405	90730	8405	1
91586.9591	91586	9591	91586.9591	91586	9591	3
67102.6139	67102	6139	67102.6139	67102	6139	2
88575.9083	88575	9083	88575.9083	88575	9083	1
53325.4182	53325	4182	53325.4182	53325	4182	2
95561.6064	95561	6064	95561.6064	95561	6064	3
73622.0832	73622	832	73622.0832	73622	832	4
78947.2417	78947	2417	78947.2417	78947	2417	4
63535.2477	63535	2477	63535.2477	63535	2477	3
57228.4259	57228	4259	57228.4259	57228	4259	3
76672.7364	76672	7364	76672.7364	76672	7364	2
67497.8877	67497	8877	67497.8877	67497	8877	4
74274.9423	74274	9423	74274.9423	74274	9423	4
79649.339	79649	3390	79649.339	79649	3390	2
94242.6131	94242	6131	94242.6131	94242	6131	3
64375.5758	64375	5758	64375.5758	64375	5758	3
67784.5667	67784	5667	67784.5667	67784	5667	2
77536.3453	77536	3453	77536.3453	77536	3453	2
89319.7998	89319	7998	89319.7998	89319	7998	1
86194.5031	86194	5031	86194.5031	86194	5031	2
94368.131	94368	1310	94368.131	94368	1310	3
56098.6288	56098	6288	56098.6288	56098	6288	4
85237.8775	85237	8775	85237.8775	85237	8775	2
79702.5483	79702	5483	79702.5483	79702	5483	3
52453.5342	52453	5342	52453.5342	52453	5342	1
68329.4133	68329	4133	68329.4133	68329	4133	5
81434.784	81434	7840	81434.784	81434	7840	3
62719.3156	62719	3156	62719.3156	62719	3156	1
58826.8545	58826	8545	58826.8545	58826	8545	4
86393.285	86393	2850	86393.285	86393	2850	2
92728.1501	92728	1501	92728.1501	92728	1501	3
99557.695	99557	6950	99557.695	99557	6950	5
77978.2441	77978	2441	77978.2441	77978	2441	5
69131.764	69131	7640	69131.764	69131	7640	2
97432.6033	97432	6033	97432.6033	97432	6033	2
90604.2975	90604	2975	90604.2975	90604	2975	1
64691.0057	64691	57	64691.0057	64691	57	4
71053.6865	71053	6865	71053.6865	71053	6865	2
69550.5392	69550	5392	69550.5392	69550	5392	2
78226.2534	78226	2534	78226.2534	78226	2534	1
87583.7476	87583	7476	87583.7476	87583	7476	4
55523.9108	55523	9108	55523.9108	55523	9108	5
95723.7764	95723	7764	95723.7764	95723	7764	1
61856.3251	61856	3251	61856.3251	61856	3251	5
94473.2498	94473	2498	94473.2498	94473	2498	1
99265.3895	99265	3895	99265.3895	99265	3895	1
85532.5361	85532	5361	85532.5361	85532	5361	2
62256.4518	62256	4518	62256.4518	62256	4518	2
76800.7348	76800	7348	76800.7348	76800	7348	4
84151.336	84151	3360	84151.336	84151	3360	4
98451.9549	98451	9549	98451.9549	98451	9549	3
71167.5011	71167	5011	71167.5011	71167	5011	3
90249.6	90249	6000	90249.6	90249	6000	2
92988.4677	92988	4677	92988.4677	92988	4677	2
50868.0494	50868	494	50868.0494	50868	494	5
52003.7694	52003	7694	52003.7694	52003	7694	3
61316.5162	61316	5162	61316.5162	61316	5162	3
91603.4686	91603	4686	91603.4686	91603	4686	5
64722.085	64722	850	64722.085	64722	850	5
79444.3707	79444	3707	79444.3707	79444	3707	2
77995.7536	77995	7536	77995.7536	77995	7536	1
57450.8703	57450	8703	57450.8703	57450	8703	5
88301.0657	88301	657	88301.0657	88301	657	3
65273.6329	65273	6329	65273.6329	65273	6329	2
76581.6344	76581	6344	76581.6344	76581	6344	1
85732.6691	85732	6691	85732.6691	85732	6691	1
55876.5656	55876	5656	55876.5656	55876	5656	5
50572.2753	50572	2753	50572.2753	50572	2753	1
66085.9908	66085	9908	66085.9908	66085	9908	3
84728.74	84728	7400	84728.74	84728	7400	3
78798.5287	78798	5287	78798.5287	78798	5287	4
53667.7385	53667	7385	53667.7385	53667	7385	3
90251.6508	90251	6508	90251.6508	90251	6508	2
83821.9403	83821	9403	83821.9403	83821	9403	4
74824.6988	74824	6988	74824.6988	74824	6988	2
84723.5358	84723	5358	84723.5358	84723	5358	2
83085.3298	83085	3298	83085.3298	83085	3298	1
69657.235	69657	2350	69657.235	69657	2350	1
56279.9876	56279	9876	56279.9876	56279	9876	1
59885.6999	59885	6999	59885.6999	59885	6999	4
53807.2062	53807	2062	53807.2062	53807	2062	4
64030.9426	64030	9426	64030.9426	64030	9426	5
90353.8362	90353	8362	90353.8362	90353	8362	2
53357.4414	53357	4414	53357.4414	53357	4414	3
57017.4103	57017	4103	57017.4103	57017	4103	1
50522.8856	50522	8856	50522.8856	50522	8856	3
64661.2108	64661	2108	64661.2108	64661	2108	2
77635.9265	77635	9265	77635.9265	77635	9265	4
51425.9894	51425	9894	51425.9894	51425	9894	2
79383.931	79383	9310	79383.931	79383	9310	1
66379.9324	66379	9324	66379.9324	66379	9324	2
88722.743	88722	7430	88722.743	88722	7430	5
96134.8013	96134	8013	96134.8013	96134	8013	5
54679.9981	54679	9981	54679.9981	54679	9981	1
53994.0111	53994	111	53994.0111	53994	111	1
82015.0709	82015	709	82015.0709	82015	709	2
99712.6672	99712	6672	99712.6672	99712	6672	1
59871.2119	59871	2119	59871.2119	59871	2119	5
82587.9814	82587	9814	82587.9814	82587	9814	3
75097.6581	75097	6581	75097.6581	75097	6581	3
53899.9519	53899	9519	53899.9519	53899	9519	2
70685.1454	70685	1454	70685.1454	70685	1454	1
88066.0318	88066	318	88066.0318	88066	318	3
94150.6027	94150	6027	94150.6027	94150	6027	3
54505.0857	54505	857	54505.0857	54505	857	1
72190.3658	72190	3658	72190.3658	72190	3658	4
stocks
6863.6863	3649524	6863	1
