items_number
200
stocks_number
1
digit
6
items
6794.397998	6794	397998	6794.397998	6794	397998	3
8972.564081	8972	564081	8972.564081	8972	564081	5
7111.970345	7111	970345	7111.970345	7111	970345	1
7824.697229	7824	697229	7824.697229	7824	697229	1
5640.230591	5640	230591	5640.230591	5640	230591	1
6125.039356	6125	39356	6125.039356	6125	39356	1
5784.332283	5784	332283	5784.332283	5784	332283	2
5357.077012	5357	77012	5357.077012	5357	77012	5
6949.106664	6949	106664	6949.106664	6949	106664	2
6532.634269	6532	634269	6532.634269	6532	634269	4
7104.729708	7104	729708	7104.729708	7104	729708	2
9360.244403	9360	244403	9360.244403	9360	244403	2
6312.680133	6312	680133	6312.680133	6312	680133	2
6739.579004	6739	579004	6739.579004	6739	579004	3
9412.321462	9412	321462	9412.321462	9412	321462	5
5999.902372	5999	902372	5999.902372	5999	902372	4
5486.058669	5486	58669	5486.058669	5486	58669	1
7477.813705	7477	813705	7477.813705	7477	813705	3
8844.933594	8844	933594	8844.933594	8844	933594	3
7864.513686	7864	513686	7864.513686	7864	513686	4
7862.521634	7862	521634	7862.521634	7862	521634	1
7089.989229	7089	989229	7089.989229	7089	989229	5
5967.272225	5967	272225	5967.272225	5967	272225	3
5648.494585	5648	494585	5648.494585	5648	494585	5
6838.625361	6838	625361	6838.625361	6838	625361	2
9477.459297	9477	459297	9477.459297	9477	459297	1
9638.616025	9638	616025	9638.616025	9638	616025	1
5398.061911	5398	61911	5398.061911	5398	61911	3
8105.164844	8105	164844	8105.164844	8105	164844	3
5082.020059	5082	20059	5082.020059	5082	20059	1
8339.831976	8339	831976	8339.831976	8339	831976	1
9899.562842	9899	562842	9899.562842	9899	562842	2
9817.100493	9817	100493	9817.100493	9817	100493	2
6212.318673	6212	318673	6212.318673	6212	318673	1
8485.260071	8485	260071	8485.260071	8485	260071	3
5456.847436	5456	847436	5456.847436	5456	847436	4
8101.874381	8101	874381	8101.874381	8101	874381	2
9269.108706	9269	108706	9269.108706	9269	108706	1
5814.924448	5814	924448	5814.924448	5814	924448	4
5049.981045	5049	981045	5049.981045	5049	981045	5
6563.259327	6563	259327	6563.259327	6563	259327	1
8681.654156	8681	654156	8681.654156	8681	654156	5
5171.225449	5171	225449	5171.225449	5171	225449	1
8639.939461	8639	939461	8639.939461	8639	939461	2
5419.749512	5419	749512	5419.749512	5419	749512	2
9583.063263	9583	63263	9583.063263	9583	63263	2
9638.841833	9638	841833	9638.841833	9638	841833	2
6669.808182	6669	808182	6669.808182	6669	808182	2
7823.393321	7823	393321	7823.393321	7823	393321	4
9245.291779	9245	291779	9245.291779	9245	291779	2
5295.321868	5295	321868	5295.321868	5295	321868	2
5684.914955	5684	914955	5684.914955	5684	914955	5
6333.281008	6333	281008	6333.281008	6333	281008	1
6262.110445	6262	110445	6262.110445	6262	110445	2
6332.925893	6332	925893	6332.925893	6332	925893	1
8935.906369	8935	906369	8935.906369	8935	906369	4
6502.569742	6502	569742	6502.569742	6502	569742	4
6732.541918	6732	541918	6732.541918	6732	541918	1
5095.484633	5095	484633	5095.484633	5095	484633	2
9607.734586	9607	734586	9607.734586	9607	734586	2
6814.07833	6814	78330	6814.07833	6814	78330	3
9197.832961	9197	832961	9197.832961	9197	832961	4
5267.81378	5267	813780	5267.81378	5267	813780	3
6630.178823	6630	178823	6630.178823	6630	178823	5
5409.667987	5409	667987	5409.667987	5409	667987	4
9515.073852	9515	73852	9515.073852	9515	73852	2
7849.026259	7849	26259	7849.026259	7849	26259	5
8510.542368	8510	542368	8510.542368	8510	542368	2
9546.69891	9546	698910	9546.69891	9546	698910	4
8663.950708	8663	950708	8663.950708	8663	950708	3
9322.039766	9322	39766	9322.039766	9322	39766	1
6109.958238	6109	958238	6109.958238	6109	958238	1
7344.121216	7344	121216	7344.121216	7344	121216	4
9494.781567	9494	781567	9494.781567	9494	781567	1
9748.897699	9748	897699	9748.897699	9748	897699	5
8526.870729	8526	870729	8526.870729	8526	870729	5
9839.84483	9839	844830	9839.84483	9839	844830	5
5147.255884	5147	255884	5147.255884	5147	255884	1
5957.195263	5957	195263	5957.195263	5957	195263	3
7661.238151	7661	238151	7661.238151	7661	238151	3
5154.547663	5154	547663	5154.547663	5154	547663	2
6253.033483	6253	33483	6253.033483	6253	33483	5
8345.153107	8345	153107	8345.153107	8345	153107	4
7251.828672	7251	828672	7251.828672	7251	828672	4
8278.143928	8278	143928	8278.143928	8278	143928	1
9677.079	9677	79000	9677.079	9677	79000	4
6185.251393	6185	251393	6185.251393	6185	251393	3
9780.230022	9780	230022	9780.230022	9780	230022	1
7171.13727	7171	137270	7171.13727	7171	137270	2
6280.252378	6280	252378	6280.252378	6280	252378	4
5148.480961	5148	480961	5148.480961	5148	480961	2
9748.2156	9748	215600	9748.2156	9748	215600	4
5477.601692	5477	601692	5477.601692	5477	601692	4
5415.294741	5415	294741	5415.294741	5415	294741	2
7140.394423	7140	394423	7140.394423	7140	394423	5
6649.269679	6649	269679	6649.269679	6649	269679	2
5692.884945	5692	884945	5692.884945	5692	884945	5
9990.420683	9990	420683	9990.420683	9990	420683	5
5158.328399	5158	328399	5158.328399	5158	328399	4
5238.583856	5238	583856	5238.583856	5238	583856	1
9415.887743	9415	887743	9415.887743	9415	887743	4
5242.368165	5242	368165	5242.368165	5242	368165	1
7110.542094	7110	542094	7110.542094	7110	542094	3
7521.008959	7521	8959	7521.008959	7521	8959	3
9736.149732	9736	149732	9736.149732	9736	149732	4
7620.439793	7620	439793	7620.439793	7620	439793	2
6047.39604	6047	396040	6047.39604	6047	396040	2
9575.510915	9575	510915	9575.510915	9575	510915	3
8530.695677	8530	695677	8530.695677	8530	695677	5
7767.591303	7767	591303	7767.591303	7767	591303	2
7235.749066	7235	749066	7235.749066	7235	749066	5
8685.24334	8685	243340	8685.24334	8685	243340	3
9020.141138	9020	141138	9020.141138	9020	141138	3
5580.418525	5580	418525	5580.418525	5580	418525	1
5935.588364	5935	588364	5935.588364	5935	588364	2
7298.285066	7298	285066	7298.285066	7298	285066	5
6019.013877	6019	13877	6019.013877	6019	13877	4
7883.35611	7883	356110	7883.35611	7883	356110	4
7840.515089	7840	515089	7840.515089	7840	515089	5
8954.151148	8954	151148	8954.151148	8954	151148	5
9926.12484	9926	124840	9926.12484	9926	124840	4
7989.512402	7989	512402	7989.512402	7989	512402	2
8701.8831	8701	883100	8701.8831	8701	883100	1
6165.726532	6165	726532	6165.726532	6165	726532	4
8404.807143	8404	807143	8404.807143	8404	807143	5
5841.277524	5841	277524	5841.277524	5841	277524	5
7814.512563	7814	512563	7814.512563	7814	512563	5
9860.692089	9860	692089	9860.692089	9860	692089	1
6593.214559	6593	214559	6593.214559	6593	214559	1
8735.840963	8735	840963	8735.840963	8735	840963	5
5097.275945	5097	275945	5097.275945	5097	275945	1
6007.618654	6007	618654	6007.618654	6007	618654	5
8978.209128	8978	209128	8978.209128	8978	209128	1
7970.334391	7970	334391	7970.334391	7970	334391	4
8529.143965	8529	143965	8529.143965	8529	143965	2
9476.875213	9476	875213	9476.875213	9476	875213	4
5589.774184	5589	774184	5589.774184	5589	774184	2
5338.540006	5338	540006	5338.540006	5338	540006	5
9050.386128	9050	386128	9050.386128	9050	386128	3
9882.986213	9882	986213	9882.986213	9882	986213	1
8105.647661	8105	647661	8105.647661	8105	647661	1
7048.651546	7048	651546	7048.651546	7048	651546	2
8566.745905	8566	745905	8566.745905	8566	745905	1
7888.7888	7888	788800	7888.7888	7888	788800	3
8391.070072	8391	70072	8391.070072	8391	70072	4
5263.850622	5263	850622	5263.850622	5263	850622	2
5948.590218	5948	590218	5948.590218	5948	590218	2
5172.083949	5172	83949	5172.083949	5172	83949	3
8146.206732	8146	206732	8146.206732	8146	206732	2
8788.621659	8788	621659	8788.621659	8788	621659	2
9126.751449	9126	751449	9126.751449	9126	751449	4
8835.331572	8835	331572	8835.331572	8835	331572	2
6776.134061	6776	134061	6776.134061	6776	134061	5
8590.63455	8590	634550	8590.63455	8590	634550	1
10000.57446	10000	574457	10000.57446	10000	574457	5
5943.457557	5943	457557	5943.457557	5943	457557	1
9431.428426	9431	428426	9431.428426	9431	428426	3
8577.08702	8577	87020	8577.08702	8577	87020	1
5802.665998	5802	665998	5802.665998	5802	665998	1
6023.159337	6023	159337	6023.159337	6023	159337	3
7311.927983	7311	927983	7311.927983	7311	927983	1
6662.941943	6662	941943	6662.941943	6662	941943	4
7793.777991	7793	777991	7793.777991	7793	777991	2
7051.653464	7051	653464	7051.653464	7051	653464	3
9632.276334	9632	276334	9632.276334	9632	276334	4
6321.921956	6321	921956	6321.921956	6321	921956	3
6527.528677	6527	528677	6527.528677	6527	528677	1
5983.56687	5983	566870	5983.56687	5983	566870	5
7422.978314	7422	978314	7422.978314	7422	978314	5
5576.914805	5576	914805	5576.914805	5576	914805	3
5864.553083	5864	553083	5864.553083	5864	553083	3
6290.142328	6290	142328	6290.142328	6290	142328	5
8387.566351	8387	566351	8387.566351	8387	566351	1
5193.81534	5193	815340	5193.81534	5193	815340	3
9178.44748	9178	447480	9178.44748	9178	447480	5
6777.152775	6777	152775	6777.152775	6777	152775	5
5456.665962	5456	665962	5456.665962	5456	665962	4
5125.037698	5125	37698	5125.037698	5125	37698	3
6950.236725	6950	236725	6950.236725	6950	236725	4
9366.389046	9366	389046	9366.389046	9366	389046	2
8913.17571	8913	175710	8913.17571	8913	175710	1
6838.504526	6838	504526	6838.504526	6838	504526	4
8200.720619	8200	720619	8200.720619	8200	720619	5
6452.826123	6452	826123	6452.826123	6452	826123	2
5427.139076	5427	139076	5427.139076	5427	139076	5
8962.811428	8962	811428	8962.811428	8962	811428	4
7395.28368	7395	283680	7395.28368	7395	283680	2
5620.567502	5620	567502	5620.567502	5620	567502	2
7538.898448	7538	898448	7538.898448	7538	898448	1
8960.949678	8960	949678	8960.949678	8960	949678	5
6643.726839	6643	726839	6643.726839	6643	726839	1
5612.342784	5612	342784	5612.342784	5612	342784	3
5621.407973	5621	407973	5621.407973	5621	407973	3
9437.021182	9437	21182	9437.021182	9437	21182	3
7663.996248	7663	996248	7663.996248	7663	996248	5
6015.200659	6015	200659	6015.200659	6015	200659	1
6520.459491	6520	459491	6520.459491	6520	459491	2
9190.524925	9190	524925	9190.524925	9190	524925	2
7761.767529	7761	767529	7761.767529	7761	767529	5
8943.437805	8943	437805	8943.437805	8943	437805	1
stocks
56894.05689	431058	56894	1
