items_number
200
stocks_number
1
digit
4
items
744482.3201	744482	3201	744482.3201	744482	3201	5
874617.5258	874617	5258	874617.5258	874617	5258	2
685150.618	685150	6180	685150.618	685150	6180	1
857176.7942	857176	7942	857176.7942	857176	7942	1
700858.0175	700858	175	700858.0175	700858	175	1
588276.243	588276	2430	588276.243	588276	2430	1
987812.7056	987812	7056	987812.7056	987812	7056	5
738041.9766	738041	9766	738041.9766	738041	9766	3
887242.6117	887242	6117	887242.6117	887242	6117	2
718522.4242	718522	4242	718522.4242	718522	4242	5
891307.0532	891307	532	891307.0532	891307	532	2
878492.8036	878492	8036	878492.8036	878492	8036	2
520051.2349	520051	2349	520051.2349	520051	2349	2
983431.9268	983431	9268	983431.9268	983431	9268	2
727085.0331	727085	331	727085.0331	727085	331	5
730732.9485	730732	9485	730732.9485	730732	9485	1
522627.4406	522627	4406	522627.4406	522627	4406	3
547192.8288	547192	8288	547192.8288	547192	8288	5
997934.8751	997934	8751	997934.8751	997934	8751	3
839428.5809	839428	5809	839428.5809	839428	5809	2
963864.5444	963864	5444	963864.5444	963864	5444	2
917649.4961	917649	4961	917649.4961	917649	4961	1
868116.5697	868116	5697	868116.5697	868116	5697	5
863090.2776	863090	2776	863090.2776	863090	2776	4
830386.3743	830386	3743	830386.3743	830386	3743	2
691540.8047	691540	8047	691540.8047	691540	8047	4
745753.4745	745753	4745	745753.4745	745753	4745	5
655673.8915	655673	8915	655673.8915	655673	8915	5
798381.5409	798381	5409	798381.5409	798381	5409	1
818603.9081	818603	9081	818603.9081	818603	9081	3
623578.519	623578	5190	623578.519	623578	5190	4
542863.4962	542863	4962	542863.4962	542863	4962	2
693220.0691	693220	691	693220.0691	693220	691	2
808729.137	808729	1370	808729.137	808729	1370	4
900039.2905	900039	2905	900039.2905	900039	2905	2
914725.0866	914725	866	914725.0866	914725	866	4
897005.0153	897005	153	897005.0153	897005	153	1
908497.9961	908497	9961	908497.9961	908497	9961	1
673412.0633	673412	633	673412.0633	673412	633	2
804894.627	804894	6270	804894.627	804894	6270	4
647665.0556	647665	556	647665.0556	647665	556	3
585365.7517	585365	7517	585365.7517	585365	7517	3
704032.4306	704032	4306	704032.4306	704032	4306	2
667716.2905	667716	2905	667716.2905	667716	2905	1
568796.6785	568796	6785	568796.6785	568796	6785	1
931117.4637	931117	4637	931117.4637	931117	4637	1
919096.8742	919096	8742	919096.8742	919096	8742	1
612070.7544	612070	7544	612070.7544	612070	7544	5
998956.2926	998956	2926	998956.2926	998956	2926	2
917029.3845	917029	3845	917029.3845	917029	3845	4
972146.3353	972146	3353	972146.3353	972146	3353	1
962819.4722	962819	4722	962819.4722	962819	4722	5
855325.8807	855325	8807	855325.8807	855325	8807	1
840261.5402	840261	5402	840261.5402	840261	5402	3
825908.7498	825908	7498	825908.7498	825908	7498	1
706357.8902	706357	8902	706357.8902	706357	8902	4
552448.3449	552448	3449	552448.3449	552448	3449	1
592308.2243	592308	2243	592308.2243	592308	2243	5
862030.7818	862030	7818	862030.7818	862030	7818	3
850829.521	850829	5210	850829.521	850829	5210	3
910911.7677	910911	7677	910911.7677	910911	7677	4
985609.3008	985609	3008	985609.3008	985609	3008	4
914339.0173	914339	173	914339.0173	914339	173	4
624777.8368	624777	8368	624777.8368	624777	8368	5
794337.073	794337	730	794337.073	794337	730	4
835025.3078	835025	3078	835025.3078	835025	3078	2
560149.9235	560149	9235	560149.9235	560149	9235	4
711988.0883	711988	883	711988.0883	711988	883	5
743521.9391	743521	9391	743521.9391	743521	9391	5
733561.622	733561	6220	733561.622	733561	6220	2
537528.7153	537528	7153	537528.7153	537528	7153	5
891187.9947	891187	9947	891187.9947	891187	9947	2
839574.3737	839574	3737	839574.3737	839574	3737	1
762207.7812	762207	7812	762207.7812	762207	7812	4
579549.2852	579549	2852	579549.2852	579549	2852	2
929017.6874	929017	6874	929017.6874	929017	6874	3
713970.8801	713970	8801	713970.8801	713970	8801	1
519291.7946	519291	7946	519291.7946	519291	7946	4
541086.4418	541086	4418	541086.4418	541086	4418	2
712925.1727	712925	1727	712925.1727	712925	1727	3
936321.1792	936321	1792	936321.1792	936321	1792	4
513231.4123	513231	4123	513231.4123	513231	4123	4
696390.6449	696390	6449	696390.6449	696390	6449	2
791645.0599	791645	599	791645.0599	791645	599	1
874140.5877	874140	5877	874140.5877	874140	5877	1
542945.0299	542945	299	542945.0299	542945	299	4
998002.5853	998002	5853	998002.5853	998002	5853	5
926588.9326	926588	9326	926588.9326	926588	9326	3
655900.2543	655900	2543	655900.2543	655900	2543	3
880678.3671	880678	3671	880678.3671	880678	3671	4
798063.0889	798063	889	798063.0889	798063	889	5
587457.022	587457	220	587457.022	587457	220	4
866286.3031	866286	3031	866286.3031	866286	3031	2
733049.1062	733049	1062	733049.1062	733049	1062	3
712235.494	712235	4940	712235.494	712235	4940	3
681269.3762	681269	3762	681269.3762	681269	3762	1
568073.0492	568073	492	568073.0492	568073	492	5
793031.4175	793031	4175	793031.4175	793031	4175	3
893258.0997	893258	997	893258.0997	893258	997	2
811594.9883	811594	9883	811594.9883	811594	9883	4
547238.6747	547238	6747	547238.6747	547238	6747	4
951433.8151	951433	8151	951433.8151	951433	8151	3
723427.9831	723427	9831	723427.9831	723427	9831	2
886812.6836	886812	6836	886812.6836	886812	6836	4
713640.2315	713640	2315	713640.2315	713640	2315	1
823624.2683	823624	2683	823624.2683	823624	2683	5
815828.3711	815828	3711	815828.3711	815828	3711	3
927610.1116	927610	1116	927610.1116	927610	1116	2
842915.6982	842915	6982	842915.6982	842915	6982	3
877562.4481	877562	4481	877562.4481	877562	4481	4
640535.9196	640535	9196	640535.9196	640535	9196	1
779235.8774	779235	8774	779235.8774	779235	8774	4
890793.4957	890793	4957	890793.4957	890793	4957	5
857572.1997	857572	1997	857572.1997	857572	1997	4
591526.5725	591526	5725	591526.5725	591526	5725	4
785579.0834	785579	834	785579.0834	785579	834	5
900517.2297	900517	2297	900517.2297	900517	2297	3
610174.1578	610174	1578	610174.1578	610174	1578	5
732813.6513	732813	6513	732813.6513	732813	6513	5
556416.484	556416	4840	556416.484	556416	4840	2
990853.1602	990853	1602	990853.1602	990853	1602	4
551523.7402	551523	7402	551523.7402	551523	7402	4
643874.1412	643874	1412	643874.1412	643874	1412	5
877785.4633	877785	4633	877785.4633	877785	4633	2
784572.4816	784572	4816	784572.4816	784572	4816	4
876756.6352	876756	6352	876756.6352	876756	6352	5
559054.4747	559054	4747	559054.4747	559054	4747	4
852645.5308	852645	5308	852645.5308	852645	5308	3
690433.688	690433	6880	690433.688	690433	6880	2
952312.5745	952312	5745	952312.5745	952312	5745	5
664238.5191	664238	5191	664238.5191	664238	5191	3
737671.3627	737671	3627	737671.3627	737671	3627	3
903744.0248	903744	248	903744.0248	903744	248	5
908313.5022	908313	5022	908313.5022	908313	5022	4
624483.0464	624483	464	624483.0464	624483	464	3
638030.8915	638030	8915	638030.8915	638030	8915	5
731936.4058	731936	4058	731936.4058	731936	4058	5
960958.0527	960958	527	960958.0527	960958	527	1
565640.0031	565640	31	565640.0031	565640	31	3
574850.104	574850	1040	574850.104	574850	1040	4
838519.136	838519	1360	838519.136	838519	1360	4
726822.9227	726822	9227	726822.9227	726822	9227	5
874733.9814	874733	9814	874733.9814	874733	9814	2
749959.6317	749959	6317	749959.6317	749959	6317	5
584393.1225	584393	1225	584393.1225	584393	1225	4
986906.1891	986906	1891	986906.1891	986906	1891	3
535537.3504	535537	3504	535537.3504	535537	3504	2
505557.3522	505557	3522	505557.3522	505557	3522	3
597080.3469	597080	3469	597080.3469	597080	3469	4
768351.0017	768351	17	768351.0017	768351	17	1
582620.4714	582620	4714	582620.4714	582620	4714	4
608579.1423	608579	1423	608579.1423	608579	1423	4
819874.3771	819874	3771	819874.3771	819874	3771	4
747141.2478	747141	2478	747141.2478	747141	2478	1
986364.2409	986364	2409	986364.2409	986364	2409	1
625092.8587	625092	8587	625092.8587	625092	8587	2
644543.883	644543	8830	644543.883	644543	8830	5
566064.7156	566064	7156	566064.7156	566064	7156	4
977737.0247	977737	247	977737.0247	977737	247	1
834976.2062	834976	2062	834976.2062	834976	2062	1
518375.9253	518375	9253	518375.9253	518375	9253	1
662621.5438	662621	5438	662621.5438	662621	5438	5
572647.569	572647	5690	572647.569	572647	5690	3
942767.5853	942767	5853	942767.5853	942767	5853	2
570933.6813	570933	6813	570933.6813	570933	6813	5
717777.2506	717777	2506	717777.2506	717777	2506	3
580796.4768	580796	4768	580796.4768	580796	4768	3
823516.0871	823516	871	823516.0871	823516	871	4
678734.9385	678734	9385	678734.9385	678734	9385	3
667083.1152	667083	1152	667083.1152	667083	1152	1
919014.8263	919014	8263	919014.8263	919014	8263	3
517253.0745	517253	745	517253.0745	517253	745	3
914552.0379	914552	379	914552.0379	914552	379	2
814393.4429	814393	4429	814393.4429	814393	4429	1
767212.3415	767212	3415	767212.3415	767212	3415	3
998946.7956	998946	7956	998946.7956	998946	7956	2
801298.632	801298	6320	801298.632	801298	6320	3
823396.6919	823396	6919	823396.6919	823396	6919	4
525149.783	525149	7830	525149.783	525149	7830	4
919025.6141	919025	6141	919025.6141	919025	6141	2
591746.3288	591746	3288	591746.3288	591746	3288	1
607769.2544	607769	2544	607769.2544	607769	2544	5
548250.7565	548250	7565	548250.7565	548250	7565	2
932267.3411	932267	3411	932267.3411	932267	3411	4
875558.1374	875558	1374	875558.1374	875558	1374	5
534614.9974	534614	9974	534614.9974	534614	9974	2
557358.835	557358	8350	557358.835	557358	8350	3
520100.0205	520100	205	520100.0205	520100	205	4
621325.3482	621325	3482	621325.3482	621325	3482	3
555741.8597	555741	8597	555741.8597	555741	8597	5
875724.2267	875724	2267	875724.2267	875724	2267	1
639701.9088	639701	9088	639701.9088	639701	9088	5
718363.4035	718363	4035	718363.4035	718363	4035	5
948371.4309	948371	4309	948371.4309	948371	4309	1
603114.4941	603114	4941	603114.4941	603114	4941	1
809943.72	809943	7200	809943.72	809943	7200	4
686794.3167	686794	3167	686794.3167	686794	3167	3
704557.6062	704557	6062	704557.6062	704557	6062	3
654106.8071	654106	8071	654106.8071	654106	8071	5
886175.2552	886175	2552	886175.2552	886175	2552	2
stocks
1658.1658	44817860	1658	1
