items_number
200
stocks_number
1
digit
4
items
6348.0192	6348	192	6348.0192	6348	192	1
8032.6092	8032	6092	8032.6092	8032	6092	4
9054.0325	9054	325	9054.0325	9054	325	5
5445.08	5445	800	5445.08	5445	800	3
7978.6004	7978	6004	7978.6004	7978	6004	5
8301.1508	8301	1508	8301.1508	8301	1508	5
7803.1158	7803	1158	7803.1158	7803	1158	3
7475.4446	7475	4446	7475.4446	7475	4446	4
5099.0507	5099	507	5099.0507	5099	507	5
5971.2389	5971	2389	5971.2389	5971	2389	2
8580.2844	8580	2844	8580.2844	8580	2844	3
8765.0275	8765	275	8765.0275	8765	275	1
5212.1316	5212	1316	5212.1316	5212	1316	1
8794.985	8794	9850	8794.985	8794	9850	2
6173.7652	6173	7652	6173.7652	6173	7652	2
5984.6034	5984	6034	5984.6034	5984	6034	1
5490.5664	5490	5664	5490.5664	5490	5664	1
8318.0275	8318	275	8318.0275	8318	275	2
5288.6887	5288	6887	5288.6887	5288	6887	5
5612.4924	5612	4924	5612.4924	5612	4924	4
8835.2994	8835	2994	8835.2994	8835	2994	3
7013.4163	7013	4163	7013.4163	7013	4163	4
7382.1411	7382	1411	7382.1411	7382	1411	5
6670.7615	6670	7615	6670.7615	6670	7615	3
6431.7165	6431	7165	6431.7165	6431	7165	5
7691.7553	7691	7553	7691.7553	7691	7553	3
9707.5555	9707	5555	9707.5555	9707	5555	2
5661.455	5661	4550	5661.455	5661	4550	5
7038.7951	7038	7951	7038.7951	7038	7951	2
7608.494	7608	4940	7608.494	7608	4940	3
8365.3838	8365	3838	8365.3838	8365	3838	4
9150.4495	9150	4495	9150.4495	9150	4495	4
6403.1033	6403	1033	6403.1033	6403	1033	3
7419.4163	7419	4163	7419.4163	7419	4163	1
5357.1648	5357	1648	5357.1648	5357	1648	3
9381.3389	9381	3389	9381.3389	9381	3389	2
6482.2023	6482	2023	6482.2023	6482	2023	2
8924.9158	8924	9158	8924.9158	8924	9158	5
6855.4187	6855	4187	6855.4187	6855	4187	3
6582.253	6582	2530	6582.253	6582	2530	1
9895.7899	9895	7899	9895.7899	9895	7899	3
5434.7031	5434	7031	5434.7031	5434	7031	5
5346.9157	5346	9157	5346.9157	5346	9157	4
5107.9215	5107	9215	5107.9215	5107	9215	5
9992.3233	9992	3233	9992.3233	9992	3233	3
7282.3162	7282	3162	7282.3162	7282	3162	2
6854.1601	6854	1601	6854.1601	6854	1601	5
5481.5249	5481	5249	5481.5249	5481	5249	4
5600.3437	5600	3437	5600.3437	5600	3437	4
7906.8488	7906	8488	7906.8488	7906	8488	1
6856.0173	6856	173	6856.0173	6856	173	4
5197.2783	5197	2783	5197.2783	5197	2783	3
9919.9003	9919	9003	9919.9003	9919	9003	5
9239.7937	9239	7937	9239.7937	9239	7937	5
6867.0398	6867	398	6867.0398	6867	398	5
7112.6168	7112	6168	7112.6168	7112	6168	1
7692.1842	7692	1842	7692.1842	7692	1842	2
7336.5953	7336	5953	7336.5953	7336	5953	4
8536.707	8536	7070	8536.707	8536	7070	2
5492.9794	5492	9794	5492.9794	5492	9794	5
9944.0894	9944	894	9944.0894	9944	894	1
6901.0908	6901	908	6901.0908	6901	908	2
9642.0641	9642	641	9642.0641	9642	641	5
6346.8279	6346	8279	6346.8279	6346	8279	3
5082.5071	5082	5071	5082.5071	5082	5071	2
5762.2289	5762	2289	5762.2289	5762	2289	4
6489.802	6489	8020	6489.802	6489	8020	2
6564.7095	6564	7095	6564.7095	6564	7095	3
9686.7799	9686	7799	9686.7799	9686	7799	3
8344.2207	8344	2207	8344.2207	8344	2207	4
8909.5977	8909	5977	8909.5977	8909	5977	1
5342.5698	5342	5698	5342.5698	5342	5698	3
9542.9238	9542	9238	9542.9238	9542	9238	5
5017.5135	5017	5135	5017.5135	5017	5135	1
6212.4913	6212	4913	6212.4913	6212	4913	4
9533.8823	9533	8823	9533.8823	9533	8823	2
7300.4649	7300	4649	7300.4649	7300	4649	2
8067.2866	8067	2866	8067.2866	8067	2866	4
5776.4073	5776	4073	5776.4073	5776	4073	2
8663.4438	8663	4438	8663.4438	8663	4438	2
5972.1354	5972	1354	5972.1354	5972	1354	1
7633.0598	7633	598	7633.0598	7633	598	1
9623.7222	9623	7222	9623.7222	9623	7222	5
6653.671	6653	6710	6653.671	6653	6710	5
7634.4887	7634	4887	7634.4887	7634	4887	2
7252.762	7252	7620	7252.762	7252	7620	1
8765.2878	8765	2878	8765.2878	8765	2878	2
5325.673	5325	6730	5325.673	5325	6730	1
9588.9926	9588	9926	9588.9926	9588	9926	4
8064.6301	8064	6301	8064.6301	8064	6301	3
5817.2876	5817	2876	5817.2876	5817	2876	5
5293.082	5293	820	5293.082	5293	820	4
9965.7209	9965	7209	9965.7209	9965	7209	2
6222.3517	6222	3517	6222.3517	6222	3517	2
7403.5451	7403	5451	7403.5451	7403	5451	4
5046.2281	5046	2281	5046.2281	5046	2281	3
6984.2159	6984	2159	6984.2159	6984	2159	5
8892.3471	8892	3471	8892.3471	8892	3471	5
6610.5728	6610	5728	6610.5728	6610	5728	3
7432.9958	7432	9958	7432.9958	7432	9958	5
7999.5678	7999	5678	7999.5678	7999	5678	5
5519.8057	5519	8057	5519.8057	5519	8057	5
7774.2009	7774	2009	7774.2009	7774	2009	4
7540.1268	7540	1268	7540.1268	7540	1268	4
5536.9544	5536	9544	5536.9544	5536	9544	5
8987.3274	8987	3274	8987.3274	8987	3274	2
7072.6443	7072	6443	7072.6443	7072	6443	5
8599.4193	8599	4193	8599.4193	8599	4193	3
7816.6141	7816	6141	7816.6141	7816	6141	2
8611.6868	8611	6868	8611.6868	8611	6868	4
8024.8632	8024	8632	8024.8632	8024	8632	5
8788.7495	8788	7495	8788.7495	8788	7495	3
7006.7467	7006	7467	7006.7467	7006	7467	1
7646.5854	7646	5854	7646.5854	7646	5854	4
6203.4205	6203	4205	6203.4205	6203	4205	4
9640.2354	9640	2354	9640.2354	9640	2354	2
9898.3474	9898	3474	9898.3474	9898	3474	1
5730.3436	5730	3436	5730.3436	5730	3436	1
5727.5436	5727	5436	5727.5436	5727	5436	2
5247.9752	5247	9752	5247.9752	5247	9752	5
8794.9737	8794	9737	8794.9737	8794	9737	5
7308.8312	7308	8312	7308.8312	7308	8312	4
5541.0572	5541	572	5541.0572	5541	572	5
8758.6946	8758	6946	8758.6946	8758	6946	1
8530.183	8530	1830	8530.183	8530	1830	2
7944.2375	7944	2375	7944.2375	7944	2375	3
9567.5579	9567	5579	9567.5579	9567	5579	1
6276.0341	6276	341	6276.0341	6276	341	1
7598.2198	7598	2198	7598.2198	7598	2198	4
6940.7659	6940	7659	6940.7659	6940	7659	3
8708.6651	8708	6651	8708.6651	8708	6651	2
5596.7876	5596	7876	5596.7876	5596	7876	3
8222.5717	8222	5717	8222.5717	8222	5717	4
7244.866	7244	8660	7244.866	7244	8660	5
8136.5496	8136	5496	8136.5496	8136	5496	3
9521.5261	9521	5261	9521.5261	9521	5261	3
6230.1935	6230	1935	6230.1935	6230	1935	4
5970.8292	5970	8292	5970.8292	5970	8292	5
8883.9455	8883	9455	8883.9455	8883	9455	5
9809.8076	9809	8076	9809.8076	9809	8076	5
5344.516	5344	5160	5344.516	5344	5160	3
6906.8087	6906	8087	6906.8087	6906	8087	4
9359.1923	9359	1923	9359.1923	9359	1923	4
7350.2627	7350	2627	7350.2627	7350	2627	3
5315.0293	5315	293	5315.0293	5315	293	4
5561.6129	5561	6129	5561.6129	5561	6129	3
6990.1334	6990	1334	6990.1334	6990	1334	1
5975.0119	5975	119	5975.0119	5975	119	5
6292.5917	6292	5917	6292.5917	6292	5917	5
8480.677	8480	6770	8480.677	8480	6770	3
6986.9872	6986	9872	6986.9872	6986	9872	1
5848.2006	5848	2006	5848.2006	5848	2006	4
5787.5083	5787	5083	5787.5083	5787	5083	3
7527.6796	7527	6796	7527.6796	7527	6796	5
5369.8952	5369	8952	5369.8952	5369	8952	2
5079.3265	5079	3265	5079.3265	5079	3265	4
6233.9172	6233	9172	6233.9172	6233	9172	5
9936.0884	9936	884	9936.0884	9936	884	2
7118.9958	7118	9958	7118.9958	7118	9958	1
9594.137	9594	1370	9594.137	9594	1370	3
7638.4895	7638	4895	7638.4895	7638	4895	1
6588.6609	6588	6609	6588.6609	6588	6609	3
5190.5599	5190	5599	5190.5599	5190	5599	3
5859.0612	5859	612	5859.0612	5859	612	4
8833.1622	8833	1622	8833.1622	8833	1622	4
9089.7447	9089	7447	9089.7447	9089	7447	5
6143.2226	6143	2226	6143.2226	6143	2226	3
5825.3557	5825	3557	5825.3557	5825	3557	2
5822.5739	5822	5739	5822.5739	5822	5739	4
5025.1681	5025	1681	5025.1681	5025	1681	2
5634.7985	5634	7985	5634.7985	5634	7985	2
6166.09	6166	900	6166.09	6166	900	3
7694.612	7694	6120	7694.612	7694	6120	3
9993.9908	9993	9908	9993.9908	9993	9908	5
9279.9879	9279	9879	9279.9879	9279	9879	5
8772.6413	8772	6413	8772.6413	8772	6413	3
6317.2389	6317	2389	6317.2389	6317	2389	4
7031.1213	7031	1213	7031.1213	7031	1213	3
5510.2884	5510	2884	5510.2884	5510	2884	4
8372.8306	8372	8306	8372.8306	8372	8306	3
5511.4336	5511	4336	5511.4336	5511	4336	5
7496.2756	7496	2756	7496.2756	7496	2756	4
9220.0312	9220	312	9220.0312	9220	312	4
6298.5771	6298	5771	6298.5771	6298	5771	4
5022.9553	5022	9553	5022.9553	5022	9553	4
9589.5617	9589	5617	9589.5617	9589	5617	5
7141.5388	7141	5388	7141.5388	7141	5388	2
7018.5077	7018	5077	7018.5077	7018	5077	3
5287.2853	5287	2853	5287.2853	5287	2853	3
9259.5346	9259	5346	9259.5346	9259	5346	2
6611.2799	6611	2799	6611.2799	6611	2799	2
7925.7748	7925	7748	7925.7748	7925	7748	5
5847.8307	5847	8307	5847.8307	5847	8307	1
7564.475	7564	4750	7564.475	7564	4750	4
9548.4713	9548	4713	9548.4713	9548	4713	5
9680.9929	9680	9929	9680.9929	9680	9929	5
7416.2198	7416	2198	7416.2198	7416	2198	1
6453.6939	6453	6939	6453.6939	6453	6939	2
6267.9838	6267	9838	6267.9838	6267	9838	1
8238.4289	8238	4289	8238.4289	8238	4289	1
stocks
7747.7747	496415	7747	1
