items_number
200
stocks_number
1
digit
6
items
525.547917	525	547917	525.547917	525	547917	4
627.548294	627	548294	627.548294	627	548294	3
534.844662	534	844662	534.844662	534	844662	1
568.385816	568	385816	568.385816	568	385816	1
985.026872	985	26872	985.026872	985	26872	1
554.689372	554	689372	554.689372	554	689372	3
516.139108	516	139108	516.139108	516	139108	3
524.893459	524	893459	524.893459	524	893459	1
800.781551	800	781551	800.781551	800	781551	2
567.571743	567	571743	567.571743	567	571743	4
611.147449	611	147449	611.147449	611	147449	4
722.298683	722	298683	722.298683	722	298683	2
708.802287	708	802287	708.802287	708	802287	3
568.248825	568	248825	568.248825	568	248825	2
649.757899	649	757899	649.757899	649	757899	2
757.244902	757	244902	757.244902	757	244902	5
806.050909	806	50909	806.050909	806	50909	4
909.970331	909	970331	909.970331	909	970331	2
725.327515	725	327515	725.327515	725	327515	5
696.499835	696	499835	696.499835	696	499835	2
732.013274	732	13274	732.013274	732	13274	1
975.402634	975	402634	975.402634	975	402634	2
763.636807	763	636807	763.636807	763	636807	1
749.507553	749	507553	749.507553	749	507553	3
991.950572	991	950572	991.950572	991	950572	5
920.252986	920	252986	920.252986	920	252986	1
760.189195	760	189195	760.189195	760	189195	2
946.591983	946	591983	946.591983	946	591983	3
693.3611	693	361100	693.3611	693	361100	1
795.943893	795	943893	795.943893	795	943893	5
781.128557	781	128557	781.128557	781	128557	1
718.909017	718	909017	718.909017	718	909017	1
668.00854	668	8540	668.00854	668	8540	3
815.489571	815	489571	815.489571	815	489571	1
532.294833	532	294833	532.294833	532	294833	1
652.551764	652	551764	652.551764	652	551764	3
870.695296	870	695296	870.695296	870	695296	3
796.950294	796	950294	796.950294	796	950294	1
923.961576	923	961576	923.961576	923	961576	5
916.476847	916	476847	916.476847	916	476847	1
863.038389	863	38389	863.038389	863	38389	1
781.625377	781	625377	781.625377	781	625377	4
637.291882	637	291882	637.291882	637	291882	4
818.840676	818	840676	818.840676	818	840676	3
849.874203	849	874203	849.874203	849	874203	2
786.566133	786	566133	786.566133	786	566133	5
574.085579	574	85579	574.085579	574	85579	5
654.925112	654	925112	654.925112	654	925112	2
694.536464	694	536464	694.536464	694	536464	3
545.929446	545	929446	545.929446	545	929446	4
850.941299	850	941299	850.941299	850	941299	4
672.06609	672	66090	672.06609	672	66090	1
519.33208	519	332080	519.33208	519	332080	2
613.094458	613	94458	613.094458	613	94458	1
668.573643	668	573643	668.573643	668	573643	3
510.282652	510	282652	510.282652	510	282652	4
779.347444	779	347444	779.347444	779	347444	1
928.279191	928	279191	928.279191	928	279191	1
702.390988	702	390988	702.390988	702	390988	1
972.708544	972	708544	972.708544	972	708544	3
969.223084	969	223084	969.223084	969	223084	1
983.035897	983	35897	983.035897	983	35897	1
936.133914	936	133914	936.133914	936	133914	5
636.747976	636	747976	636.747976	636	747976	3
798.525468	798	525468	798.525468	798	525468	4
714.945099	714	945099	714.945099	714	945099	1
535.299741	535	299741	535.299741	535	299741	2
914.220764	914	220764	914.220764	914	220764	1
509.411745	509	411745	509.411745	509	411745	3
704.261317	704	261317	704.261317	704	261317	1
829.213963	829	213963	829.213963	829	213963	4
619.450134	619	450134	619.450134	619	450134	3
985.886694	985	886694	985.886694	985	886694	4
712.505845	712	505845	712.505845	712	505845	2
937.807163	937	807163	937.807163	937	807163	2
579.277249	579	277249	579.277249	579	277249	2
998.071978	998	71978	998.071978	998	71978	2
757.892742	757	892742	757.892742	757	892742	1
981.202361	981	202361	981.202361	981	202361	4
938.124794	938	124794	938.124794	938	124794	1
549.822188	549	822188	549.822188	549	822188	2
830.14366	830	143660	830.14366	830	143660	4
856.190884	856	190884	856.190884	856	190884	1
815.670621	815	670621	815.670621	815	670621	5
689.238118	689	238118	689.238118	689	238118	4
770.28088	770	280880	770.28088	770	280880	3
825.953273	825	953273	825.953273	825	953273	3
714.101914	714	101914	714.101914	714	101914	1
944.560071	944	560071	944.560071	944	560071	1
774.860613	774	860613	774.860613	774	860613	5
932.326811	932	326811	932.326811	932	326811	5
912.299507	912	299507	912.299507	912	299507	1
502.89651	502	896510	502.89651	502	896510	3
867.460725	867	460725	867.460725	867	460725	4
795.047484	795	47484	795.047484	795	47484	5
800.421979	800	421979	800.421979	800	421979	1
581.922176	581	922176	581.922176	581	922176	1
576.347225	576	347225	576.347225	576	347225	1
960.159095	960	159095	960.159095	960	159095	3
837.333922	837	333922	837.333922	837	333922	3
780.124894	780	124894	780.124894	780	124894	3
534.373059	534	373059	534.373059	534	373059	1
956.300408	956	300408	956.300408	956	300408	5
765.52794	765	527940	765.52794	765	527940	4
746.395256	746	395256	746.395256	746	395256	3
638.107571	638	107571	638.107571	638	107571	4
590.80519	590	805190	590.80519	590	805190	5
990.983587	990	983587	990.983587	990	983587	1
896.516665	896	516665	896.516665	896	516665	4
570.007551	570	7551	570.007551	570	7551	5
673.108381	673	108381	673.108381	673	108381	1
691.338854	691	338854	691.338854	691	338854	2
647.667564	647	667564	647.667564	647	667564	3
529.815618	529	815618	529.815618	529	815618	2
505.525827	505	525827	505.525827	505	525827	2
836.422034	836	422034	836.422034	836	422034	3
799.096498	799	96498	799.096498	799	96498	1
577.4791	577	479100	577.4791	577	479100	4
797.523949	797	523949	797.523949	797	523949	5
743.172921	743	172921	743.172921	743	172921	3
851.339714	851	339714	851.339714	851	339714	4
728.85076	728	850760	728.85076	728	850760	4
901.472428	901	472428	901.472428	901	472428	3
853.752576	853	752576	853.752576	853	752576	3
595.827837	595	827837	595.827837	595	827837	5
695.519912	695	519912	695.519912	695	519912	4
900.690907	900	690907	900.690907	900	690907	3
923.266365	923	266365	923.266365	923	266365	5
517.383489	517	383489	517.383489	517	383489	1
605.850003	605	850003	605.850003	605	850003	5
505.600287	505	600287	505.600287	505	600287	3
798.508383	798	508383	798.508383	798	508383	4
640.739414	640	739414	640.739414	640	739414	1
708.417048	708	417048	708.417048	708	417048	4
809.552676	809	552676	809.552676	809	552676	2
632.13467	632	134670	632.13467	632	134670	5
846.524619	846	524619	846.524619	846	524619	2
899.357866	899	357866	899.357866	899	357866	1
622.634609	622	634609	622.634609	622	634609	5
988.041285	988	41285	988.041285	988	41285	3
970.881769	970	881769	970.881769	970	881769	1
541.259343	541	259343	541.259343	541	259343	2
678.896491	678	896491	678.896491	678	896491	4
616.549333	616	549333	616.549333	616	549333	5
570.074961	570	74961	570.074961	570	74961	5
684.422318	684	422318	684.422318	684	422318	2
698.48772	698	487720	698.48772	698	487720	3
616.687811	616	687811	616.687811	616	687811	3
761.41777	761	417770	761.41777	761	417770	3
995.528021	995	528021	995.528021	995	528021	4
605.860732	605	860732	605.860732	605	860732	5
858.757484	858	757484	858.757484	858	757484	3
723.895133	723	895133	723.895133	723	895133	3
752.33316	752	333160	752.33316	752	333160	5
710.026413	710	26413	710.026413	710	26413	5
564.239322	564	239322	564.239322	564	239322	4
694.369425	694	369425	694.369425	694	369425	3
856.71732	856	717320	856.71732	856	717320	2
733.505687	733	505687	733.505687	733	505687	3
711.752914	711	752914	711.752914	711	752914	1
962.567323	962	567323	962.567323	962	567323	3
738.105975	738	105975	738.105975	738	105975	2
508.77765	508	777650	508.77765	508	777650	4
848.823089	848	823089	848.823089	848	823089	5
692.523023	692	523023	692.523023	692	523023	3
563.330326	563	330326	563.330326	563	330326	5
980.474112	980	474112	980.474112	980	474112	4
538.563994	538	563994	538.563994	538	563994	4
963.688192	963	688192	963.688192	963	688192	2
601.108721	601	108721	601.108721	601	108721	5
772.605279	772	605279	772.605279	772	605279	3
678.569961	678	569961	678.569961	678	569961	4
643.368064	643	368064	643.368064	643	368064	2
951.018122	951	18122	951.018122	951	18122	4
794.635647	794	635647	794.635647	794	635647	4
960.959377	960	959377	960.959377	960	959377	3
881.44044	881	440440	881.44044	881	440440	5
738.123367	738	123367	738.123367	738	123367	3
822.16354	822	163540	822.16354	822	163540	5
641.858211	641	858211	641.858211	641	858211	2
733.16774	733	167740	733.16774	733	167740	1
673.024272	673	24272	673.024272	673	24272	5
745.132047	745	132047	745.132047	745	132047	4
702.062873	702	62873	702.062873	702	62873	5
926.873785	926	873785	926.873785	926	873785	4
701.15846	701	158460	701.15846	701	158460	5
512.302195	512	302195	512.302195	512	302195	3
866.24321	866	243210	866.24321	866	243210	3
557.392133	557	392133	557.392133	557	392133	1
745.807882	745	807882	745.807882	745	807882	3
576.512476	576	512476	576.512476	576	512476	3
765.475808	765	475808	765.475808	765	475808	1
729.430209	729	430209	729.430209	729	430209	4
832.290126	832	290126	832.290126	832	290126	3
612.298898	612	298898	612.298898	612	298898	5
922.469584	922	469584	922.469584	922	469584	1
895.620452	895	620452	895.620452	895	620452	2
591.77301	591	773010	591.77301	591	773010	1
960.549931	960	549931	960.549931	960	549931	2
603.824996	603	824996	603.824996	603	824996	1
stocks
4049.389042	4049	389042	1
