items_number
200
stocks_number
1
digit
4
items
61922.1438	61922	1438	61922.1438	61922	1438	3
71398.5359	71398	5359	71398.5359	71398	5359	5
96109.0563	96109	563	96109.0563	96109	563	2
85128.9625	85128	9625	85128.9625	85128	9625	5
97509.4574	97509	4574	97509.4574	97509	4574	2
63280.7507	63280	7507	63280.7507	63280	7507	4
88764.1585	88764	1585	88764.1585	88764	1585	3
97064.0851	97064	851	97064.0851	97064	851	4
54707.9175	54707	9175	54707.9175	54707	9175	1
65862.889	65862	8890	65862.889	65862	8890	4
91674.4753	91674	4753	91674.4753	91674	4753	2
51443.2714	51443	2714	51443.2714	51443	2714	4
86813.2938	86813	2938	86813.2938	86813	2938	5
50743.3525	50743	3525	50743.3525	50743	3525	4
50402.4581	50402	4581	50402.4581	50402	4581	1
59295.1203	59295	1203	59295.1203	59295	1203	1
96263.4509	96263	4509	96263.4509	96263	4509	5
93721.93	93721	9300	93721.93	93721	9300	3
60922.4831	60922	4831	60922.4831	60922	4831	1
80409.6071	80409	6071	80409.6071	80409	6071	2
54433.754	54433	7540	54433.754	54433	7540	4
69596.8664	69596	8664	69596.8664	69596	8664	4
69607.8709	69607	8709	69607.8709	69607	8709	4
83314.7319	83314	7319	83314.7319	83314	7319	2
57118.6259	57118	6259	57118.6259	57118	6259	2
85185.0373	85185	373	85185.0373	85185	373	2
66910.9998	66910	9998	66910.9998	66910	9998	1
76446.8127	76446	8127	76446.8127	76446	8127	1
64184.4334	64184	4334	64184.4334	64184	4334	4
91340.3115	91340	3115	91340.3115	91340	3115	4
79707.3979	79707	3979	79707.3979	79707	3979	3
85408.5772	85408	5772	85408.5772	85408	5772	2
72038.4826	72038	4826	72038.4826	72038	4826	5
85117.4542	85117	4542	85117.4542	85117	4542	1
79836.5397	79836	5397	79836.5397	79836	5397	1
69546.94	69546	9400	69546.94	69546	9400	3
98397.8402	98397	8402	98397.8402	98397	8402	4
68600.3334	68600	3334	68600.3334	68600	3334	4
75910.6603	75910	6603	75910.6603	75910	6603	2
62404.7577	62404	7577	62404.7577	62404	7577	5
93763.8577	93763	8577	93763.8577	93763	8577	2
67583.7708	67583	7708	67583.7708	67583	7708	3
73148.6643	73148	6643	73148.6643	73148	6643	3
89876.1515	89876	1515	89876.1515	89876	1515	3
77628.7586	77628	7586	77628.7586	77628	7586	4
73550.1225	73550	1225	73550.1225	73550	1225	5
58471.2718	58471	2718	58471.2718	58471	2718	1
73890.2095	73890	2095	73890.2095	73890	2095	3
67271.6877	67271	6877	67271.6877	67271	6877	5
69393.7549	69393	7549	69393.7549	69393	7549	1
54299.8166	54299	8166	54299.8166	54299	8166	2
81005.0769	81005	769	81005.0769	81005	769	5
98290.2565	98290	2565	98290.2565	98290	2565	1
73906.3228	73906	3228	73906.3228	73906	3228	2
64318.8088	64318	8088	64318.8088	64318	8088	1
64708.5176	64708	5176	64708.5176	64708	5176	4
68391.3601	68391	3601	68391.3601	68391	3601	3
90529.8086	90529	8086	90529.8086	90529	8086	4
50454.3303	50454	3303	50454.3303	50454	3303	4
91877.7935	91877	7935	91877.7935	91877	7935	3
91170.7553	91170	7553	91170.7553	91170	7553	4
80162.7282	80162	7282	80162.7282	80162	7282	3
77284.0059	77284	59	77284.0059	77284	59	4
63207.2379	63207	2379	63207.2379	63207	2379	4
65278.8176	65278	8176	65278.8176	65278	8176	4
57119.1808	57119	1808	57119.1808	57119	1808	5
82754.8131	82754	8131	82754.8131	82754	8131	3
72975.293	72975	2930	72975.293	72975	2930	4
85020.5142	85020	5142	85020.5142	85020	5142	5
67964.1087	67964	1087	67964.1087	67964	1087	4
94680.0508	94680	508	94680.0508	94680	508	5
88083.3719	88083	3719	88083.3719	88083	3719	3
85548.8795	85548	8795	85548.8795	85548	8795	4
67827.3503	67827	3503	67827.3503	67827	3503	5
77959.1586	77959	1586	77959.1586	77959	1586	1
63175.6381	63175	6381	63175.6381	63175	6381	2
91377.4728	91377	4728	91377.4728	91377	4728	4
86430.4304	86430	4304	86430.4304	86430	4304	1
87065.8477	87065	8477	87065.8477	87065	8477	1
67948.1606	67948	1606	67948.1606	67948	1606	3
65124.8205	65124	8205	65124.8205	65124	8205	3
50664.2995	50664	2995	50664.2995	50664	2995	2
98954.2375	98954	2375	98954.2375	98954	2375	2
72714.7122	72714	7122	72714.7122	72714	7122	3
83871.2575	83871	2575	83871.2575	83871	2575	3
72572.6816	72572	6816	72572.6816	72572	6816	5
87423.2298	87423	2298	87423.2298	87423	2298	2
52262.6176	52262	6176	52262.6176	52262	6176	2
72402.1254	72402	1254	72402.1254	72402	1254	5
87877.1953	87877	1953	87877.1953	87877	1953	2
53439.0463	53439	463	53439.0463	53439	463	5
72872.516	72872	5160	72872.516	72872	5160	3
77339.5587	77339	5587	77339.5587	77339	5587	2
80723.0522	80723	522	80723.0522	80723	522	3
86079.3891	86079	3891	86079.3891	86079	3891	3
51917.3764	51917	3764	51917.3764	51917	3764	2
97143.8682	97143	8682	97143.8682	97143	8682	4
78133.2023	78133	2023	78133.2023	78133	2023	1
84193.6694	84193	6694	84193.6694	84193	6694	5
91464.0177	91464	177	91464.0177	91464	177	5
96098.311	96098	3110	96098.311	96098	3110	1
78872.3554	78872	3554	78872.3554	78872	3554	5
79546.0248	79546	248	79546.0248	79546	248	5
81645.8257	81645	8257	81645.8257	81645	8257	4
55999.7058	55999	7058	55999.7058	55999	7058	4
66805.1835	66805	1835	66805.1835	66805	1835	5
54120.4639	54120	4639	54120.4639	54120	4639	5
97377.8138	97377	8138	97377.8138	97377	8138	4
62536.6139	62536	6139	62536.6139	62536	6139	2
50485.9468	50485	9468	50485.9468	50485	9468	1
74625.6096	74625	6096	74625.6096	74625	6096	4
86961.0697	86961	697	86961.0697	86961	697	4
51150.2463	51150	2463	51150.2463	51150	2463	4
73578.4824	73578	4824	73578.4824	73578	4824	2
59674.7819	59674	7819	59674.7819	59674	7819	3
85021.5039	85021	5039	85021.5039	85021	5039	2
55451.164	55451	1640	55451.164	55451	1640	3
56397.647	56397	6470	56397.647	56397	6470	1
96584.7567	96584	7567	96584.7567	96584	7567	5
87154.9246	87154	9246	87154.9246	87154	9246	2
53575.8423	53575	8423	53575.8423	53575	8423	5
50022.4383	50022	4383	50022.4383	50022	4383	4
60025.4406	60025	4406	60025.4406	60025	4406	2
90215.4011	90215	4011	90215.4011	90215	4011	1
90046.4905	90046	4905	90046.4905	90046	4905	4
96104.8298	96104	8298	96104.8298	96104	8298	4
51433.4127	51433	4127	51433.4127	51433	4127	2
96490.994	96490	9940	96490.994	96490	9940	4
83538.6673	83538	6673	83538.6673	83538	6673	1
85626.7173	85626	7173	85626.7173	85626	7173	3
87953.0117	87953	117	87953.0117	87953	117	4
79635.9783	79635	9783	79635.9783	79635	9783	2
73799.708	73799	7080	73799.708	73799	7080	4
76799.0365	76799	365	76799.0365	76799	365	3
70580.804	70580	8040	70580.804	70580	8040	2
79798.049	79798	490	79798.049	79798	490	4
52905.22	52905	2200	52905.22	52905	2200	4
84001.9031	84001	9031	84001.9031	84001	9031	2
86475.8628	86475	8628	86475.8628	86475	8628	3
65441.834	65441	8340	65441.834	65441	8340	2
84486.8499	84486	8499	84486.8499	84486	8499	4
61100.4725	61100	4725	61100.4725	61100	4725	1
61702.5389	61702	5389	61702.5389	61702	5389	2
85636.7315	85636	7315	85636.7315	85636	7315	2
93979.5901	93979	5901	93979.5901	93979	5901	4
80677.3208	80677	3208	80677.3208	80677	3208	1
79958.8706	79958	8706	79958.8706	79958	8706	5
58730.7541	58730	7541	58730.7541	58730	7541	2
87075.603	87075	6030	87075.603	87075	6030	2
85842.2625	85842	2625	85842.2625	85842	2625	5
95884.3139	95884	3139	95884.3139	95884	3139	5
99951.4454	99951	4454	99951.4454	99951	4454	3
85865.7008	85865	7008	85865.7008	85865	7008	3
55908.7546	55908	7546	55908.7546	55908	7546	1
90165.4817	90165	4817	90165.4817	90165	4817	5
85211.8266	85211	8266	85211.8266	85211	8266	3
61313.2196	61313	2196	61313.2196	61313	2196	2
91598.8944	91598	8944	91598.8944	91598	8944	1
81700.8206	81700	8206	81700.8206	81700	8206	2
94851.8869	94851	8869	94851.8869	94851	8869	2
86525.2469	86525	2469	86525.2469	86525	2469	3
69652.8323	69652	8323	69652.8323	69652	8323	2
83786.5004	83786	5004	83786.5004	83786	5004	5
60323.9549	60323	9549	60323.9549	60323	9549	4
55752.8688	55752	8688	55752.8688	55752	8688	1
63666.3044	63666	3044	63666.3044	63666	3044	2
99422.0039	99422	39	99422.0039	99422	39	2
58657.0889	58657	889	58657.0889	58657	889	4
97667.8428	97667	8428	97667.8428	97667	8428	5
85897.502	85897	5020	85897.502	85897	5020	4
83399.5581	83399	5581	83399.5581	83399	5581	5
82152.3279	82152	3279	82152.3279	82152	3279	3
56297.6097	56297	6097	56297.6097	56297	6097	1
95101.097	95101	970	95101.097	95101	970	3
77089.0594	77089	594	77089.0594	77089	594	1
50275.1998	50275	1998	50275.1998	50275	1998	2
75777.053	75777	530	75777.053	75777	530	3
66347.5652	66347	5652	66347.5652	66347	5652	1
68307.9539	68307	9539	68307.9539	68307	9539	3
72152.6561	72152	6561	72152.6561	72152	6561	1
52188.8278	52188	8278	52188.8278	52188	8278	5
64190.903	64190	9030	64190.903	64190	9030	2
72102.7367	72102	7367	72102.7367	72102	7367	3
97354.5286	97354	5286	97354.5286	97354	5286	4
79400.6576	79400	6576	79400.6576	79400	6576	3
71568.8536	71568	8536	71568.8536	71568	8536	2
82565.3552	82565	3552	82565.3552	82565	3552	2
90713.8772	90713	8772	90713.8772	90713	8772	4
72466.748	72466	7480	72466.748	72466	7480	4
73565.1758	73565	1758	73565.1758	73565	1758	3
94864.7641	94864	7641	94864.7641	94864	7641	2
58990.6301	58990	6301	58990.6301	58990	6301	4
93218.6433	93218	6433	93218.6433	93218	6433	4
78649.2645	78649	2645	78649.2645	78649	2645	4
78614.5851	78614	5851	78614.5851	78614	5851	2
58270.5122	58270	5122	58270.5122	58270	5122	1
92315.2042	92315	2042	92315.2042	92315	2042	5
78036.589	78036	5890	78036.589	78036	5890	3
66927.2363	66927	2363	66927.2363	66927	2363	4
89981.6822	89981	6822	89981.6822	89981	6822	1
stocks
5383.5383	4904593	5383	1
