items_number
200
stocks_number
1
digit
6
items
8087.154699	8087	154699	9184.715644	9184	715644	3
8642.938299	8642	938299	6512.035506	6512	35506	2
8660.331677	8660	331677	5105.786653	5105	786653	4
9628.956671	9628	956671	5673.936262	5673	936262	2
5915.02273	5915	22730	8390.201482	8390	201482	3
7363.613292	7363	613292	9127.386239	9127	386239	2
8188.350201	8188	350201	6704.376384	6704	376384	5
5997.275106	5997	275106	9401.652751	9401	652751	2
5567.132166	5567	132166	8765.5473	8765	547300	5
8944.350931	8944	350931	9380.723045	9380	723045	5
7723.543633	7723	543633	6564.235266	6564	235266	4
9473.101752	9473	101752	5018.305439	5018	305439	4
7173.275607	7173	275607	9637.222762	9637	222762	3
7437.342355	7437	342355	7949.326393	7949	326393	2
7014.174286	7014	174286	6993.001625	6993	1625	5
8758.730031	8758	730031	7733.148222	7733	148222	1
5716.346964	5716	346964	9825.719141	9825	719141	4
5516.837091	5516	837091	8307.68497	8307	684970	1
5847.003667	5847	3667	6758.683395	6758	683395	3
6394.609563	6394	609563	7643.695349	7643	695349	3
9139.505263	9139	505263	6060.299419	6060	299419	2
6086.457399	6086	457399	9841.346407	9841	346407	5
5925.376415	5925	376415	5110.442768	5110	442768	5
8406.871645	8406	871645	6174.000407	6174	407	5
5771.421034	5771	421034	7105.44099	7105	440990	4
6775.34851	6775	348510	8545.314183	8545	314183	2
6311.771342	6311	771342	8170.60802	8170	608020	2
6333.470525	6333	470525	5441.736473	5441	736473	5
6368.881091	6368	881091	5166.285716	5166	285716	3
7772.068415	7772	68415	5945.774058	5945	774058	1
5910.654818	5910	654818	8596.867011	8596	867011	1
9455.03579	9455	35790	5112.517712	5112	517712	2
6414.523066	6414	523066	7457.809564	7457	809564	5
9571.502847	9571	502847	9464.170016	9464	170016	1
9082.992461	9082	992461	5786.453975	5786	453975	4
8092.545797	8092	545797	6609.527399	6609	527399	2
6933.116139	6933	116139	8590.556256	8590	556256	4
7269.859014	7269	859014	8253.830359	8253	830359	5
9090.820903	9090	820903	6009.696502	6009	696502	5
8263.764657	8263	764657	8118.103556	8118	103556	3
6212.209946	6212	209946	8396.553405	8396	553405	5
7575.880889	7575	880889	7574.44812	7574	448120	4
7735.866409	7735	866409	8136.408995	8136	408995	4
9149.485553	9149	485553	8032.292519	8032	292519	4
5011.223244	5011	223244	6285.290866	6285	290866	5
5512.040695	5512	40695	5891.926972	5891	926972	3
7906.731937	7906	731937	6527.440742	6527	440742	2
6491.570208	6491	570208	6872.526359	6872	526359	5
6028.394139	6028	394139	9961.128294	9961	128294	5
9516.735604	9516	735604	8285.640489	8285	640489	4
7885.179772	7885	179772	5277.221709	5277	221709	2
5929.899402	5929	899402	6783.427713	6783	427713	1
5601.709355	5601	709355	8888.986896	8888	986896	3
9574.072539	9574	72539	5387.664477	5387	664477	3
5097.287399	5097	287399	7957.944472	7957	944472	2
7135.130389	7135	130389	5993.944238	5993	944238	2
7111.937402	7111	937402	9695.495013	9695	495013	4
6408.575093	6408	575093	6127.068845	6127	68845	3
9231.117266	9231	117266	7197.680711	7197	680711	3
8479.818493	8479	818493	9862.780729	9862	780729	3
9181.643509	9181	643509	7835.842903	7835	842903	1
5141.772084	5141	772084	6555.064074	6555	64074	5
7933.854283	7933	854283	9974.298441	9974	298441	4
6357.682927	6357	682927	6054.16882	6054	168820	5
5474.274931	5474	274931	6019.234091	6019	234091	2
7777.363096	7777	363096	6522.752416	6522	752416	4
9449.228724	9449	228724	7664.212571	7664	212571	3
7407.907423	7407	907423	5371.790347	5371	790347	1
5808.22211	5808	222110	9776.099128	9776	99128	1
9301.56598	9301	565980	9436.909073	9436	909073	2
6432.67208	6432	672080	8489.410255	8489	410255	5
7020.432056	7020	432056	8171.652533	8171	652533	2
7639.446869	7639	446869	7772.873546	7772	873546	5
9931.054842	9931	54842	7387.335602	7387	335602	3
6931.433962	6931	433962	6965.945052	6965	945052	5
8413.670113	8413	670113	9057.164412	9057	164412	1
5442.095537	5442	95537	8278.262574	8278	262574	2
5599.682251	5599	682251	8493.902146	8493	902146	1
9904.756673	9904	756673	5928.690771	5928	690771	5
7233.489676	7233	489676	8238.390869	8238	390869	2
5114.934207	5114	934207	7540.542635	7540	542635	1
8552.452797	8552	452797	6206.91248	6206	912480	3
8925.90543	8925	905430	5020.334934	5020	334934	4
6479.643562	6479	643562	6428.045883	6428	45883	1
8888.041689	8888	41689	7356.09331	7356	93310	5
9023.192829	9023	192829	8741.795759	8741	795759	1
9377.290304	9377	290304	8184.990122	8184	990122	4
5998.495443	5998	495443	7051.588323	7051	588323	5
5430.284275	5430	284275	5630.864604	5630	864604	5
8608.923922	8608	923922	5380.187185	5380	187185	1
9477.313936	9477	313936	6912.369052	6912	369052	2
5373.444136	5373	444136	8465.223859	8465	223859	5
8749.212359	8749	212359	6936.767612	6936	767612	3
8172.684571	8172	684571	6885.183845	6885	183845	1
7493.127063	7493	127063	9519.392679	9519	392679	4
9223.003642	9223	3642	8718.001703	8718	1703	4
5948.047667	5948	47667	9171.452614	9171	452614	1
7705.355788	7705	355788	7945.60525	7945	605250	3
7392.427417	7392	427417	9089.308402	9089	308402	1
6756.786129	6756	786129	8946.551742	8946	551742	1
7768.43812	7768	438120	7381.030676	7381	30676	5
9587.61585	9587	615850	8341.235009	8341	235009	1
9539.218186	9539	218186	7879.720627	7879	720627	2
5406.401341	5406	401341	5915.904222	5915	904222	1
5279.670692	5279	670692	5727.086963	5727	86963	5
7233.1685	7233	168500	9844.182031	9844	182031	4
8820.071454	8820	71454	9973.584986	9973	584986	4
5721.766229	5721	766229	9769.349537	9769	349537	2
7832.850751	7832	850751	9099.084178	9099	84178	1
9486.344479	9486	344479	6663.792109	6663	792109	3
8717.772258	8717	772258	8769.256758	8769	256758	5
8710.784958	8710	784958	6639.143165	6639	143165	2
8800.313629	8800	313629	8632.70459	8632	704590	3
7642.19404	7642	194040	9553.108045	9553	108045	3
5951.944872	5951	944872	8830.705401	8830	705401	2
7687.355318	7687	355318	5988.7979	5988	797900	2
6664.903222	6664	903222	8293.420156	8293	420156	5
5327.751528	5327	751528	7013.211875	7013	211875	5
8685.850761	8685	850761	8802.902575	8802	902575	4
7857.187497	7857	187497	8923.801112	8923	801112	5
9698.675451	9698	675451	8156.915412	8156	915412	2
8924.681049	8924	681049	5713.271627	5713	271627	5
8994.631633	8994	631633	8150.024971	8150	24971	1
9209.404162	9209	404162	5854.683024	5854	683024	1
7858.36562	7858	365620	8361.971824	8361	971824	2
6486.758696	6486	758696	8431.417651	8431	417651	2
9194.407804	9194	407804	5334.201079	5334	201079	5
9569.929639	9569	929639	7531.424438	7531	424438	3
9954.630836	9954	630836	6376.539253	6376	539253	4
6585.835222	6585	835222	9424.025833	9424	25833	2
6324.715768	6324	715768	7239.492532	7239	492532	5
7722.068956	7722	68956	9520.569929	9520	569929	5
6935.451072	6935	451072	8527.260842	8527	260842	4
6626.450306	6626	450306	5117.213159	5117	213159	4
8891.470297	8891	470297	5434.990503	5434	990503	1
7214.121764	7214	121764	9254.347805	9254	347805	4
8859.618806	8859	618806	5724.395191	5724	395191	2
8473.058103	8473	58103	6169.575489	6169	575489	4
8699.404345	8699	404345	9785.213695	9785	213695	2
7453.985909	7453	985909	9823.995721	9823	995721	2
7959.918935	7959	918935	8596.367599	8596	367599	3
7415.692955	7415	692955	8554.986805	8554	986805	3
6925.287219	6925	287219	7224.655238	7224	655238	3
7521.232564	7521	232564	7227.588541	7227	588541	5
5056.886996	5056	886996	8106.09485	8106	94850	5
7876.748444	7876	748444	6053.360639	6053	360639	1
5208.104234	5208	104234	8978.902793	8978	902793	4
7483.790218	7483	790218	7161.515006	7161	515006	2
8204.499972	8204	499972	8829.572514	8829	572514	2
9656.954995	9656	954995	7779.32172	7779	321720	2
5340.977715	5340	977715	6083.316118	6083	316118	3
7901.691775	7901	691775	7748.004279	7748	4279	4
9343.152396	9343	152396	8492.593347	8492	593347	1
9334.609348	9334	609348	9233.34109	9233	341090	3
7110.095937	7110	95937	9365.687303	9365	687303	4
7200.518016	7200	518016	7616.081523	7616	81523	5
6582.368044	6582	368044	7663.275093	7663	275093	4
6303.503742	6303	503742	9700.888383	9700	888383	5
6769.964007	6769	964007	5909.022314	5909	22314	4
6536.515233	6536	515233	9802.330698	9802	330698	3
8652.855316	8652	855316	9123.430568	9123	430568	2
8856.679775	8856	679775	8149.514846	8149	514846	3
5020.584189	5020	584189	9321.900628	9321	900628	4
5586.306388	5586	306388	7649.691411	7649	691411	5
5481.646434	5481	646434	9029.244358	9029	244358	1
9674.570839	9674	570839	5518.407483	5518	407483	4
8563.944504	8563	944504	7665.555568	7665	555568	5
5102.781592	5102	781592	9753.155901	9753	155901	4
8147.628942	8147	628942	7450.499325	7450	499325	4
7261.865201	7261	865201	8213.769263	8213	769263	3
8319.767502	8319	767502	9576.151622	9576	151622	1
6868.547877	6868	547877	6045.383276	6045	383276	2
5439.558157	5439	558157	6766.756069	6766	756069	5
5243.571073	5243	571073	7562.323212	7562	323212	5
9389.780441	9389	780441	8273.488169	8273	488169	3
6258.445153	6258	445153	9872.367271	9872	367271	2
8120.319517	8120	319517	8616.683852	8616	683852	1
5359.884675	5359	884675	7250.390962	7250	390962	3
8742.751723	8742	751723	7795.39863	7795	398630	5
7086.335842	7086	335842	8207.772718	8207	772718	2
5015.356022	5015	356022	5792.712682	5792	712682	4
9082.729438	9082	729438	8878.714748	8878	714748	2
9987.027617	9987	27617	6717.776997	6717	776997	2
5120.508418	5120	508418	9284.822381	9284	822381	2
8415.855138	8415	855138	8873.57219	8873	572190	4
7859.123555	7859	123555	6082.980653	6082	980653	3
7320.542786	7320	542786	7662.420256	7662	420256	1
5759.739534	5759	739534	7298.363635	7298	363635	3
9926.143649	9926	143649	5781.385388	5781	385388	2
9852.506793	9852	506793	9335.44257	9335	442570	1
8058.254767	8058	254767	7100.694334	7100	694334	2
8577.998965	8577	998965	9904.815956	9904	815956	5
8708.702921	8708	702921	7483.957417	7483	957417	3
8078.838957	8078	838957	7183.111314	7183	111314	5
9926.821705	9926	821705	8315.023719	8315	23719	2
9952.349355	9952	349355	7274.201775	7274	201775	1
8515.409796	8515	409796	8464.518797	8464	518797	1
9251.282561	9251	282561	6742.579288	6742	579288	3
5817.647299	5817	647299	7027.874028	7027	874028	4
7424.55509	7424	555090	5914.018122	5914	18122	4
stocks
641870.6419	451442	641870	1
