items_number
200
stocks_number
1
digit
6
items
762435.9724	762435	972391	620252.1636	620252	163555	5
731324.583	731324	583020	949532.4413	949532	441251	3
831381.3096	831381	309584	569327.5178	569327	517773	1
708052.4937	708052	493717	543831.5109	543831	510942	1
728719.3116	728719	311560	655825.5954	655825	595423	5
784393.2599	784393	259872	733124.2067	733124	206673	2
851519.6959	851519	695861	963836.3467	963836	346697	4
761815.0587	761815	58653	544498.107	544498	106998	5
918499.3074	918499	307376	938256.2981	938256	298108	4
720101.096	720101	96032	796547.0025	796547	2463	2
699583.2343	699583	234349	500006.8752	500006	875239	3
741413.4427	741413	442665	696912.669	696912	669002	2
776131.7221	776131	722125	689399.2101	689399	210120	4
556446.4702	556446	470200	531192.5698	531192	569785	5
969310.8563	969310	856324	541644.0105	541644	10473	5
975896.4657	975896	465730	766650.9406	766650	940555	2
649184.1682	649184	168151	658762.326	658762	325993	5
702288.5757	702288	575658	766957.5337	766957	533683	2
771800.4349	771800	434875	632931.8829	632931	882897	3
538111.2434	538111	243441	613532.2744	613532	274364	1
653306.6584	653306	658431	902853.8877	902853	887698	4
813027.412	813027	411978	525530.1075	525530	107493	4
839733.6856	839733	685603	538338.0105	538338	10518	2
744416.6156	744416	615620	716149.9763	716149	976272	5
656076.9673	656076	967277	649364.3175	649364	317478	1
549666.7022	549666	702236	638584.0615	638584	61503	5
996495.335	996495	335038	912629.6865	912629	686500	2
713840.8982	713840	898242	903740.8627	903740	862720	2
896636.2149	896636	214863	863079.9662	863079	966190	3
959515.7509	959515	750887	705483.5899	705483	589853	2
794956.4136	794956	413605	664199.1161	664199	116099	5
679717.7036	679717	703606	983331.6461	983331	646097	4
711486.3339	711486	333908	655015.5475	655015	547456	1
626336.7232	626336	723190	733526.6339	733526	633872	2
908416.1973	908416	197323	547809.157	547809	157040	4
940205.1618	940205	161820	810840.1429	810840	142880	5
931377.4994	931377	499414	987298.3569	987298	356897	4
759935.4095	759935	409536	511644.0201	511644	20089	4
702020.7368	702020	736826	875985.7662	875985	766230	5
849875.8068	849875	806790	946200.655	946200	655005	4
500682.5056	500682	505569	828838.5389	828838	538904	5
922250.9712	922250	971175	875991.6415	875991	641469	4
611934.7658	611934	765808	643112.8404	643112	840360	5
776813.744	776813	744046	518237.749	518237	749025	3
978696.9577	978696	957727	907184.7276	907184	727607	3
601890.6221	601890	622132	705403.3672	705403	367185	4
752708.2098	752708	209776	805534.6896	805534	689580	2
648526.6422	648526	642230	586592.0536	586592	53600	4
824825.1978	824825	197790	993007.4172	993007	417220	1
545154.6447	545154	644651	938465.5725	938465	572477	4
707284.8857	707284	885671	700125.328	700125	327964	1
978132.8562	978132	856221	895860.8213	895860	821271	1
858181.573	858181	572982	984642.68	984642	679970	4
547016.0876	547016	87627	759110.3385	759110	338482	3
743194.9882	743194	988194	632655.7975	632655	797543	3
534903.5403	534903	540259	654653.5138	654653	513800	4
617329.3062	617329	306215	918341.4	918341	399986	4
739689.3232	739689	323232	565930.484	565930	484044	1
748743.9549	748743	954853	579039.3765	579039	376521	3
534612.0374	534612	37430	781419.8825	781419	882528	3
719850.0741	719850	74119	771414.5902	771414	590249	2
564345.8848	564345	884811	743238.009	743238	8972	2
714329.741	714329	741037	785397.5286	785397	528626	1
931336.9244	931336	924379	926429.1377	926429	137705	4
690682.1244	690682	124353	976765.6428	976765	642844	5
643392.4547	643392	454712	833206.202	833206	202018	1
892188.0862	892188	86200	757915.2806	757915	280585	4
642705.6238	642705	623767	984709.9997	984709	999741	5
903327.8642	903327	864249	865497.7385	865497	738459	4
594207.823	594207	823026	633900.5632	633900	563167	5
992580.9469	992580	946909	930908.1711	930908	171099	3
904009.8862	904009	886170	694335.2774	694335	277364	1
537103.3106	537103	310553	509890.2046	509890	204637	3
625160.7127	625160	712717	594666.5278	594666	527811	4
701468.6302	701468	630216	733219.0264	733219	26389	5
536445.7846	536445	784632	937721.4486	937721	448596	2
727050.8512	727050	851201	820716.895	820716	894996	5
954177.84	954177	839992	538752.2323	538752	232321	1
684972.4269	684972	426863	544960.5022	544960	502196	5
551874.5653	551874	565343	813723.3122	813723	312217	2
519977.001	519977	996	997864.3211	997864	321150	5
892256.8289	892256	828886	765732.3465	765732	346512	3
550652.4216	550652	421565	730229.1335	730229	133488	2
898806.574	898806	573978	982506.5175	982506	517472	5
959920.9165	959920	916513	524841.2013	524841	201347	2
814494.9261	814494	926111	862884.4474	862884	447383	1
933709.6306	933709	630589	657805.0313	657805	31272	1
597895.2227	597895	222728	963829.1177	963829	117685	2
574829.2493	574829	249343	928814.4478	928814	447779	3
703099.5854	703099	585442	736844.9241	736844	924145	3
632507.2602	632507	260159	745247.0002	745247	213	4
794679.3235	794679	323462	720874.038	720874	38028	1
767444.4703	767444	470253	980082.9331	980082	933117	1
867484.5175	867484	517548	551290.0452	551290	45191	4
746662.2478	746662	247842	667949.1757	667949	175734	5
978773.5946	978773	594606	977493.0923	977493	92313	5
510875.9723	510875	972260	905143.7636	905143	763561	1
638849.8504	638849	850394	946512.9727	946512	972671	3
621477.7347	621477	734725	962201.0921	962201	92055	5
934849.3529	934849	352861	770640.502	770640	502021	4
753703.1898	753703	189772	580411.5358	580411	535839	2
634703.6816	634703	681635	913756.7795	913756	779506	4
859504.239	859504	239031	964975.2957	964975	295737	1
790806.0167	790806	16677	610948.2568	610948	256828	4
759863.3944	759863	394352	508421.3073	508421	307317	3
560971.8692	560971	869247	698193.3221	698193	322126	1
827251.8013	827251	801309	569316.7054	569316	705424	5
507559.7619	507559	761906	849785.7187	849785	718665	4
535794.2256	535794	225592	736945.0708	736945	70799	1
532869.2282	532869	228172	614276.724	614276	723972	1
580081.3272	580081	327249	663507.0309	663507	30882	5
555772.2266	555772	226588	734808.3919	734808	391949	2
945773.5734	945773	573411	900655.5868	900655	586836	5
651380.2652	651380	265166	914383.6807	914383	680722	3
954578.3169	954578	316918	737960.9094	737960	909421	2
905692.4899	905692	489924	925496.7882	925496	788183	1
965874.1913	965874	191277	797913.6445	797913	644458	4
908933.9475	908933	947507	895765.9407	895765	940693	2
503586.229	503586	229005	889324.9059	889324	905868	2
540702.957	540702	956972	747373.0922	747373	92237	3
612031.5329	612031	532949	653255.3812	653255	381191	1
656741.0055	656741	5516	655217.9061	655217	906082	2
856029.2804	856029	280435	968248.1303	968248	130266	4
900123.5196	900123	519555	633337.8307	633337	830660	1
524224.0394	524224	39416	727155.4676	727155	467625	2
623337.0446	623337	44629	636196.8224	636196	822352	3
878895.1142	878895	114161	610829.923	610829	922974	5
555746.528	555746	528028	632297.2312	632297	231187	2
762186.4114	762186	411375	582707.795	582707	795023	2
521019.8489	521019	848887	593677.5314	593677	531381	1
990595.8809	990595	880890	902937.2496	902937	249560	1
536535.6011	536535	601147	683765.8472	683765	847214	5
655722.0469	655722	46874	507432.3109	507432	310887	5
870745.1199	870745	119921	867911.5453	867911	545297	1
827341.6178	827341	617824	815361.104	815361	104042	5
936233.9576	936233	957578	536500.1346	536500	134556	4
931716.5055	931716	505521	586750.3838	586750	383775	3
675238.9355	675238	935485	905324.8095	905324	809466	1
943792.7195	943792	719484	886285.8532	886285	853221	2
967511.7311	967511	731113	844342.4546	844342	454574	4
708108.68	708108	680010	519599.0498	519599	49790	3
544519.5631	544519	563086	570438.4005	570438	400456	1
543929.4741	543929	474053	599797.8465	599797	846523	2
653880.2534	653880	253421	920254.6366	920254	636627	3
695900.8283	695900	828252	984821.5975	984821	597530	5
998507.791	998507	790971	837757.2723	837757	272296	5
580218.2597	580218	259697	866396.9412	866396	941162	5
661773.5359	661773	535882	803380.242	803380	241988	3
928086.2548	928086	254830	754169.7293	754169	729341	3
583804.4887	583804	488702	776366.847	776366	847031	4
723123.4929	723123	492854	550753.3342	550753	334226	1
540117.7878	540117	787779	907424.1105	907424	110532	3
761192.0106	761192	10570	952230.2695	952230	269465	5
599798.2896	599798	289641	519000.9808	519000	980844	1
960887.8237	960887	823686	561407.9412	561407	941193	3
785416.05	785416	49986	679384.7371	679384	737090	2
723135.8506	723135	850622	675843.8032	675843	803196	5
860428.4542	860428	454200	672237.8642	672237	864167	5
861809.578	861809	578015	811682.4846	811682	484629	3
505967.262	505967	261997	779198.1146	779198	114571	1
881447.8194	881447	819439	786561.9119	786561	911900	2
873050.9753	873050	975257	714618.7342	714618	734189	5
542502.3795	542502	379496	983610.9618	983610	961786	2
557816.8663	557816	866313	814640.2228	814640	222787	3
743794.0952	743794	95178	603176.7958	603176	795838	3
890490.5137	890490	513672	798970.5822	798970	582180	1
994049.8239	994049	823891	851140.8737	851140	873695	3
696157.1171	696157	117051	689926.696	689926	695965	5
565727.4492	565727	449158	704293.908	704293	907999	1
958487.0597	958487	59728	758072.2433	758072	243268	4
663667.8482	663667	848164	534268.1505	534268	150539	5
773835.1292	773835	129168	744539.9578	744539	957789	5
503006.6228	503006	622814	828510.6437	828510	643724	1
728243.8386	728243	838569	634065.5134	634065	513414	4
948362.3826	948362	382589	685439.1108	685439	110768	2
698906.9674	698906	967418	833978.2413	833978	241255	1
726749.6295	726749	629540	992469.7857	992469	785710	3
528579.6423	528579	642286	572481.0519	572481	51931	2
881326.5033	881326	503300	637357.9996	637357	999595	5
675481.8844	675481	884370	767284.5151	767284	515052	3
633031.6473	633031	647341	869494.4153	869494	415314	5
625095.9962	625095	996155	688110.3338	688110	333821	2
715598.1885	715598	188502	674708.1419	674708	141936	5
894223.6579	894223	657911	821724.6848	821724	684779	1
724893.8021	724893	802148	727757.831	727757	831017	2
697131.0122	697131	12188	736115.5995	736115	599481	5
700286.2242	700286	224250	521754.9382	521754	938221	2
968675.6528	968675	652771	924248.1506	924248	150565	3
557559.9827	557559	982740	928999.98	928999	980000	1
582741.3186	582741	318617	833436.9392	833436	939203	2
974642.9148	974642	914768	724092.7815	724092	781489	5
939006.8022	939006	802179	715559.8919	715559	891900	2
955792.8102	955792	810226	568701.1897	568701	189744	3
537790.8106	537790	810617	707701.7433	707701	743275	1
996822.6685	996822	668492	550845.1147	550845	114687	2
699585.4218	699585	421756	692524.9856	692524	985583	5
928280.3243	928280	324289	527318.3255	527318	325455	3
511516.0087	511516	8736	901986.5047	901986	504734	4
895742.5388	895742	538808	903097.6815	903097	681548	2
514654.7734	514654	773447	752258.2335	752258	233454	5
stocks
658221.6582	51354532	658221	1
