items_number
200
stocks_number
1
digit
4
items
870.41	870	4100	866.848	866	8480	4
890.6456	890	6456	632.5835	632	5835	3
617.207	617	2070	559.169	559	1690	3
525.2305	525	2305	755.2675	755	2675	3
606.2949	606	2949	506.4694	506	4694	1
605.9421	605	9421	910.4323	910	4323	5
847.1958	847	1958	807.5745	807	5745	5
868.9954	868	9954	795.274	795	2740	4
749.0059	749	59	609.592	609	5920	4
689.1738	689	1738	965.305	965	3050	1
686.3534	686	3534	723.8917	723	8917	3
559.872	559	8720	869.5167	869	5167	5
605.8559	605	8559	525.2892	525	2892	1
840.4687	840	4687	637.154	637	1540	4
528.262	528	2620	800.254	800	2540	5
881.622	881	6220	575.3009	575	3009	2
671.6292	671	6292	551.6551	551	6551	1
816.7833	816	7833	635.4348	635	4348	1
928.1587	928	1587	857.1778	857	1778	1
659.5185	659	5185	964.3595	964	3595	2
992.3127	992	3127	842.1051	842	1051	4
869.3889	869	3889	794.5459	794	5459	4
613.7155	613	7155	939.1867	939	1867	3
835.6495	835	6495	855.9457	855	9457	4
543.5738	543	5738	595.58	595	5800	5
968.9979	968	9979	500.4405	500	4405	3
703.9981	703	9981	944.051	944	510	1
954.6428	954	6428	660.0042	660	42	2
976.2017	976	2017	636.3313	636	3313	2
792.4478	792	4478	622.1598	622	1598	1
937.0776	937	776	596.3139	596	3139	2
846.247	846	2470	748.1793	748	1793	1
681.7287	681	7287	500.7433	500	7433	3
800.2847	800	2847	902.1181	902	1181	5
617.4775	617	4775	503.0821	503	821	5
534.0236	534	236	506.2127	506	2127	3
905.862	905	8620	558.5504	558	5504	1
965.6733	965	6733	556.6566	556	6566	1
648.6543	648	6543	801.122	801	1220	2
653.868	653	8680	667.7776	667	7776	5
653.4824	653	4824	767.9616	767	9616	1
834.0077	834	77	524.6489	524	6489	1
959.3752	959	3752	782.2944	782	2944	1
505.3383	505	3383	538.886	538	8860	4
673.1116	673	1116	908.8029	908	8029	1
987.6372	987	6372	581.5484	581	5484	2
886.5956	886	5956	613.8222	613	8222	5
591.3761	591	3761	959.458	959	4580	1
548.4205	548	4205	716.6184	716	6184	3
813.7543	813	7543	717	717	0	2
997.8946	997	8946	668.4527	668	4527	4
539.3684	539	3684	557.7235	557	7235	3
928.7785	928	7785	757.1811	757	1811	3
856.6101	856	6101	853.6394	853	6394	2
621.018	621	180	658.3045	658	3045	1
717.3523	717	3523	853.7611	853	7611	4
824.2433	824	2433	853.7151	853	7151	4
824.0161	824	161	601.3555	601	3555	3
918.6303	918	6303	759.4005	759	4005	5
545.445	545	4450	736.0464	736	464	2
863.0992	863	992	970.5153	970	5153	4
854.3431	854	3431	855.3496	855	3496	4
637.692	637	6920	984.861	984	8610	4
543.8279	543	8279	970.8939	970	8939	1
900.263	900	2630	503.4678	503	4678	5
755.1696	755	1696	733.9431	733	9431	1
824.8515	824	8515	723.7418	723	7418	1
804.1251	804	1251	561.6534	561	6534	5
719.4781	719	4781	535.2349	535	2349	1
718.5058	718	5058	770.8638	770	8638	4
703.6283	703	6283	728.4311	728	4311	1
618.9605	618	9605	802.8318	802	8318	4
552.1487	552	1487	794.5127	794	5127	4
661.0035	661	35	509.7255	509	7255	2
870.9341	870	9341	586.7178	586	7178	2
972.8956	972	8956	701.3156	701	3156	4
894.6407	894	6407	837.9091	837	9091	3
501.1649	501	1649	947.1752	947	1752	3
809.2717	809	2717	907.4088	907	4088	2
943.6965	943	6965	552.5275	552	5275	2
561.9192	561	9192	910.1752	910	1752	2
806.1663	806	1663	821.8616	821	8616	2
982.0649	982	649	609.8862	609	8862	5
989.3329	989	3329	666.9916	666	9916	4
661.4117	661	4117	674.1362	674	1362	3
602.0829	602	829	768.1907	768	1907	5
953.6852	953	6852	765.7527	765	7527	2
731.655	731	6550	773.8514	773	8514	3
673.7343	673	7343	615.5463	615	5463	5
870.9507	870	9507	523.7885	523	7885	4
777.1	777	1000	508.533	508	5330	2
782.8335	782	8335	832.6968	832	6968	3
970.2939	970	2939	625.7733	625	7733	2
660.7921	660	7921	993.394	993	3940	5
571.6614	571	6614	547.5907	547	5907	5
869.5569	869	5569	628.8763	628	8763	3
915.9617	915	9617	972.9723	972	9723	5
896.1481	896	1481	770.3326	770	3326	5
919.3172	919	3172	936.5298	936	5298	2
880.075	880	750	507.2073	507	2073	3
613.2892	613	2892	540.1964	540	1964	3
621.9455	621	9455	663.9609	663	9609	3
999.0356	999	356	809.0391	809	391	1
912.0731	912	731	580.3444	580	3444	1
782.949	782	9490	919.3216	919	3216	1
614.6049	614	6049	642.3921	642	3921	4
630.9687	630	9687	528.2952	528	2952	2
922.225	922	2250	755.2307	755	2307	3
616.7698	616	7698	588.5674	588	5674	1
939.2404	939	2404	681.7041	681	7041	5
864.9215	864	9215	807.3934	807	3934	2
677.3242	677	3242	998.3778	998	3778	4
744.4068	744	4068	501.2009	501	2009	1
846.9864	846	9864	662.2796	662	2796	1
912.6572	912	6572	910.3694	910	3694	2
652.8185	652	8185	675.9723	675	9723	4
694.7046	694	7046	676.4704	676	4704	2
864.9776	864	9776	675.7574	675	7574	1
883.1087	883	1087	695.4589	695	4589	3
613.0741	613	741	792.6519	792	6519	1
733.5636	733	5636	945.1811	945	1811	4
906.2087	906	2087	703.992	703	9920	4
895.9076	895	9076	870.3487	870	3487	5
702.8575	702	8575	569.9544	569	9544	2
566.0008	566	8	942.0212	942	212	4
967.2042	967	2042	917.9395	917	9395	5
817.4144	817	4144	944.8308	944	8308	4
981.5977	981	5977	914.9936	914	9936	5
608.9875	608	9875	687.9073	687	9073	1
735.3669	735	3669	879.9958	879	9958	5
861.6728	861	6728	921.2009	921	2009	2
968.2767	968	2767	727.7389	727	7389	4
856.3124	856	3124	788.5919	788	5919	4
605.3436	605	3436	976.8752	976	8752	2
880.9851	880	9851	553.0833	553	833	1
884.2615	884	2615	706.9135	706	9135	4
719.5837	719	5837	617.2673	617	2673	5
509.9538	509	9538	581.0138	581	138	4
806.1217	806	1217	707.7794	707	7794	4
581.3535	581	3535	705.4699	705	4699	3
694.1943	694	1943	762.3531	762	3531	3
669.0432	669	432	760.1728	760	1728	5
758.3129	758	3129	949.8478	949	8478	1
939.2363	939	2363	764.1892	764	1892	4
761.6648	761	6648	923.4524	923	4524	2
670.6053	670	6053	859.2172	859	2172	5
590.69	590	6900	685.1615	685	1615	4
702.0046	702	46	598.558	598	5580	3
533.583	533	5830	533.6098	533	6098	5
719.7987	719	7987	880.6205	880	6205	1
561.0787	561	787	636.2099	636	2099	1
513.1466	513	1466	978.7909	978	7909	3
625.6426	625	6426	830.2477	830	2477	5
957.6215	957	6215	505.5587	505	5587	2
962.6393	962	6393	794.7454	794	7454	4
938.2787	938	2787	771.2689	771	2689	5
669.8257	669	8257	923.1334	923	1334	3
779.6889	779	6889	737.2114	737	2114	4
918.5116	918	5116	684.2625	684	2625	1
523.8133	523	8133	856.6759	856	6759	4
513.0558	513	558	616.2072	616	2072	5
524.1844	524	1844	604.0986	604	986	3
991.7252	991	7252	829.4148	829	4148	2
870.3683	870	3683	904.7991	904	7991	4
876.1632	876	1632	580.9738	580	9738	1
616.7103	616	7103	882.1334	882	1334	4
1000.265	1000	2650	857.3478	857	3478	4
595.7469	595	7469	944.8764	944	8764	3
872.6642	872	6642	964.1472	964	1472	3
805.3867	805	3867	563.1272	563	1272	2
676.7356	676	7356	649.9815	649	9815	2
566.4937	566	4937	972.5003	972	5003	5
721.4299	721	4299	824.3	824	3000	1
681.6838	681	6838	844.8293	844	8293	2
751.3652	751	3652	735.3247	735	3247	5
982.7299	982	7299	993.3876	993	3876	4
597.2891	597	2891	702.6818	702	6818	1
841.0552	841	552	667.4862	667	4862	3
930.7346	930	7346	590.9457	590	9457	4
877.5073	877	5073	982.2916	982	2916	5
806.4891	806	4891	793.7419	793	7419	4
992.8133	992	8133	974.1556	974	1556	1
890.2891	890	2891	706.7178	706	7178	4
931.1317	931	1317	622.9896	622	9896	5
694.4349	694	4349	725.3495	725	3495	2
852.9284	852	9284	1000.0984	1000	984	4
868.4104	868	4104	894.2586	894	2586	4
863.8958	863	8958	894.1181	894	1181	5
630.2526	630	2526	983.3098	983	3098	2
532.9221	532	9221	577.1563	577	1563	4
886.7091	886	7091	749.794	749	7940	3
643.3084	643	3084	845.1522	845	1522	2
803.7417	803	7417	929.255	929	2550	3
622.0696	622	696	577.8441	577	8441	1
759.3119	759	3119	996.5865	996	5865	2
679.5402	679	5402	755.864	755	8640	1
739.7799	739	7799	706.6127	706	6127	4
759.5769	759	5769	852.9343	852	9343	5
520.9223	520	9223	698.3756	698	3756	3
857.0793	857	793	916.7599	916	7599	3
stocks
9837.9837	47765	9837	1
