items_number
200
stocks_number
1
digit
2
items
50951.12	50951	12	91976.99	91976	99	2
59642.9	59642	90	82411.65	82411	65	2
58846.93	58846	93	76349.64	76349	64	4
65048.4	65048	40	97133.38	97133	38	5
93207.01	93207	1	85047.1	85047	10	4
54382.4	54382	40	92667.84	92667	84	1
74339.25	74339	25	68608.51	68608	51	3
83333.58	83333	58	62726.2	62726	20	2
71562.12	71562	12	68573.91	68573	91	1
50497.96	50497	96	81210.85	81210	85	3
98933.11	98933	11	69636.84	69636	84	2
86680.76	86680	76	69386.44	69386	44	2
60401.18	60401	18	51263.09	51263	9	2
75441.88	75441	88	65711.41	65711	41	5
77523.76	77523	76	73906.64	73906	64	5
52984.55	52984	55	67232.8	67232	80	1
99347.8	99347	80	89641.06	89641	6	1
93605.88	93605	88	55970.23	55970	23	3
98687.35	98687	35	92310.75	92310	75	1
79641.94	79641	94	65055.17	65055	17	3
67853.54	67853	54	93757.47	93757	47	4
89477.98	89477	98	80502	80502	0	5
57985.88	57985	88	95990.72	95990	72	1
80384.21	80384	21	56683.48	56683	48	4
73335.62	73335	62	87873.62	87873	62	5
99692.69	99692	69	61488.41	61488	41	5
66222.8	66222	80	80714.27	80714	27	2
78003.48	78003	48	54861.37	54861	37	4
67412.79	67412	79	59562.69	59562	69	1
57407	57407	0	60678.59	60678	59	1
62976.53	62976	53	62689.62	62689	62	2
68364.91	68364	91	51538.68	51538	68	2
76351.9	76351	90	93090.77	93090	77	4
71822.46	71822	46	98339.26	98339	26	5
83412.31	83412	31	98671.58	98671	58	4
69557.43	69557	43	78136.87	78136	87	2
85505.86	85505	86	50306.63	50306	63	1
67051.09	67051	9	67278.61	67278	61	1
62190.01	62190	1	50162.07	50162	7	5
66367.5	66367	50	68879.06	68879	6	3
76849.05	76849	5	57789.46	57789	46	1
61123.12	61123	12	69799.43	69799	43	2
53046.26	53046	26	97566.51	97566	51	1
96552.75	96552	75	68353.55	68353	55	2
95865.53	95865	53	94811.84	94811	84	3
89870.03	89870	3	80772.67	80772	67	5
99536.82	99536	82	94886.87	94886	87	5
54511.33	54511	33	84451.9	84451	90	3
92775.43	92775	43	86742.9	86742	90	5
57522.18	57522	18	87196.14	87196	14	5
84153.79	84153	79	58807.07	58807	7	2
60627.97	60627	97	89799.89	89799	89	3
56299.16	56299	16	76998.15	76998	15	4
51438.2	51438	20	54796.8	54796	80	5
50311.19	50311	19	96482.38	96482	38	3
88935.78	88935	78	64870.29	64870	29	5
51130.89	51130	89	75585.73	75585	73	1
66534.51	66534	51	86497.17	86497	17	2
66937.27	66937	27	69731.67	69731	67	1
77843.68	77843	68	85147.42	85147	42	1
83242.51	83242	51	97175.76	97175	76	2
79913.32	79913	32	91721.81	91721	81	2
55507.59	55507	59	95986.62	95986	62	5
59592.94	59592	94	99565.53	99565	53	5
61035.78	61035	78	90060.6	90060	60	1
98220.43	98220	43	94656.2	94656	20	3
88450.37	88450	37	77700.4	77700	40	3
55840.16	55840	16	99667.23	99667	23	3
74571.04	74571	4	71235.82	71235	82	5
50640.91	50640	91	77863.99	77863	99	4
81508.18	81508	18	77846.81	77846	81	2
51420.09	51420	9	88325.8	88325	80	5
71064.55	71064	55	56962.43	56962	43	5
84554.44	84554	44	75411.84	75411	84	3
97972.37	97972	37	65978.88	65978	88	4
76229.08	76229	8	61073.79	61073	79	4
83724.99	83724	99	56182.51	56182	51	4
56807.19	56807	19	60864.27	60864	27	3
80740.94	80740	94	95524.7	95524	70	3
76499.94	76499	94	52224.41	52224	41	3
64329.37	64329	37	98060.42	98060	42	4
74193.25	74193	25	54330.29	54330	29	2
96427.92	96427	92	51323.83	51323	83	2
79929.05	79929	5	75057.57	75057	57	5
75632.45	75632	45	68427.09	68427	9	1
96739.63	96739	63	57106.21	57106	21	5
68863.84	68863	84	99229.38	99229	38	1
86063.35	86063	35	94012.82	94012	82	1
63272.14	63272	14	93603.38	93603	38	1
85801.63	85801	63	78260.57	78260	57	1
63905.03	63905	3	88460.76	88460	76	3
55814.18	55814	18	50077.14	50077	14	4
75014.95	75014	95	69981.39	69981	39	4
69413.15	69413	15	84445.38	84445	38	4
65407.12	65407	12	99643.2	99643	20	3
86050.25	86050	25	69341.99	69341	99	2
67632.1	67632	10	88402.59	88402	59	1
53856.01	53856	1	86643.12	86643	12	2
91890.93	91890	93	69007.74	69007	74	4
92204.14	92204	14	59636.93	59636	93	3
63797.44	63797	44	73806.12	73806	12	5
73398.11	73398	11	96853.55	96853	55	3
93624.75	93624	75	57261.25	57261	25	4
84861.52	84861	52	90069.07	90069	7	5
67252.07	67252	7	81564.92	81564	92	5
50895.12	50895	12	73239.13	73239	13	4
61089.12	61089	12	51141.86	51141	86	5
60277.59	60277	59	97047.43	97047	43	3
67003.84	67003	84	93404.41	93404	41	1
51130.58	51130	58	55966.56	55966	56	5
86776.53	86776	53	58571.37	58571	37	1
81332.21	81332	21	50763.35	50763	35	2
75323.84	75323	84	60296.86	60296	86	1
92503.97	92503	97	59894.2	59894	20	2
70561.27	70561	27	85122.92	85122	92	3
50954.29	50954	29	88025.47	88025	47	1
89241.6	89241	60	67000.41	67000	41	3
89424.63	89424	63	84350.82	84350	82	3
96318.64	96318	64	82036.82	82036	82	3
61813.75	61813	75	69903.31	69903	31	5
84525.78	84525	78	62609.4	62609	40	4
60223.2	60223	20	70495.58	70495	58	2
67628.93	67628	93	79282.97	79282	97	3
59539.25	59539	25	82590.79	82590	79	4
79636.87	79636	87	54940.97	54940	97	1
83035.57	83035	57	88225.17	88225	17	2
95589.02	95589	2	51930.3	51930	30	5
56568.97	56568	97	93342.08	93342	8	3
86891.1	86891	10	74867.3	74867	30	3
96779.95	96779	95	80238.56	80238	56	1
58072.63	58072	63	62278.53	62278	53	2
59989.07	59989	7	98674.94	98674	94	3
79477.58	79477	58	86391.63	86391	63	3
51695.9	51695	90	78840.78	78840	78	1
94850.59	94850	59	98043.01	98043	1	4
56030.17	56030	17	67954.55	67954	55	2
61891.03	61891	3	61379.44	61379	44	4
65240.71	65240	71	99185.39	99185	39	5
66307.76	66307	76	74301.99	74301	99	1
78894.39	78894	39	54783.85	54783	85	2
66370.3	66370	30	55150.48	55150	48	4
62383.82	62383	82	82872.88	82872	88	3
69526.6	69526	60	55546.2	55546	20	5
91693.14	91693	14	74747.86	74747	86	4
54885.79	54885	79	92767.08	92767	8	2
90087.39	90087	39	90668.64	90668	64	2
51948.95	51948	95	62771.33	62771	33	1
53427.4	53427	40	69067.01	69067	1	4
88812.54	88812	54	84318.98	84318	98	4
98266.12	98266	12	94808.15	94808	15	5
65240.67	65240	67	98272.84	98272	84	1
73336.84	73336	84	96928.38	96928	38	4
67789.84	67789	84	74603.26	74603	26	4
82868.12	82868	12	77553.81	77553	81	5
92176.09	92176	9	88818.69	88818	69	3
56725.71	56725	71	79543.75	79543	75	1
65902.69	65902	69	65777.51	65777	51	2
97065.63	97065	63	50049.51	50049	51	2
63294.2	63294	20	82185.35	82185	35	3
62094.31	62094	31	99945.33	99945	33	1
53144.58	53144	58	89588.07	89588	7	4
71366.35	71366	35	53763.88	53763	88	2
72083.38	72083	38	57918.27	57918	27	5
82621.68	82621	68	75979.23	75979	23	1
82363.25	82363	25	82603.18	82603	18	4
76233.97	76233	97	55961.8	55961	80	3
97952.86	97952	86	53233.78	53233	78	4
53554.8	53554	80	93983.62	93983	62	2
91473.21	91473	21	64446.19	64446	19	5
73559.14	73559	14	77535.29	77535	29	5
91750.19	91750	19	58066.99	58066	99	5
57842.51	57842	51	69596.19	69596	19	3
95243.96	95243	96	60406.17	60406	17	2
61275.32	61275	32	72913.71	72913	71	1
58836.17	58836	17	53643.05	53643	5	2
59429.28	59429	28	62473.77	62473	77	5
60663.71	60663	71	72882.87	72882	87	2
70085.12	70085	12	66415.39	66415	39	4
62856.2	62856	20	90842.78	90842	78	4
58775.78	58775	78	57199.86	57199	86	3
77651.76	77651	76	70523.06	70523	6	1
78096.87	78096	87	89113.14	89113	14	1
91412.62	91412	62	63427.76	63427	76	1
95441.6	95441	60	95126.84	95126	84	4
60964.99	60964	99	75966.96	75966	96	5
83588.24	83588	24	61546.46	61546	46	5
61466.83	61466	83	83970.59	83970	59	4
86167.2	86167	20	51043.99	51043	99	3
80652.87	80652	87	61595.97	61595	97	2
74760.55	74760	55	75455.94	75455	94	3
57561.51	57561	51	60288.32	60288	32	4
83796.98	83796	98	60483.57	60483	57	2
55427.9	55427	90	79219.34	79219	34	4
79644.9	79644	90	68207.11	68207	11	3
75718.66	75718	66	86462.8	86462	80	3
87790.16	87790	16	71122.53	71122	53	2
55877.39	55877	39	83469.43	83469	43	3
73669.04	73669	4	89696.58	89696	58	1
50644.96	50644	96	74405.67	74405	67	1
56650.6	56650	60	97915.14	97915	14	2
stocks
80.8	5208720	80	1
