items_number
200
stocks_number
1
digit
4
items
78873.0094	78873	94	97523.0987	97523	987	2
97790.0279	97790	279	96120.9297	96120	9297	5
62612.0865	62612	865	92743.7971	92743	7971	1
96766.7247	96766	7247	84670.5635	84670	5635	4
94672.166	94672	1660	67130.7522	67130	7522	1
52053.9578	52053	9578	80017.8497	80017	8497	1
51886.2173	51886	2173	65763.9997	65763	9997	4
96976.372	96976	3720	83048.6697	83048	6697	1
75305.1957	75305	1957	96503.0267	96503	267	1
57431.9782	57431	9782	81494.2371	81494	2371	2
61666.2051	61666	2051	74471.3732	74471	3732	4
87374.7222	87374	7222	83411.0364	83411	364	3
75295.2004	75295	2004	51269.1544	51269	1544	3
73949.5765	73949	5765	84962.2362	84962	2362	2
75374.7568	75374	7568	64922.1724	64922	1724	4
77960.0494	77960	494	98156.1269	98156	1269	5
96299.6483	96299	6483	78918.7589	78918	7589	5
94010.3237	94010	3237	66085.1764	66085	1764	3
73420.143	73420	1430	60951.3708	60951	3708	3
98368.0766	98368	766	81132.2995	81132	2995	2
84201.0753	84201	753	67220.3942	67220	3942	1
73483.9205	73483	9205	51128.8915	51128	8915	1
76138.877	76138	8770	67485.8784	67485	8784	1
71415.4932	71415	4932	59703.4365	59703	4365	4
57979.8506	57979	8506	88884.9392	88884	9392	4
76929.0068	76929	68	85807.8605	85807	8605	1
69308.3814	69308	3814	90640.1801	90640	1801	1
51551.5105	51551	5105	82288.4282	82288	4282	2
97823.6706	97823	6706	98310.6983	98310	6983	3
68131.9784	68131	9784	63383.3587	63383	3587	5
90112.0295	90112	295	97217.8686	97217	8686	2
76695.6801	76695	6801	95832.797	95832	7970	4
75221.0064	75221	64	59502.9236	59502	9236	5
52723.7512	52723	7512	89960.6658	89960	6658	4
82761.04	82761	400	89803.9957	89803	9957	4
69892.1724	69892	1724	76632.6759	76632	6759	2
64077.7091	64077	7091	79277.5155	79277	5155	4
93948.2574	93948	2574	55565.9954	55565	9954	5
76168.1796	76168	1796	68981.9808	68981	9808	4
89383.54	89383	5400	75779.1775	75779	1775	2
60680.8708	60680	8708	96361.8677	96361	8677	3
97135.3847	97135	3847	52752.9893	52752	9893	2
86057.8974	86057	8974	68491.2139	68491	2139	4
85975.0712	85975	712	56930.0222	56930	222	1
71083.5965	71083	5965	97015.2255	97015	2255	4
61430.6543	61430	6543	83413.0215	83413	215	3
63934.7559	63934	7559	55086.1491	55086	1491	5
67381.2448	67381	2448	75933.6196	75933	6196	3
55439.6132	55439	6132	99499.198	99499	1980	2
96655.5341	96655	5341	66037.1551	66037	1551	4
65748.9567	65748	9567	57064.9192	57064	9192	4
98941.3237	98941	3237	76019.2274	76019	2274	3
70138.0898	70138	898	67165.6819	67165	6819	4
51186.8337	51186	8337	83851.4328	83851	4328	2
70356.817	70356	8170	85722.6639	85722	6639	3
87418.9405	87418	9405	65349.6211	65349	6211	4
78116.4757	78116	4757	78958.2934	78958	2934	2
98965.1984	98965	1984	85662.4792	85662	4792	5
88970.451	88970	4510	56937.6845	56937	6845	3
75938.1464	75938	1464	86569.9917	86569	9917	2
67095.1768	67095	1768	99045.838	99045	8380	4
79081.1157	79081	1157	54154.5532	54154	5532	4
61933.4617	61933	4617	91701.424	91701	4240	5
51616.8184	51616	8184	67847.3968	67847	3968	5
91106.8669	91106	8669	53414.219	53414	2190	3
53994.5017	53994	5017	81503.4197	81503	4197	1
71508.9908	71508	9908	53780.0727	53780	727	3
55182.2112	55182	2112	82691.3697	82691	3697	1
97943.3943	97943	3943	96370.0504	96370	504	5
56976.8056	56976	8056	72761.0536	72761	536	1
53865.7513	53865	7513	67770.5472	67770	5472	4
58622.2652	58622	2652	52030.5533	52030	5533	4
54111.8256	54111	8256	75513.0429	75513	429	3
89922.6487	89922	6487	86261.3964	86261	3964	3
94597.9716	94597	9716	58960.2107	58960	2107	1
75194.4221	75194	4221	72527.9036	72527	9036	1
51351.303	51351	3030	78975.4179	78975	4179	2
67832.3627	67832	3627	73347.3598	73347	3598	5
51876.3021	51876	3021	57760.5232	57760	5232	5
66091.5515	66091	5515	87774.2511	87774	2511	3
64486.532	64486	5320	98685.1502	98685	1502	5
76925.2588	76925	2588	74126.0776	74126	776	3
74333.8752	74333	8752	63792.1137	63792	1137	2
93925.6219	93925	6219	75151.4673	75151	4673	4
78112.7278	78112	7278	67277.5105	67277	5105	1
94689.6922	94689	6922	58814.7776	58814	7776	1
81343.5624	81343	5624	90500.7236	90500	7236	2
56227.2035	56227	2035	96235.4391	96235	4391	3
93653.5258	93653	5258	94476.8921	94476	8921	5
70312.6486	70312	6486	97438.4081	97438	4081	1
91466.3499	91466	3499	82803.4308	82803	4308	4
70049.7027	70049	7027	52821.3653	52821	3653	1
58693.7643	58693	7643	60892.9613	60892	9613	5
62699.8116	62699	8116	83805.8548	83805	8548	5
71665.5211	71665	5211	79969.7621	79969	7621	5
99799.2664	99799	2664	64306.8155	64306	8155	2
66693.9486	66693	9486	65307.2746	65307	2746	2
52474.1472	52474	1472	83749.8349	83749	8349	5
54981.4777	54981	4777	56297.8205	56297	8205	4
64635.3429	64635	3429	61676.9602	61676	9602	3
59450.9528	59450	9528	56509.5237	56509	5237	5
58846.229	58846	2290	83368.0029	83368	29	5
82558.2433	82558	2433	73007.5135	73007	5135	2
63561.4136	63561	4136	91323.2018	91323	2018	2
98769.8777	98769	8777	69629.3993	69629	3993	2
86456.8502	86456	8502	81968.7243	81968	7243	2
98057.8357	98057	8357	73151.7406	73151	7406	4
59420.816	59420	8160	57904.4525	57904	4525	5
54287.8481	54287	8481	64615.7193	64615	7193	4
99933.7731	99933	7731	80911.899	80911	8990	3
84813.3675	84813	3675	95678.3388	95678	3388	4
78074.3802	78074	3802	63300.5047	63300	5047	3
76857.6671	76857	6671	55036.9767	55036	9767	3
59145.2427	59145	2427	59469.4526	59469	4526	1
81300.0021	81300	21	88451.972	88451	9720	3
64269.3949	64269	3949	72313.1224	72313	1224	3
63134.935	63134	9350	68283.8654	68283	8654	1
71943.1997	71943	1997	78950.6956	78950	6956	2
79797.5985	79797	5985	77849.5615	77849	5615	5
66087.096	66087	960	72059.3927	72059	3927	3
92255.8483	92255	8483	85688.739	85688	7390	2
80563.5836	80563	5836	69952.6275	69952	6275	5
86136.7987	86136	7987	84181.758	84181	7580	3
60248.6126	60248	6126	96580.3355	96580	3355	1
93262.0305	93262	305	53756.4824	53756	4824	2
67102.9551	67102	9551	64150.5202	64150	5202	4
60047.879	60047	8790	70186.1511	70186	1511	4
69256.9791	69256	9791	78365.3922	78365	3922	3
69576.7375	69576	7375	97899.3551	97899	3551	3
65028.9919	65028	9919	76483.9716	76483	9716	5
83891.322	83891	3220	99342.9876	99342	9876	1
88327.3255	88327	3255	63709.514	63709	5140	3
83175.2209	83175	2209	59851.9745	59851	9745	4
75750.2006	75750	2006	72349.5011	72349	5011	2
61189.7392	61189	7392	55031.7158	55031	7158	1
91244.7339	91244	7339	88781.0091	88781	91	2
62205.0508	62205	508	63617.8606	63617	8606	5
59245.2101	59245	2101	87483.0916	87483	916	5
59965.5499	59965	5499	96685.0968	96685	968	3
66492.8989	66492	8989	78232.58	78232	5800	3
68478.9832	68478	9832	68394.9906	68394	9906	2
94778.9174	94778	9174	51662.0708	51662	708	1
53866.2791	53866	2791	91532.7199	91532	7199	1
54635.2856	54635	2856	82731.6025	82731	6025	4
63223.7953	63223	7953	61131.1586	61131	1586	3
85166.9164	85166	9164	79982.692	79982	6920	5
68905.6805	68905	6805	64345.7249	64345	7249	2
76357.3655	76357	3655	88715.6593	88715	6593	1
57108.1161	57108	1161	68233.0228	68233	228	1
98702.9142	98702	9142	51494.9216	51494	9216	3
92444.4616	92444	4616	60773.052	60773	520	3
58663.9644	58663	9644	53920.397	53920	3970	3
79265.1331	79265	1331	80747.1844	80747	1844	5
87881.8955	87881	8955	94955.8101	94955	8101	5
68912.2122	68912	2122	50500.7326	50500	7326	5
72526.1636	72526	1636	93805.6668	93805	6668	1
54982.8506	54982	8506	68405.3303	68405	3303	5
78959.7265	78959	7265	70686.5189	70686	5189	4
51082.1427	51082	1427	72169.6942	72169	6942	3
83859.2233	83859	2233	66303.3206	66303	3206	5
53287.7184	53287	7184	56470.1257	56470	1257	5
94275.0999	94275	999	71510.317	71510	3170	3
81486.5489	81486	5489	89313.4698	89313	4698	2
86462.5746	86462	5746	75622.7354	75622	7354	5
70024.9357	70024	9357	93859.8181	93859	8181	1
92675.2881	92675	2881	53645.8208	53645	8208	4
87007.3085	87007	3085	73703.7445	73703	7445	1
82229.9865	82229	9865	57475.314	57475	3140	1
61220.4982	61220	4982	91128.9124	91128	9124	3
96972.8584	96972	8584	79688.4765	79688	4765	3
58021.5207	58021	5207	95009.894	95009	8940	5
79698.1167	79698	1167	68822.903	68822	9030	2
91749.411	91749	4110	81350.1826	81350	1826	5
71188.7998	71188	7998	86540.6139	86540	6139	2
84334.4023	84334	4023	51553.5056	51553	5056	5
64272.8415	64272	8415	92481.3412	92481	3412	3
56354.3515	56354	3515	75823.9411	75823	9411	2
53238.718	53238	7180	75199.8657	75199	8657	3
90629.2071	90629	2071	90496.0005	90496	5	3
72763.4676	72763	4676	94056.5992	94056	5992	2
61240.2675	61240	2675	85994.4226	85994	4226	1
92373.3039	92373	3039	51268.6878	51268	6878	5
81427.0673	81427	673	57276.9962	57276	9962	1
90505.4006	90505	4006	66740.607	66740	6070	2
80253.1994	80253	1994	55523.4979	55523	4979	1
59639.2795	59639	2795	67077.364	67077	3640	1
72332.5642	72332	5642	60544.909	60544	9090	2
94536.6853	94536	6853	73928.4634	73928	4634	2
97899.6412	97899	6412	87764.8829	87764	8829	1
73414.3421	73414	3421	92014.6032	92014	6032	4
87695.9086	87695	9086	99533.784	99533	7840	1
51185.9949	51185	9949	53534.0086	53534	86	5
67688.0772	67688	772	63524.9202	63524	9202	4
69181.0927	69181	927	88845.2538	88845	2538	4
96948.5695	96948	5695	79156.7441	79156	7441	4
97013.013	97013	130	66683.3735	66683	3735	1
71156.3808	71156	3808	92490.7098	92490	7098	3
83954.878	83954	8780	62159.1238	62159	1238	1
79241.6347	79241	6347	83460.6875	83460	6875	3
82377.5143	82377	5143	92919.6222	92919	6222	5
stocks
2942.2942	4854955	2942	1
