items_number
200
stocks_number
1
digit
6
items
73181.21271	73181	212707	64672.36703	64672	367027	1
65234.15444	65234	154441	71474.87526	71474	875258	5
78701.14891	78701	148911	74371.5332	74371	533199	3
95715.30049	95715	300489	67847.56396	67847	563965	4
86269.13573	86269	135730	63216.37336	63216	373358	3
88847.7082	88847	708204	60356.71237	60356	712372	4
69672.54312	69672	543118	70771.76452	70771	764515	3
52130.81829	52130	818285	77487.09156	77487	91560	5
90552.40074	90552	400741	96319.30573	96319	305733	2
73259.60064	73259	600639	75493.30253	75493	302535	3
74471.84147	74471	841475	60878.4807	60878	480698	2
67332.31037	67332	310369	65378.81677	65378	816765	4
95029.01524	95029	15241	87993.85164	87993	851637	5
90017.4223	90017	422304	71982.46305	71982	463053	2
99027.42738	99027	427376	70759.09091	70759	90909	1
73422.73665	73422	736647	86203.25787	86203	257869	5
84814.3365	84814	336505	77205.17757	77205	177574	3
73552.69361	73552	693607	63731.40413	63731	404125	3
69055.68804	69055	688042	68548.55549	68548	555495	3
56303.65622	56303	656219	53676.76182	53676	761823	1
88472.49002	88472	490017	92034.13704	92034	137037	5
67888.12962	67888	129621	51025.78378	51025	783784	1
59507.29998	59507	299984	67922.36783	67922	367831	2
58514.06833	58514	68328	98554.54912	98554	549118	4
66944.09531	66944	95314	60563.48856	60563	488556	3
59034.15924	59034	159239	76792.18214	76792	182138	5
78172.1641	78172	164100	63154.07058	63154	70576	3
85202.20359	85202	203595	63651.80063	63651	800625	1
98598.40848	98598	408483	82020.56646	82020	566459	5
96975.72641	96975	726414	61945.39387	61945	393874	2
99193.71665	99193	716646	98682.48101	98682	481006	5
71779.62119	71779	621190	55992.44984	55992	449838	5
62208.39721	62208	397208	92721.26913	92721	269132	3
87194.38191	87194	381909	73053.53056	73053	530557	4
67493.43803	67493	438031	73839.0138	73839	13803	1
98477.53294	98477	532938	65237.15884	65237	158843	5
76040.09011	76040	90114	92710.24293	92710	242930	3
87166.98115	87166	981150	53911.29467	53911	294670	3
50606.86757	50606	867575	52024.2504	52024	250403	2
66591.00721	66591	7207	89028.06502	89028	65015	1
69725.09814	69725	98141	79404.5972	79404	597205	5
84378.2254	84378	225402	72203.24745	72203	247453	3
93224.83393	93224	833928	63706.39813	63706	398132	4
64754.11338	64754	113382	76697.96519	76697	965194	1
74395.16406	74395	164058	53485.22686	53485	226859	1
92250.2613	92250	261304	93766.48904	93766	489041	5
97477.36638	97477	366382	62899.22306	62899	223064	1
68509.50056	68509	500563	80690.40443	80690	404433	3
65802.95491	65802	954911	57497.40952	57497	409519	4
75833.05442	75833	54424	81448.29491	81448	294911	3
74812.67313	74812	673134	93667.68261	93667	682608	5
63574.96128	63574	961280	99531.54656	99531	546556	5
93721.7004	93721	700397	91774.0787	91774	78696	1
93620.97312	93620	973118	61589.56679	61589	566792	1
81390.02961	81390	29608	57384.61203	57384	612026	3
69965.31206	69965	312064	61638.0836	61638	83604	3
52653.13236	52653	132357	97682.74893	97682	748930	2
59561.71006	59561	710061	70538.6826	70538	682602	2
55166.51566	55166	515659	84590.40058	84590	400581	5
51251.54084	51251	540841	79702.31539	79702	315389	1
56535.95283	56535	952827	91785.07648	91785	76476	3
63659.74866	63659	748657	83272.39794	83272	397939	4
73030.67838	73030	678383	85694.76523	85694	765227	3
78044.86639	78044	866387	93806.86196	93806	861961	1
50852.13057	50852	130567	56324.9285	56324	928496	4
99824.63277	99824	632767	68834.29538	68834	295382	3
76520.39933	76520	399325	68343.0208	68343	20804	5
86193.73703	86193	737033	58334.68778	58334	687778	1
96290.61392	96290	613917	72745.59005	72745	590052	5
86427.78325	86427	783253	70367.78756	70367	787559	3
52784.26059	52784	260592	97362.26914	97362	269145	4
75316.22841	75316	228410	52148.70361	52148	703609	1
70805.00865	70805	8655	92570.55136	92570	551364	5
55308.09452	55308	94520	70369.66728	70369	667278	2
99371.85814	99371	858144	88146.6688	88146	668803	2
54500.68907	54500	689066	55355.77822	55355	778223	2
97559.87218	97559	872176	64134.67267	64134	672671	3
56147.22453	56147	224526	51045.40822	51045	408219	4
73009.70598	73009	705981	86045.69901	86045	699009	1
72661.34344	72661	343439	71631.08219	71631	82190	3
81980.27895	81980	278950	91794.70313	91794	703131	1
57121.37912	57121	379116	89013.38162	89013	381617	1
95536.30472	95536	304719	80462.1451	80462	145098	2
75700.4957	75700	495700	92868.29818	92868	298179	1
50741.35223	50741	352234	59902.94841	59902	948409	3
76925.85068	76925	850679	87847.75713	87847	757125	5
95666.80776	95666	807764	54505.38178	54505	381783	5
53394.00094	53394	944	57583.69734	57583	697339	2
95787.07709	95787	77092	67685.95608	67685	956079	1
60132.83978	60132	839775	89096.29872	89096	298716	4
54645.05814	54645	58137	87285.52908	87285	529080	2
52321.02992	52321	29920	68770.54891	68770	548908	4
73792.58843	73792	588433	81668.69666	81668	696655	4
86976.73652	86976	736520	72979.29431	72979	294307	4
89666.41266	89666	412659	71876.41087	71876	410869	1
83945.719	83945	719000	97293.1415	97293	141503	3
96101.36929	96101	369287	51113.10604	51113	106041	3
66185.32834	66185	328337	99520.94803	99520	948025	5
79439.97239	79439	972385	55626.82928	55626	829282	5
51690.49956	51690	499556	73858.69609	73858	696093	4
52612.11159	52612	111590	69886.73558	69886	735584	3
82223.74933	82223	749329	62288.61478	62288	614779	3
77006.24432	77006	244318	85307.91605	85307	916054	5
73417.6366	73417	636597	71756.8033	71756	803300	4
96832.84385	96832	843849	82657.79841	82657	798409	2
85677.10246	85677	102463	73452.58486	73452	584858	3
77917.32566	77917	325663	77111.58152	77111	581524	1
94390.23238	94390	232377	96792.47108	96792	471081	4
91825.32699	91825	326989	83798.50943	83798	509429	3
60226.03165	60226	31645	72457.79689	72457	796885	3
76351.57582	76351	575816	77723.06962	77723	69623	2
73804.12229	73804	122292	75591.21256	75591	212560	3
67347.92711	67347	927113	70770.1785	70770	178502	3
71887.88054	71887	880535	58185.73107	58185	731074	3
58805.61799	58805	617992	68459.02709	68459	27091	1
68088.27935	68088	279347	80672.64326	80672	643264	3
58112.73121	58112	731214	55332.00455	55332	4551	2
54470.94211	54470	942108	82265.40887	82265	408874	2
80784.79664	80784	796643	88255.3406	88255	340603	4
53899.32466	53899	324659	82318.96063	82318	960630	5
73903.78188	73903	781883	71360.22394	71360	223942	3
94730.85478	94730	854780	75540.86968	75540	869684	2
65521.87093	65521	870931	60389.50954	60389	509538	5
56995.37032	56995	370316	53027.9206	53027	920597	1
91007.10765	91007	107653	57819.68034	57819	680343	3
55187.28359	55187	283590	91566.43676	91566	436759	5
90941.60567	90941	605668	50319.0621	50319	62101	5
87107.99329	87107	993292	58932.78638	58932	786385	5
71372.61193	71372	611927	91086.38478	91086	384784	1
70379.0944	70379	94405	65246.40774	65246	407735	2
98098.0092	98098	9201	92091.99883	92091	998830	4
83285.72352	83285	723517	70272.12037	70272	120368	5
61902.84373	61902	843734	77535.53887	77535	538866	4
84405.25352	84405	253519	77397.43124	77397	431237	5
66002.87647	66002	876467	92029.44002	92029	440021	4
58733.20393	58733	203935	60191.33728	60191	337276	5
70081.35598	70081	355982	60149.53245	60149	532447	4
93919.20213	93919	202130	78440.5379	78440	537897	1
62424.43631	62424	436312	56982.32471	56982	324709	1
61905.19932	61905	199324	93948.04188	93948	41876	1
63445.75013	63445	750127	60197.33478	60197	334782	3
98076.01213	98076	12128	94007.91068	94007	910684	2
95011.83797	95011	837968	78839.77079	78839	770789	5
80793.67724	80793	677240	80967.51328	80967	513284	3
79263.40901	79263	409015	52191.64176	52191	641758	1
53815.97231	53815	972312	97298.79788	97298	797880	5
58181.47294	58181	472940	61638.15655	61638	156548	2
87376.65658	87376	656582	66824.16266	66824	162661	5
67586.91442	67586	914420	79563.72311	79563	723107	2
98266.26958	98266	269583	59194.0135	59194	13504	2
50575.98124	50575	981241	58442.12329	58442	123292	4
91489.21265	91489	212655	60223.94705	60223	947049	4
92996.64072	92996	640716	94035.39954	94035	399540	3
66096.85217	66096	852172	68831.63283	68831	632830	3
98485.09932	98485	99324	72552.86765	72552	867647	1
84002.74837	84002	748369	51853.59623	51853	596235	5
71283.13576	71283	135762	60397.06959	60397	69590	2
98726.70499	98726	704992	82172.4461	82172	446100	3
71108.74166	71108	741661	70086.89897	70086	898972	2
51956.74769	51956	747690	60783.97073	60783	970726	4
69104.7994	69104	799398	97419.37019	97419	370187	4
78506.75086	78506	750862	71477.41416	71477	414155	5
94542.98756	94542	987559	81055.60745	81055	607447	4
90307.15948	90307	159484	74953.42541	74953	425405	2
62910.52073	62910	520734	58174.84539	58174	845392	1
60544.86403	60544	864026	82384.04747	82384	47468	2
58340.36342	58340	363420	85144.76268	85144	762681	4
82992.87672	82992	876716	68323.37784	68323	377839	4
63763.58251	63763	582509	60824.58536	60824	585365	4
70764.79973	70764	799732	51427.60374	51427	603742	1
54197.59239	54197	592392	62270.41972	62270	419715	4
77209.84899	77209	848988	80322.92015	80322	920147	3
78141.81186	78141	811861	95434.51443	95434	514427	2
99208.43036	99208	430360	91110.70686	91110	706856	3
58001.04258	58001	42581	70590.94978	70590	949783	5
57403.22088	57403	220876	56925.67254	56925	672537	2
53022.40267	53022	402672	97708.50474	97708	504737	5
75483.51552	75483	515521	91529.62268	91529	622684	3
54079.87746	54079	877458	83050.8352	83050	835199	1
70608.83344	70608	833444	86571.7442	86571	744196	3
73749.30146	73749	301456	50722.15254	50722	152540	4
54654.37505	54654	375051	91492.47484	91492	474843	1
71398.0461	71398	46100	96795.69124	96795	691245	3
66744.94217	66744	942172	94757.55208	94757	552080	2
70751.22722	70751	227223	60323.62402	60323	624025	3
69882.14542	69882	145424	69346.07524	69346	75244	3
60046.69054	60046	690541	55910.66467	55910	664667	3
51334.87934	51334	879338	80021.20997	80021	209967	1
68607.36677	68607	366768	51517.0377	51517	37696	5
90455.94855	90455	948555	75996.56364	75996	563640	4
62591.62703	62591	627028	90804.18069	90804	180694	5
97012.68252	97012	682518	98936.92423	98936	924235	3
68960.21577	68960	215769	56773.97779	56773	977795	5
57133.13094	57133	130939	71858.78814	71858	788141	3
96619.842	96619	842003	83189.34964	83189	349641	2
81871.7365	81871	736503	64947.33954	64947	339539	5
76978.51132	76978	511318	54242.83561	54242	835609	1
54958.20542	54958	205423	77634.62867	77634	628674	2
64862.12957	64862	129572	83271.71738	83271	717378	3
90741.61018	90741	610179	74367.93733	74367	937326	1
stocks
495695.4957	4858027	495695	1
