items_number
200
stocks_number
1
digit
2
items
521.89	521	89	538.45	538	45	5
658.25	658	25	696.88	696	88	5
899.68	899	68	978.66	978	66	5
773.68	773	68	637.18	637	18	2
863.45	863	45	630.11	630	11	5
825.21	825	21	586.36	586	36	2
833.15	833	15	748.96	748	96	3
621.43	621	43	536.95	536	95	2
793.38	793	38	905.23	905	23	4
650.68	650	68	523.93	523	93	5
568.72	568	72	653.69	653	69	4
681.99	681	99	687.67	687	67	2
962.08	962	8	916.79	916	79	3
594.14	594	14	851.62	851	62	3
725.26	725	26	595.38	595	38	5
918.19	918	19	583.68	583	68	3
530.75	530	75	732.06	732	6	5
767.82	767	82	741.88	741	88	3
584.84	584	84	851.71	851	71	1
505.25	505	25	960.4	960	40	5
924.33	924	33	752.52	752	52	1
640.19	640	19	751.23	751	23	5
503.17	503	17	663.93	663	93	1
719.64	719	64	865.67	865	67	2
913.3	913	30	694.71	694	71	1
788.59	788	59	955.7	955	70	1
971.36	971	36	925.25	925	25	3
773.67	773	67	519.29	519	29	5
848.21	848	21	519.28	519	28	4
979.58	979	58	838.67	838	67	5
969.37	969	37	558.14	558	14	3
616.1	616	10	557.25	557	25	3
637.84	637	84	533.07	533	7	4
614.06	614	6	782.8	782	80	4
635.3	635	30	941.44	941	44	1
746.81	746	81	663.18	663	18	1
939.79	939	79	868.69	868	69	1
715.45	715	45	689.92	689	92	5
868.24	868	24	946.13	946	13	4
978.17	978	17	773.92	773	92	4
865.13	865	13	959.85	959	85	4
682.49	682	49	599.35	599	35	5
905.68	905	68	706.6	706	60	2
826.21	826	21	874.64	874	64	2
776.15	776	15	696.49	696	49	2
629.95	629	95	548.5	548	50	2
991.92	991	92	957.84	957	84	4
806.9	806	90	929.56	929	56	1
642.29	642	29	789.38	789	38	4
821.29	821	29	554.08	554	8	1
812.16	812	16	634.96	634	96	5
566.62	566	62	787.9	787	90	1
708.48	708	48	805.31	805	31	1
561.33	561	33	543.41	543	41	2
785.27	785	27	899.57	899	57	3
867.3	867	30	999.54	999	54	3
849.45	849	45	745.11	745	11	2
756.15	756	15	823.82	823	82	5
886.97	886	97	764.83	764	83	3
696.66	696	66	764.91	764	91	5
981.74	981	74	907.01	907	1	1
855.35	855	35	568.97	568	97	2
812.28	812	28	568.17	568	17	4
864.1	864	10	686.6	686	60	2
969.93	969	93	850.3	850	30	5
694.58	694	58	508.61	508	61	1
857.91	857	91	849.78	849	78	2
653.72	653	72	964.99	964	99	2
909.55	909	55	944.05	944	5	1
724.15	724	15	540.44	540	44	2
630.41	630	41	736.43	736	43	5
773.68	773	68	648.9	648	90	1
906.16	906	16	886.79	886	79	1
534.1	534	10	943.55	943	55	4
846.41	846	41	522.07	522	7	4
929.32	929	32	582.28	582	28	2
910.57	910	57	737.05	737	5	5
582.34	582	34	725.43	725	43	4
734.22	734	22	757.84	757	84	4
552.38	552	38	525.95	525	95	5
903.15	903	15	779.03	779	3	5
792.38	792	38	891.32	891	32	5
618.01	618	1	558.86	558	86	3
857.63	857	63	830.86	830	86	5
853.24	853	24	681.74	681	74	1
649.8	649	80	703.95	703	95	5
970.94	970	94	574.4	574	40	4
701.21	701	21	926.85	926	85	4
651.95	651	95	772.3	772	30	1
856.43	856	43	584.76	584	76	1
644.87	644	87	689.29	689	29	3
632.21	632	21	678.83	678	83	4
710.3	710	30	899.73	899	73	4
702.67	702	67	757.46	757	46	3
742.83	742	83	864.44	864	44	5
925.75	925	75	748.55	748	55	4
896.25	896	25	512.59	512	59	1
598.74	598	74	959.74	959	74	3
824.99	824	99	712.54	712	54	5
804.8	804	80	702.64	702	64	3
568.42	568	42	1000.18	1000	18	4
700.41	700	41	694.5	694	50	2
824	824	0	851.06	851	6	3
721.58	721	58	631.97	631	97	2
981.03	981	3	883.57	883	57	5
669.93	669	93	873.65	873	65	2
649.9	649	90	713.26	713	26	3
890.12	890	12	619.63	619	63	1
751.79	751	79	844.09	844	9	5
883.65	883	65	970.62	970	62	2
942.5	942	50	891.1	891	10	2
900.94	900	94	623.64	623	64	1
675.03	675	3	607.95	607	95	1
806.03	806	3	696.48	696	48	4
757.1	757	10	699.51	699	51	2
774.79	774	79	534.21	534	21	2
956.83	956	83	899.44	899	44	5
726.56	726	56	520.91	520	91	1
722	722	0	960.58	960	58	5
606.31	606	31	671.26	671	26	3
581.51	581	51	604.19	604	19	3
866.87	866	87	895.87	895	87	5
985.04	985	4	595.09	595	9	3
537.82	537	82	503.93	503	93	2
814.06	814	6	652.33	652	33	4
727.88	727	88	960.05	960	5	2
708.09	708	9	998.48	998	48	5
957.83	957	83	911.44	911	44	1
571.14	571	14	664.8	664	80	1
531.09	531	9	956.55	956	55	1
760.15	760	15	612.6	612	60	3
640.56	640	56	910.98	910	98	1
731.5	731	50	650.57	650	57	4
583.15	583	15	963.67	963	67	1
861.67	861	67	541.48	541	48	2
711.05	711	5	779.14	779	14	5
999.61	999	61	581.32	581	32	4
509.09	509	9	500.26	500	26	5
848.17	848	17	899.29	899	29	2
749.4	749	40	926.93	926	93	5
638.74	638	74	717.88	717	88	3
535.67	535	67	535.4	535	40	1
649.87	649	87	795.58	795	58	1
559.3	559	30	824.35	824	35	5
588.71	588	71	731.88	731	88	4
652.97	652	97	994.09	994	9	2
834.09	834	9	604.56	604	56	3
543.06	543	6	877.84	877	84	1
624.53	624	53	513.52	513	52	4
802.1	802	10	563.67	563	67	5
896.89	896	89	547.1	547	10	5
706.04	706	4	865.72	865	72	2
667.49	667	49	958.54	958	54	4
627.94	627	94	889.72	889	72	2
990.38	990	38	614.17	614	17	3
727.56	727	56	856.4	856	40	4
600.34	600	34	848.29	848	29	5
945.48	945	48	611.17	611	17	4
683.91	683	91	766.84	766	84	5
671.48	671	48	759.09	759	9	5
976.09	976	9	567.72	567	72	1
690.07	690	7	625.45	625	45	4
557.57	557	57	668.6	668	60	2
954.59	954	59	964.81	964	81	5
519.74	519	74	834.64	834	64	1
664.24	664	24	709.08	709	8	4
911.16	911	16	742.96	742	96	1
518.35	518	35	916.96	916	96	4
673.85	673	85	710.34	710	34	5
758.33	758	33	887.25	887	25	3
513.28	513	28	841.42	841	42	1
558.6	558	60	927.22	927	22	2
540	540	0	923.65	923	65	3
662.15	662	15	635	635	0	1
617.9	617	90	997.1	997	10	1
628.23	628	23	900.06	900	6	3
560.12	560	12	875.61	875	61	4
697.51	697	51	600.66	600	66	4
918.82	918	82	776.9	776	90	5
685.65	685	65	635.65	635	65	3
999.61	999	61	910.85	910	85	3
813.71	813	71	569.53	569	53	1
637.21	637	21	746.89	746	89	4
912.63	912	63	613.4	613	40	3
686.17	686	17	959.77	959	77	4
873.6	873	60	860.06	860	6	3
639.71	639	71	970.32	970	32	3
786.03	786	3	552.06	552	6	3
817.6	817	60	971.76	971	76	1
568.62	568	62	982.16	982	16	4
704.52	704	52	811.16	811	16	4
539.69	539	69	784	784	0	3
758.69	758	69	853.13	853	13	3
761.61	761	61	726.76	726	76	1
993.8	993	80	994.82	994	82	2
778.44	778	44	687.29	687	29	5
926.37	926	37	935.36	935	36	4
649.96	649	96	736.78	736	78	5
542.31	542	31	602.78	602	78	1
845.22	845	22	891.7	891	70	3
stocks
99.99	36431	99	1
