items_number
200
stocks_number
1
digit
4
items
7061.6968	7061	6968	7654.9171	7654	9171	5
9828.809	9828	8090	9650.0299	9650	299	3
8132.7109	8132	7109	9591.8463	9591	8463	1
8848.0647	8848	647	8891.769	8891	7690	5
5209.5472	5209	5472	9851.3901	9851	3901	4
6622.3578	6622	3578	9868.3761	9868	3761	3
5254.4376	5254	4376	5887.7251	5887	7251	3
9599.3031	9599	3031	5598.1899	5598	1899	5
9064.4582	9064	4582	5691.8415	5691	8415	2
6822.3301	6822	3301	6779.8062	6779	8062	1
6958.7569	6958	7569	5451.8712	5451	8712	3
8600.6997	8600	6997	5144.7683	5144	7683	5
5469.7429	5469	7429	9254.4501	9254	4501	5
8119.571	8119	5710	7041.3962	7041	3962	5
7498.8339	7498	8339	9638.5265	9638	5265	4
8612.7266	8612	7266	5581.377	5581	3770	2
5493.714	5493	7140	8925.3479	8925	3479	2
8574.6529	8574	6529	6604.7366	6604	7366	5
9051.9124	9051	9124	5411.169	5411	1690	2
6871.9096	6871	9096	9351.5685	9351	5685	5
7854.9726	7854	9726	8861.8679	8861	8679	4
5384.8359	5384	8359	9453.2736	9453	2736	1
7554.6728	7554	6728	9706.5708	9706	5708	1
8603.4562	8603	4562	7924.5874	7924	5874	3
9664.3604	9664	3604	8699.2431	8699	2431	1
7280.8057	7280	8057	7823.4261	7823	4261	1
5288.2082	5288	2082	8628.7687	8628	7687	1
6124.5554	6124	5554	7011.3236	7011	3236	1
8565.1253	8565	1253	5283.1819	5283	1819	4
7501.5497	7501	5497	5176.1578	5176	1578	5
8536.4595	8536	4595	6285.4266	6285	4266	4
6388.8221	6388	8221	7937.099	7937	990	5
7329.3588	7329	3588	5588.8229	5588	8229	2
6668.1705	6668	1705	6638.9081	6638	9081	1
5999.522	5999	5220	7591.868	7591	8680	1
8301.906	8301	9060	5438.8483	5438	8483	1
9053.1635	9053	1635	6505.2842	6505	2842	4
6253.5948	6253	5948	8478.2284	8478	2284	5
8663.8443	8663	8443	6800.0382	6800	382	2
8116.6218	8116	6218	7196.1257	7196	1257	2
8838.925	8838	9250	5256.6698	5256	6698	2
5620.6012	5620	6012	7251.5446	7251	5446	1
7479.9567	7479	9567	7340.5292	7340	5292	1
9307.6679	9307	6679	9510.12	9510	1200	2
9502.8074	9502	8074	9292.5761	9292	5761	2
5739.7906	5739	7906	7740.691	7740	6910	4
7919.0298	7919	298	5854.497	5854	4970	3
9995.1566	9995	1566	8980.924	8980	9240	4
5075.0788	5075	788	9344.4276	9344	4276	4
7732.5774	7732	5774	7028.3012	7028	3012	1
7628.7014	7628	7014	8330.4925	8330	4925	5
7930.6866	7930	6866	8968.2956	8968	2956	4
8879.4133	8879	4133	7243.21	7243	2100	2
5182.3742	5182	3742	8035.0633	8035	633	1
7295.7781	7295	7781	6891.5182	6891	5182	2
8543.4089	8543	4089	6705.4531	6705	4531	4
8225.1799	8225	1799	6620.4895	6620	4895	3
8347.6215	8347	6215	6281.2869	6281	2869	4
9667.5995	9667	5995	8716.7768	8716	7768	4
7552.3052	7552	3052	6903.3066	6903	3066	3
6610.1712	6610	1712	7220.08	7220	800	3
8965.0591	8965	591	5763.2034	5763	2034	4
8941.7625	8941	7625	5603.4056	5603	4056	4
8939.53	8939	5300	7808.9029	7808	9029	2
6395.8648	6395	8648	7401.7467	7401	7467	4
9940.2846	9940	2846	8194.2736	8194	2736	4
8003.0712	8003	712	9010.3864	9010	3864	4
6210.0283	6210	283	9669.0309	9669	309	4
6955.8794	6955	8794	7434.502	7434	5020	5
7428.9155	7428	9155	5809.0598	5809	598	5
9327.2853	9327	2853	6864.1566	6864	1566	1
5793.4396	5793	4396	7690.1719	7690	1719	1
8048.1519	8048	1519	8823.6045	8823	6045	3
7568.8772	7568	8772	9968.321	9968	3210	3
5862.7428	5862	7428	7963.9271	7963	9271	2
8312.5945	8312	5945	8115.1806	8115	1806	4
8307.3031	8307	3031	8470.012	8470	120	4
8781.4078	8781	4078	9580.0593	9580	593	1
9070.3863	9070	3863	7857.7398	7857	7398	4
8383.3819	8383	3819	8577.0749	8577	749	2
7276.9852	7276	9852	7370.9958	7370	9958	2
6697.0878	6697	878	6186.8675	6186	8675	4
6312.7037	6312	7037	7544.3705	7544	3705	2
6154.0338	6154	338	9613.2058	9613	2058	5
7642.462	7642	4620	9984.5661	9984	5661	1
9370.4818	9370	4818	5197.5239	5197	5239	5
9697.4427	9697	4427	6317.659	6317	6590	3
5866.2772	5866	2772	6604.0556	6604	556	3
8479.1033	8479	1033	6478.8108	6478	8108	3
5125.0423	5125	423	5795.071	5795	710	3
8419.2176	8419	2176	8507.9974	8507	9974	5
5089.2746	5089	2746	8699.8908	8699	8908	3
9854.7366	9854	7366	7321.9096	7321	9096	1
7359.6154	7359	6154	9873.403	9873	4030	3
9791.4398	9791	4398	7269.429	7269	4290	4
7011.2366	7011	2366	5484.6563	5484	6563	1
8061.5352	8061	5352	8066.6766	8066	6766	3
7793.1463	7793	1463	6278.4506	6278	4506	2
8222.9001	8222	9001	5152.6872	5152	6872	2
5015.4146	5015	4146	5499.8139	5499	8139	2
5983.697	5983	6970	7087.5105	7087	5105	3
8311.1855	8311	1855	7780.479	7780	4790	4
6571.4895	6571	4895	8953.621	8953	6210	2
9794.849	9794	8490	5910.7502	5910	7502	5
5878.6979	5878	6979	7747.4352	7747	4352	1
7434.2323	7434	2323	7678.1833	7678	1833	1
8106.0787	8106	787	9788.9308	9788	9308	1
9185.001	9185	10	6979.4473	6979	4473	4
6214.2753	6214	2753	7257.2426	7257	2426	3
7175.4651	7175	4651	8407.3058	8407	3058	4
7567.3829	7567	3829	5555.5222	5555	5222	2
8490.2605	8490	2605	5389.2384	5389	2384	1
8872.5529	8872	5529	9593.1733	9593	1733	2
9642.7219	9642	7219	8862.5279	8862	5279	4
5407.9295	5407	9295	5764.4443	5764	4443	5
6514.6501	6514	6501	9576.7394	9576	7394	2
9775.2037	9775	2037	9059.687	9059	6870	5
5866.3723	5866	3723	7845.7385	7845	7385	4
8143.5625	8143	5625	6942.4302	6942	4302	1
8253.3071	8253	3071	6300.4978	6300	4978	3
5992.0498	5992	498	8640.4447	8640	4447	1
6561.7802	6561	7802	5449.4276	5449	4276	2
8342.2169	8342	2169	9999.0239	9999	239	5
6608.7864	6608	7864	6724.3543	6724	3543	3
8920.0308	8920	308	5321.8306	5321	8306	1
8133.2919	8133	2919	7267.4529	7267	4529	5
8619.6582	8619	6582	7208.6458	7208	6458	1
6980.566	6980	5660	9151.1425	9151	1425	3
6688.4382	6688	4382	9309.9035	9309	9035	1
7603.5583	7603	5583	7361.9682	7361	9682	2
7759.6158	7759	6158	5412.5916	5412	5916	4
8435.7705	8435	7705	7158.0492	7158	492	3
5913.379	5913	3790	5140.0824	5140	824	2
9330.1053	9330	1053	9365.8478	9365	8478	3
8228.6195	8228	6195	8831.7994	8831	7994	5
7554.077	7554	770	8650.5176	8650	5176	2
6763.9728	6763	9728	7042.0311	7042	311	5
6333.3334	6333	3334	9381.3654	9381	3654	5
6739.078	6739	780	6391.6001	6391	6001	3
8741.2481	8741	2481	5061.2737	5061	2737	4
9271.7985	9271	7985	7787.3064	7787	3064	3
5068.0962	5068	962	7710.1223	7710	1223	4
7230.1439	7230	1439	6213.1474	6213	1474	5
8143.9866	8143	9866	8142.4798	8142	4798	2
5473.8181	5473	8181	6571.2854	6571	2854	4
8400.0734	8400	734	6978.2269	6978	2269	4
5419.6368	5419	6368	8481.8544	8481	8544	5
5247.657	5247	6570	6393.9724	6393	9724	4
9267.0809	9267	809	9823.6006	9823	6006	5
8562.8345	8562	8345	5422.2847	5422	2847	3
9263.5993	9263	5993	7693.1055	7693	1055	3
6021.1307	6021	1307	9225.0453	9225	453	2
5123.2499	5123	2499	6634.3475	6634	3475	4
8368.8162	8368	8162	8454.1294	8454	1294	2
7629.5523	7629	5523	5948.0348	5948	348	5
9806.2807	9806	2807	7719.1782	7719	1782	5
7263.7434	7263	7434	6483.2175	6483	2175	3
7010.8457	7010	8457	8920.6806	8920	6806	2
7549.8467	7549	8467	6869.9559	6869	9559	2
9714.8168	9714	8168	5791.7562	5791	7562	3
9614.4041	9614	4041	7043.284	7043	2840	5
5307.0978	5307	978	7281.5475	7281	5475	3
8148.5873	8148	5873	8713.8055	8713	8055	2
6289.7831	6289	7831	7946.3664	7946	3664	1
5399.2031	5399	2031	7409.0305	7409	305	2
6376.842	6376	8420	7543.2401	7543	2401	1
8844.4953	8844	4953	6595.884	6595	8840	4
7163.8112	7163	8112	5213.0616	5213	616	3
8472.1755	8472	1755	6924.6056	6924	6056	2
6345.2086	6345	2086	8749.4842	8749	4842	1
5903.6945	5903	6945	5275.9705	5275	9705	1
7743.974	7743	9740	9711.912	9711	9120	2
7176.94	7176	9400	6458.2417	6458	2417	5
8896.4736	8896	4736	7251.1179	7251	1179	5
6648.9607	6648	9607	8616.027	8616	270	3
7649.7581	7649	7581	8030.1624	8030	1624	5
7296.5471	7296	5471	9229.3448	9229	3448	1
7067.2327	7067	2327	7096.8815	7096	8815	4
8659.0503	8659	503	9423.77	9423	7700	3
6562.2632	6562	2632	9814.5806	9814	5806	2
6391.0672	6391	672	7518.8014	7518	8014	1
8685.6497	8685	6497	7878.8755	7878	8755	5
7583.394	7583	3940	9039.6259	9039	6259	3
7277.3172	7277	3172	9153.1489	9153	1489	5
7052.4659	7052	4659	7094.0049	7094	49	3
5974.5815	5974	5815	5749.2959	5749	2959	4
7083.5979	7083	5979	6871.9623	6871	9623	1
5077.8445	5077	8445	8577.2224	8577	2224	5
7984.4273	7984	4273	9669.6117	9669	6117	5
5394.0799	5394	799	9503.9182	9503	9182	2
9791.6614	9791	6614	5131.6139	5131	6139	4
8360.8314	8360	8314	6711.8957	6711	8957	1
5701.1777	5701	1777	7546.1009	7546	1009	1
7939.2487	7939	2487	8844.4194	8844	4194	3
5412.2497	5412	2497	5419.2621	5419	2621	1
6863.016	6863	160	9955.1314	9955	1314	4
5077.0908	5077	908	6386.6595	6386	6595	3
9256.3803	9256	3803	7014.1462	7014	1462	5
9026.4624	9026	4624	5168.8282	5168	8282	1
8549.2663	8549	2663	9073.9003	9073	9003	2
stocks
5262.5262	529396	5262	1
