items_number
200
stocks_number
1
digit
2
items
91241.14	91241	14	83108.93	83108	93	1
77549.15	77549	15	67579.77	67579	77	1
72668.13	72668	13	90987.34	90987	34	1
79415.36	79415	36	72318.84	72318	84	5
99249.51	99249	51	97258.05	97258	5	4
79409.46	79409	46	71028.68	71028	68	5
80737.85	80737	85	82207.37	82207	37	1
58329.89	58329	89	93584.9	93584	90	5
73165.16	73165	16	88278.47	88278	47	2
95453.61	95453	61	72198.56	72198	56	3
66101.19	66101	19	50005.7	50005	70	1
52786.88	52786	88	79321.28	79321	28	4
85981.84	85981	84	90955.35	90955	35	3
80063.07	80063	7	76669.52	76669	52	3
99936.57	99936	57	52233.74	52233	74	1
94792.47	94792	47	82258.28	82258	28	5
66253.37	66253	37	64329.08	64329	8	1
76466.68	76466	68	86977.79	86977	79	1
65967.27	65967	27	76379.99	76379	99	5
81937	81937	0	55797.06	55797	6	4
86102.79	86102	79	72246.57	72246	57	1
72521.49	72521	49	76143.29	76143	29	3
92875.43	92875	43	95616.69	95616	69	5
75261.82	75261	82	52491.35	52491	35	5
65199.61	65199	61	81037.12	81037	12	5
77820.93	77820	93	82417.4	82417	40	3
68260.92	68260	92	69158.04	69158	4	1
55028.97	55028	97	64751.2	64751	20	5
70999.05	70999	5	52066.98	52066	98	3
79600.41	79600	41	86282.69	86282	69	2
85886.37	85886	37	91852.34	91852	34	3
71540.2	71540	20	94476.91	94476	91	5
66449.56	66449	56	53860.46	53860	46	2
58553.02	58553	2	82838.68	82838	68	5
50954.08	50954	8	66793.75	66793	75	4
65697.08	65697	8	51117.03	51117	3	1
97264.49	97264	49	63167.37	63167	37	5
81691.94	81691	94	99001.64	99001	64	4
83328.49	83328	49	54001.93	54001	93	5
79729.17	79729	17	60745.84	60745	84	3
77144.55	77144	55	80499.2	80499	20	3
58729.2	58729	20	63308.15	63308	15	2
91816.06	91816	6	99367.12	99367	12	1
72425.91	72425	91	71453.55	71453	55	3
88792.28	88792	28	89977.68	89977	68	1
91751.15	91751	15	51599.39	51599	39	1
67216.38	67216	38	63011.84	63011	84	2
64346.65	64346	65	54305.28	54305	28	2
77517.83	77517	83	88576.7	88576	70	3
92484.18	92484	18	98691.35	98691	35	1
55583.17	55583	17	69404.34	69404	34	2
63618.62	63618	62	70122.27	70122	27	5
65005.67	65005	67	74834.64	74834	64	4
57759.12	57759	12	65019.56	65019	56	2
98181.45	98181	45	81914.14	81914	14	4
80204.28	80204	28	55870.29	55870	29	5
85579.05	85579	5	56737.96	56737	96	4
66440.37	66440	37	60372.18	60372	18	1
94533.78	94533	78	79922.01	79922	1	2
65878.63	65878	63	58803.94	58803	94	3
96040.3	96040	30	96654.88	96654	88	3
80418.15	80418	15	71773.35	71773	35	4
87419.35	87419	35	53278.37	53278	37	5
71790.38	71790	38	50513.86	50513	86	1
98273.69	98273	69	63911.04	63911	4	3
88373.43	88373	43	79373.12	79373	12	5
87487.98	87487	98	60932.42	60932	42	3
95536.18	95536	18	86379.93	86379	93	4
70064.89	70064	89	87674.29	87674	29	1
70814.99	70814	99	74234.87	74234	87	4
75264.36	75264	36	97124.29	97124	29	1
56508.96	56508	96	77473.01	77473	1	3
79544.2	79544	20	87542.03	87542	3	3
67079.94	67079	94	96490.42	96490	42	3
88234.87	88234	87	98926.09	98926	9	2
77636.48	77636	48	86819.23	86819	23	3
68130.09	68130	9	98089.33	98089	33	5
55449.78	55449	78	71237.45	71237	45	4
51282.65	51282	65	50425.51	50425	51	1
95647.92	95647	92	95965.03	95965	3	2
57233.96	57233	96	69927.8	69927	80	1
56866.34	56866	34	69829.38	69829	38	3
68565.06	68565	6	75387.82	75387	82	1
81539.63	81539	63	54061.97	54061	97	1
73926.47	73926	47	94149.94	94149	94	1
66745.03	66745	3	66601.96	66601	96	2
61742.44	61742	44	59931.78	59931	78	1
59504.04	59504	4	50885.42	50885	42	1
92486.92	92486	92	76974.15	76974	15	4
56275.22	56275	22	99154.79	99154	79	2
84683.67	84683	67	68990.89	68990	89	3
97827.22	97827	22	82928.55	82928	55	1
95994.89	95994	89	70926.15	70926	15	2
72101.02	72101	2	81569.26	81569	26	4
69616.13	69616	13	83442.93	83442	93	4
53566.58	53566	58	84838.71	84838	71	1
69775.98	69775	98	60941.91	60941	91	4
66403.63	66403	63	53674.35	53674	35	3
99102.77	99102	77	71216.64	71216	64	5
99140.87	99140	87	57915.2	57915	20	4
87218.63	87218	63	77908.23	77908	23	2
83666.65	83666	65	77641.93	77641	93	2
64948.84	64948	84	85388.21	85388	21	3
76062.83	76062	83	65450.78	65450	78	4
60045.11	60045	11	74130.87	74130	87	5
53181.23	53181	23	93614.3	93614	30	5
62998.83	62998	83	52268.01	52268	1	3
78175.2	78175	20	81520.72	81520	72	1
58630.01	58630	1	64850.75	64850	75	5
64281	64281	0	52693.52	52693	52	1
73821.64	73821	64	86785.27	86785	27	3
75164.49	75164	49	94079.08	94079	8	5
80448.34	80448	34	81823.42	81823	42	3
51687.22	51687	22	71473.09	71473	9	5
56703.65	56703	65	98140.05	98140	5	3
54373.81	54373	81	75972.88	75972	88	5
68432.26	68432	26	88074.58	88074	58	3
77746.61	77746	61	67372.83	67372	83	3
73178.38	73178	38	86158.31	86158	31	5
60918.18	60918	18	65047.25	65047	25	2
93322.83	93322	83	66525.62	66525	62	1
57860.05	57860	5	64448.2	64448	20	4
58744.93	58744	93	97976.32	97976	32	4
89316.24	89316	24	87452.29	87452	29	2
89263.6	89263	60	96018.98	96018	98	3
87661.06	87661	6	90718.25	90718	25	4
92882.82	92882	82	81590.52	81590	52	2
59037.58	59037	58	66259.89	66259	89	1
54063.69	54063	69	53692.61	53692	61	2
51284.11	51284	11	62106.68	62106	68	3
67477.97	67477	97	74175.61	74175	61	1
91281.84	91281	84	81600.36	81600	36	3
94251.28	94251	28	89747.14	89747	14	5
82425.81	82425	81	68863.83	68863	83	3
76643.67	76643	67	56350.14	56350	14	3
54296.39	54296	39	73178.53	73178	53	1
85606.05	85606	5	62477.65	62477	65	4
98943.02	98943	2	67920.15	67920	15	5
91772.11	91772	11	54697.26	54697	26	1
53536.58	53536	58	86628.93	86628	93	3
72524.02	72524	2	79914.19	79914	19	5
74894.27	74894	27	50782.53	50782	53	5
78700.6	78700	60	80706.01	80706	1	5
52971.37	52971	37	71038.14	71038	14	4
76581.5	76581	50	72255.15	72255	15	2
85403.25	85403	25	78846.06	78846	6	4
66645.7	66645	70	56310.02	56310	2	3
95013.28	95013	28	60329.25	60329	25	4
63149.86	63149	86	96218.89	96218	89	1
99124.6	99124	60	92468.85	92468	85	4
65231.46	65231	46	84677.5	84677	50	2
56470.21	56470	21	72043.03	72043	3	3
66284.18	66284	18	56916.57	56916	57	3
83276.39	83276	39	91953.34	91953	34	1
55086.45	55086	45	68795.85	68795	85	1
55546.3	55546	30	62234.56	62234	56	5
70936.97	70936	97	91971.59	91971	59	1
57269.79	57269	79	50384.37	50384	37	4
73884.88	73884	88	78493.45	78493	45	5
75000.19	75000	19	95663.72	95663	72	2
58553.43	58553	43	71792.06	71792	6	2
91361.37	91361	37	61968.07	61968	7	5
75581.03	75581	3	86564.08	86564	8	4
52803.71	52803	71	70839.72	70839	72	3
83086.19	83086	19	80832.42	80832	42	4
61525.23	61525	23	52214.74	52214	74	1
66400.11	66400	11	53317.25	53317	25	5
68691.76	68691	76	52609.59	52609	59	5
60467.25	60467	25	79435.89	79435	89	3
58172.74	58172	74	58014.03	58014	3	2
72227.86	72227	86	89237.52	89237	52	2
82991.28	82991	28	59349.61	59349	61	4
83066.02	83066	2	68098.09	68098	9	4
50927.98	50927	98	69943.53	69943	53	3
95263.17	95263	17	80387.75	80387	75	5
68947.04	68947	4	90353.24	90353	24	5
95631.23	95631	23	58089.11	58089	11	1
61907.39	61907	39	95998.29	95998	29	4
63959.32	63959	32	59982.01	59982	1	5
68080.61	68080	61	63607.52	63607	52	3
70331.52	70331	52	88465.67	88465	67	3
88492.78	88492	78	94660.03	94660	3	2
83852.34	83852	34	85650.56	85650	56	5
86615.7	86615	70	54681.24	54681	24	5
71767.7	71767	70	86612.37	86612	37	4
98239.31	98239	31	54445.41	54445	41	2
51462	51462	0	66915.8	66915	80	4
52004.67	52004	67	87884.96	87884	96	4
55507.63	55507	63	54829.3	54829	30	1
75346.4	75346	40	54709.78	54709	78	5
77004.38	77004	38	83546.21	83546	21	1
73361.06	73361	6	85922.88	85922	88	4
76008.77	76008	77	66677.37	66677	37	1
61885.42	61885	42	79410.81	79410	81	1
76165.77	76165	77	66062.6	66062	60	3
68394.48	68394	48	56809.79	56809	79	1
73410.65	73410	65	81625.56	81625	56	4
92565.4	92565	40	69379.86	69379	86	4
87086.76	87086	76	59418.38	59418	38	5
83877.9	83877	90	61059.97	61059	97	1
stocks
50.5	4863606	50	1
