items_number
200
stocks_number
1
digit
2
items
9737.58	9737	58	6477.93	6477	93	2
5844.12	5844	12	8228.25	8228	25	2
9667.57	9667	57	6951.68	6951	68	2
8435.01	8435	1	5533.02	5533	2	5
6586.32	6586	32	6173.87	6173	87	2
5423.9	5423	90	5518.57	5518	57	4
7863.07	7863	7	6389.18	6389	18	1
9543.13	9543	13	7852.65	7852	65	2
9271.88	9271	88	6544.89	6544	89	1
5416.22	5416	22	8334.63	8334	63	3
5216.19	5216	19	9612.28	9612	28	5
7388.5	7388	50	9608.79	9608	79	2
9054.5	9054	50	6822.01	6822	1	4
5295.6	5295	60	6711.71	6711	71	2
5916.32	5916	32	9660.61	9660	61	5
6842	6842	0	9687.82	9687	82	5
9635.77	9635	77	9466.56	9466	56	2
5524.18	5524	18	7681.24	7681	24	1
6105.89	6105	89	7471.48	7471	48	5
9353.77	9353	77	5995.73	5995	73	4
7289.09	7289	9	7426.02	7426	2	5
5591.7	5591	70	5969.34	5969	34	2
8582.23	8582	23	8495.78	8495	78	2
6968.98	6968	98	7667.94	7667	94	5
7870.01	7870	1	9424.37	9424	37	5
6430.4	6430	40	6229.83	6229	83	1
9356.1	9356	10	6119.65	6119	65	2
9182.82	9182	82	6929.38	6929	38	4
9921.55	9921	55	6623.97	6623	97	2
9223.65	9223	65	6881.43	6881	43	5
9612.39	9612	39	9081.79	9081	79	2
5419.13	5419	13	8864.43	8864	43	3
5066.29	5066	29	5108.2	5108	20	2
9278.96	9278	96	6031	6031	0	3
9617.66	9617	66	9397.97	9397	97	4
7415.62	7415	62	7044.07	7044	7	5
5464.86	5464	86	7312.57	7312	57	4
7479.73	7479	73	5785.15	5785	15	5
7721.75	7721	75	5658.73	5658	73	2
5497.27	5497	27	8856.98	8856	98	4
8659.96	8659	96	9120.3	9120	30	2
8700.47	8700	47	6033.53	6033	53	3
7885.29	7885	29	8463.3	8463	30	5
8475.46	8475	46	6704.31	6704	31	2
8995.07	8995	7	7744.76	7744	76	4
8801.62	8801	62	8123.91	8123	91	1
5317.99	5317	99	6390.13	6390	13	2
9392.36	9392	36	7972.32	7972	32	2
9325.8	9325	80	6566.67	6566	67	2
7185.88	7185	88	8861.13	8861	13	3
8745.13	8745	13	9730.57	9730	57	3
7376.41	7376	41	8992.22	8992	22	3
7776.11	7776	11	5592.99	5592	99	5
7326.89	7326	89	8987.35	8987	35	4
5106.4	5106	40	6658.16	6658	16	2
5645.12	5645	12	5015.36	5015	36	1
8756.29	8756	29	5216.71	5216	71	1
9463.02	9463	2	7778.81	7778	81	5
5589.46	5589	46	7708.26	7708	26	1
8676.37	8676	37	7602.68	7602	68	3
8685.68	8685	68	5421.76	5421	76	4
5201.85	5201	85	7551.06	7551	6	4
9859.02	9859	2	6465.63	6465	63	2
9514.97	9514	97	5529.96	5529	96	2
5241.33	5241	33	9345.06	9345	6	3
9475.69	9475	69	5861.6	5861	60	1
7691.11	7691	11	8336.04	8336	4	2
6468.72	6468	72	6656.15	6656	15	1
7717.42	7717	42	6647.27	6647	27	5
6174.87	6174	87	8994.29	8994	29	5
6965.99	6965	99	5512.14	5512	14	1
6375.9	6375	90	6529.57	6529	57	3
9874.86	9874	86	5026.34	5026	34	2
5612.28	5612	28	8975.44	8975	44	3
9850.37	9850	37	8233.41	8233	41	4
9631.45	9631	45	8533.1	8533	10	5
9413.42	9413	42	7860.87	7860	87	3
5929.88	5929	88	5385.06	5385	6	2
9023.81	9023	81	7267.95	7267	95	4
9500.74	9500	74	9427.54	9427	54	1
8114.76	8114	76	9246.2	9246	20	2
8530.47	8530	47	6996.52	6996	52	1
7639.16	7639	16	9181.76	9181	76	3
5889.39	5889	39	5600.19	5600	19	3
5855.36	5855	36	5983.4	5983	40	1
7745.08	7745	8	5839.44	5839	44	1
7297.03	7297	3	6378.08	6378	8	3
5373.17	5373	17	6962.11	6962	11	1
7970.1	7970	10	9380.26	9380	26	5
8650.5	8650	50	9086.34	9086	34	5
9812.54	9812	54	9564.31	9564	31	3
7417.3	7417	30	9801.54	9801	54	1
8851.87	8851	87	7399.4	7399	40	3
9670.57	9670	57	6792.47	6792	47	2
6930.8	6930	80	6092.51	6092	51	2
9855.21	9855	21	6743.98	6743	98	5
9145.78	9145	78	7653.07	7653	7	2
5384.91	5384	91	9428.07	9428	7	5
6323.93	6323	93	8400.14	8400	14	3
6861.2	6861	20	5062.87	5062	87	3
7321.3	7321	30	9184.88	9184	88	4
9051.44	9051	44	8912.28	8912	28	3
8999.11	8999	11	7354.96	7354	96	5
7195.68	7195	68	9211.22	9211	22	5
9664.72	9664	72	8649.24	8649	24	5
8848	8848	0	5586.37	5586	37	5
7588.13	7588	13	7743.32	7743	32	2
9839.67	9839	67	7272.11	7272	11	3
5540.88	5540	88	5971.44	5971	44	4
7373.95	7373	95	5010.79	5010	79	2
5101.41	5101	41	7461.65	7461	65	5
8654.16	8654	16	5979.16	5979	16	5
5902.94	5902	94	7006.32	7006	32	2
8503.09	8503	9	6641.94	6641	94	3
5306.56	5306	56	6579.87	6579	87	2
6757.3	6757	30	8752.72	8752	72	2
6247.17	6247	17	7480.38	7480	38	3
7603.11	7603	11	7958.95	7958	95	1
7893.99	7893	99	6476.35	6476	35	4
9218.8	9218	80	7622.16	7622	16	5
7015.61	7015	61	7806.3	7806	30	2
7705.54	7705	54	6803.66	6803	66	2
6634.62	6634	62	7422.23	7422	23	5
6628.01	6628	1	5205.22	5205	22	4
7374.63	7374	63	8595.13	8595	13	3
9328.94	9328	94	9277.74	9277	74	1
6483.22	6483	22	6948.21	6948	21	5
7281.41	7281	41	7010.73	7010	73	1
5474.86	5474	86	9467.33	9467	33	1
8569.15	8569	15	6110.35	6110	35	4
9905.61	9905	61	7836.6	7836	60	3
7795.68	7795	68	8651.21	8651	21	4
8382.59	8382	59	5021.15	5021	15	2
8903.24	8903	24	5189.08	5189	8	4
5752.37	5752	37	8624.95	8624	95	1
8045.83	8045	83	9434.39	9434	39	3
8514.76	8514	76	5776.46	5776	46	3
8341.02	8341	2	6366.79	6366	79	4
8647.02	8647	2	7468.02	7468	2	2
9054.16	9054	16	7510.42	7510	42	3
5713.49	5713	49	7139.59	7139	59	5
9511.44	9511	44	9929.67	9929	67	2
8470.85	8470	85	9253.58	9253	58	2
7379.43	7379	43	9909.43	9909	43	3
8013.53	8013	53	6569.13	6569	13	4
8776.93	8776	93	5831.45	5831	45	5
9136.25	9136	25	8660.67	8660	67	4
5022.23	5022	23	9050.04	9050	4	3
7142.04	7142	4	9552.41	9552	41	2
7792.25	7792	25	5136.02	5136	2	2
5002.55	5002	55	7434.72	7434	72	2
9157.66	9157	66	7358.23	7358	23	3
5496.31	5496	31	7702.2	7702	20	5
6637.17	6637	17	9857.95	9857	95	1
5785.67	5785	67	8326.97	8326	97	3
8633.94	8633	94	6296.86	6296	86	4
6727.12	6727	12	9896.21	9896	21	4
8031.41	8031	41	5273.18	5273	18	5
5914.35	5914	35	9069.59	9069	59	1
7201.5	7201	50	5125.54	5125	54	4
6599.08	6599	8	6384.05	6384	5	3
5818.48	5818	48	6904.71	6904	71	3
5758.7	5758	70	8776.27	8776	27	4
5743.19	5743	19	7168.2	7168	20	1
5484.73	5484	73	7094.79	7094	79	1
6511.59	6511	59	7399.74	7399	74	1
9552.54	9552	54	7364.11	7364	11	4
8998.01	8998	1	8633.77	8633	77	1
5614.62	5614	62	9528.54	9528	54	4
8198.57	8198	57	9832.13	9832	13	5
8814.18	8814	18	6905.19	6905	19	3
7090.63	7090	63	6667.65	6667	65	5
8471.01	8471	1	9760.33	9760	33	1
7283.55	7283	55	6157.77	6157	77	2
9469.07	9469	7	6575.08	6575	8	2
6483.06	6483	6	6329.98	6329	98	1
6059.48	6059	48	7752.75	7752	75	3
9368.84	9368	84	5997.75	5997	75	2
6505.29	6505	29	6141.02	6141	2	4
8201.52	8201	52	7303.68	7303	68	2
7159.61	7159	61	6896.77	6896	77	1
7271.36	7271	36	8575.75	8575	75	5
8120.7	8120	70	5423.91	5423	91	4
7655.92	7655	92	9598.49	9598	49	5
8908.06	8908	6	9194.22	9194	22	3
8905.89	8905	89	8749.88	8749	88	4
6287.86	6287	86	6656.35	6656	35	1
6397.18	6397	18	9853.44	9853	44	1
7698.82	7698	82	9786.59	9786	59	5
7201.21	7201	21	5725.94	5725	94	1
9361.2	9361	20	9978.98	9978	98	1
5059.9	5059	90	6932.64	6932	64	4
8783.7	8783	70	8392.17	8392	17	1
5118.42	5118	42	9516.78	9516	78	4
5803.09	5803	9	9100.37	9100	37	5
5029.95	5029	95	6248.49	6248	49	1
6629.54	6629	54	7677.52	7677	52	2
5354.64	5354	64	7227	7227	0	5
9790.96	9790	96	5643.26	5643	26	3
8006.16	8006	16	7967.58	7967	58	2
stocks
7321.3	7321	30	1
