items_number
200
stocks_number
1
digit
6
items
75659.42616	75659	426165	72386.72412	72386	724119	2
98611.86242	98611	862416	79649.82716	79649	827160	3
58780.75025	58780	750254	65028.49539	65028	495390	2
80798.4814	80798	481397	73569.29895	73569	298947	3
90305.53895	90305	538954	86604.4306	86604	430604	4
67239.12651	67239	126510	60663.35025	60663	350251	5
67643.24776	67643	247757	88235.63781	88235	637808	3
56781.4996	56781	499599	98132.94513	98132	945128	1
88880.15859	88880	158590	69552.30812	69552	308116	1
70635.20107	70635	201069	81054.71151	81054	711509	3
65272.63075	65272	630751	68894.48678	68894	486783	5
63649.36607	63649	366070	80183.81432	80183	814316	3
51684.42486	51684	424864	89687.15087	89687	150871	2
74779.28105	74779	281052	59015.95279	59015	952788	1
87629.11833	87629	118325	99730.91049	99730	910494	3
94697.03739	94697	37392	65291.24477	65291	244773	4
92486.58322	92486	583223	92297.91078	92297	910783	4
96819.22243	96819	222428	70202.56555	70202	565548	3
93412.99172	93412	991719	83369.60459	83369	604592	3
81947.51683	81947	516833	88281.04356	88281	43559	2
85471.9675	85471	967501	64943.86257	64943	862566	5
69281.51961	69281	519606	81123.28916	81123	289156	5
50969.76522	50969	765221	97933.2363	97933	236300	4
59973.88002	59973	880017	85380.02014	85380	20142	3
71128.4847	71128	484696	87373.851	87373	851004	2
63684.42913	63684	429128	57052.43417	57052	434174	1
96184.34683	96184	346827	62404.85048	62404	850478	2
99159.52917	99159	529168	89633.14712	89633	147124	2
82585.72971	82585	729707	85184.19261	85184	192614	5
82966.57835	82966	578354	89891.492	89891	491998	5
96705.25488	96705	254884	74080.04548	74080	45483	1
67545.15587	67545	155872	66870.91673	66870	916733	1
90877.44077	90877	440770	69539.31916	69539	319158	2
64785.52149	64785	521490	89108.05722	89108	57225	4
98343.15362	98343	153621	99741.73203	99741	732033	1
81182.49608	81182	496076	56143.74976	56143	749763	1
91325.648	91325	648000	59071.40748	59071	407477	5
75286.40138	75286	401378	87975.36984	87975	369841	3
87963.51203	87963	512028	63575.21124	63575	211243	3
80204.80659	80204	806591	78623.23195	78623	231945	5
95921.1188	95921	118800	78330.08135	78330	81350	2
62535.14278	62535	142779	82470.69803	82470	698026	5
93854.68901	93854	689013	58805.56261	58805	562613	4
56906.54366	56906	543664	68016.23222	68016	232221	3
87314.94018	87314	940183	50785.16717	50785	167166	5
90783.32369	90783	323691	67836.47311	67836	473108	1
60903.09741	60903	97408	92608.99335	92608	993346	1
89100.03976	89100	39758	52383.5943	52383	594302	3
87601.54612	87601	546119	97339.55501	97339	555008	5
63616.08913	63616	89128	75976.11429	75976	114291	1
80347.07294	80347	72943	90664.63786	90664	637861	4
73072.51362	73072	513620	62281.41757	62281	417574	2
92198.12509	92198	125086	66400.40345	66400	403447	2
81317.83816	81317	838164	88597.87416	88597	874161	5
92346.90999	92346	909989	97661.95407	97661	954068	1
63325.60978	63325	609782	53772.7708	53772	770803	1
95001.26729	95001	267292	95649.30833	95649	308335	5
88530.25682	88530	256816	69365.3209	69365	320899	2
62483.6553	62483	655302	52705.91793	52705	917927	2
86887.997	86887	997000	90134.50095	90134	500950	4
80796.83517	80796	835171	59255.8129	59255	812897	2
68488.42654	68488	426538	76785.96341	76785	963410	4
54431.66922	54431	669224	57003.93403	57003	934035	2
71673.79229	71673	792293	88096.64841	88096	648407	5
92574.94803	92574	948028	75194.53699	75194	536988	2
52773.3392	52773	339198	66044.66607	66044	666068	2
52854.80472	52854	804722	53539.91452	53539	914522	2
83899.59603	83899	596029	84265.94446	84265	944465	1
87360.74058	87360	740576	54019.55226	54019	552261	1
50117.31675	50117	316750	67114.12577	67114	125765	5
64102.91897	64102	918972	62888.69276	62888	692762	2
92581.37573	92581	375728	82349.63361	82349	633612	2
62652.97588	62652	975881	58884.34014	58884	340144	4
57955.12434	57955	124337	80994.25537	80994	255375	5
58787.43574	58787	435744	59665.38219	59665	382185	4
59266.91606	59266	916064	59670.02366	59670	23662	5
98739.44803	98739	448028	98830.24484	98830	244835	2
69691.53315	69691	533153	52272.89188	52272	891884	1
57666.47217	57666	472174	62053.61796	62053	617964	2
86339.5105	86339	510499	96168.79984	96168	799843	1
83307.62228	83307	622281	87550.00618	87550	6175	1
88014.54512	88014	545117	62017.25583	62017	255825	2
68711.54047	68711	540471	58448.73377	58448	733769	4
84805.74737	84805	747367	53949.92597	53949	925974	3
69330.38328	69330	383281	50613.12999	50613	129986	1
70358.45046	70358	450460	65409.20419	65409	204190	4
98130.8735	98130	873501	57721.69678	57721	696777	5
73631.65057	73631	650574	55563.95467	55563	954674	5
58887.70728	58887	707277	84775.52509	84775	525089	3
69913.04516	69913	45156	60426.6147	60426	614704	1
60517.16393	60517	163926	95697.97198	95697	971976	1
98984.0588	98984	58800	53330.85434	53330	854338	4
88401.47169	88401	471694	96513.09447	96513	94467	1
74249.3495	74249	349502	62000.42236	62000	422363	2
70656.36744	70656	367445	91426.50275	91426	502745	5
80974.41972	80974	419723	81007.63145	81007	631455	2
86323.6887	86323	688700	78045.60478	78045	604784	5
73510.68852	73510	688519	94965.93362	94965	933620	2
64872.01575	64872	15752	65271.09227	65271	92272	4
73682.94563	73682	945629	91365.15704	91365	157045	5
82928.00527	82928	5269	71380.05939	71380	59385	3
88276.45108	88276	451076	87460.30139	87460	301386	5
75564.32136	75564	321357	73713.79066	73713	790657	1
54880.4975	54880	497502	80264.91588	80264	915881	3
96231.57541	96231	575413	68454.07311	68454	73113	4
84351.7571	84351	757102	83378.68919	83378	689195	4
64146.41357	64146	413566	99235.93954	99235	939544	2
54269.53979	54269	539794	67283.31795	67283	317949	5
54041.29025	54041	290255	94951.58108	94951	581079	4
71813.40209	71813	402092	70588.55751	70588	557508	5
99910.05029	99910	50293	63451.63414	63451	634144	2
96649.42889	96649	428888	82500.58725	82500	587254	2
69127.94721	69127	947209	82606.32969	82606	329686	1
77921.59077	77921	590765	81200.88427	81200	884266	1
81453.69261	81453	692607	86449.02958	86449	29580	1
88457.33049	88457	330491	92520.97602	92520	976024	4
98279.55758	98279	557577	55910.08846	55910	88456	4
88883.08246	88883	82460	53470.72636	53470	726357	5
71388.49742	71388	497417	98083.9307	98083	930698	5
66466.26485	66466	264854	99986.61355	99986	613545	1
58795.12762	58795	127616	73198.85741	73198	857413	5
91207.66134	91207	661343	53079.41903	53079	419026	5
65450.84001	65450	840006	53315.98424	53315	984235	1
56496.59931	56496	599311	69710.46823	69710	468232	2
65455.01084	65455	10845	74381.84139	74381	841390	3
86106.7238	86106	723804	54042.48698	54042	486980	3
87471.01903	87471	19034	50716.61604	50716	616039	3
51778.2159	51778	215898	61726.44617	61726	446174	2
68917.41232	68917	412323	58307.93695	58307	936952	4
61643.55114	61643	551138	75288.22466	75288	224663	3
84761.16153	84761	161527	53090.60322	53090	603219	1
51844.41759	51844	417593	79687.99634	79687	996338	3
59219.51857	59219	518566	62748.52605	62748	526049	2
60324.48288	60324	482884	86104.91023	86104	910229	1
56725.43145	56725	431447	69252.42857	69252	428571	2
64751.61033	64751	610331	81202.59916	81202	599163	2
94676.75634	94676	756338	78782.11578	78782	115776	1
80172.84501	80172	845014	77787.36812	77787	368115	5
69020.15013	69020	150125	98485.43346	98485	433464	1
58017.56294	58017	562945	73732.69686	73732	696855	5
61285.76346	61285	763458	57676.44198	57676	441976	4
78230.71677	78230	716771	71236.58396	71236	583960	2
63967.99183	63967	991833	56232.80046	56232	800461	3
80412.71067	80412	710668	90282.77166	90282	771662	1
56151.82389	56151	823888	61737.46823	61737	468226	2
54720.20079	54720	200792	51981.83004	51981	830041	3
78169.04116	78169	41159	92102.26404	92102	264038	4
54429.38146	54429	381465	67647.55668	67647	556682	3
93604.28325	93604	283253	55452.07275	55452	72750	2
99558.53858	99558	538576	90185.71109	90185	711089	1
70896.16267	70896	162672	67632.68658	67632	686579	5
61699.92722	61699	927221	78650.93016	78650	930163	3
90764.71627	90764	716271	52564.13011	52564	130115	5
86346.51903	86346	519030	80248.67081	80248	670814	1
68196.52653	68196	526532	57660.3984	57660	398396	4
65519.24347	65519	243468	76945.48786	76945	487857	3
81752.24283	81752	242834	93591.67415	93591	674147	5
64967.06192	64967	61918	67677.01444	67677	14435	3
76598.45937	76598	459366	88671.93403	88671	934031	4
50668.65516	50668	655158	51898.6111	51898	611099	5
85911.12941	85911	129408	92965.2391	92965	239099	5
61359.62089	61359	620893	51061.0536	51061	53603	2
61814.5891	61814	589103	90886.12379	90886	123789	2
95131.64797	95131	647974	55712.2815	55712	281500	1
80984.62013	80984	620130	87165.48018	87165	480184	4
77840.02055	77840	20550	69438.55236	69438	552361	5
59881.25831	59881	258306	96215.39701	96215	397015	2
84960.37647	84960	376468	65946.11231	65946	112312	5
58011.38192	58011	381916	97226.43683	97226	436828	4
88202.92478	88202	924783	54000.34683	54000	346831	4
92978.93941	92978	939414	98980.80917	98980	809167	1
69297.14537	69297	145375	54901.39516	54901	395156	4
66432.64155	66432	641554	75236.93079	75236	930792	2
66245.4476	66245	447599	55211.12598	55211	125980	3
59009.85604	59009	856043	54483.68317	54483	683170	4
81884.46544	81884	465442	86973.39902	86973	399018	1
70965.64839	70965	648392	57192.47237	57192	472373	5
87179.41355	87179	413554	55885.94721	55885	947209	5
95614.36326	95614	363260	63920.47205	63920	472053	3
73869.448	73869	447997	71945.54512	71945	545123	3
96037.46848	96037	468482	55370.6583	55370	658298	2
66509.52593	66509	525932	81552.67498	81552	674984	4
85569.37522	85569	375218	59895.47529	59895	475286	5
96101.70111	96101	701105	57935.78841	57935	788413	1
62155.04496	62155	44962	71101.3458	71101	345799	1
53764.4181	53764	418103	67555.39003	67555	390034	5
61619.94457	61619	944573	94181.79262	94181	792623	5
53208.2878	53208	287797	64691.5363	64691	536298	5
78032.48002	78032	480021	85232.92082	85232	920822	2
88218.92029	88218	920292	92153.24301	92153	243006	4
53876.45931	53876	459307	75890.66375	75890	663749	4
63942.60943	63942	609430	87498.67627	87498	676273	1
58877.05754	58877	57537	93214.29661	93214	296609	2
65690.04841	65690	48410	66776.30389	66776	303891	2
59072.77376	59072	773756	93210.95777	93210	957773	3
99162.67767	99162	677667	80379.29315	80379	293145	5
93530.58531	93530	585312	95515.3726	95515	372604	1
78254.03206	78254	32062	98726.87114	98726	871141	1
84122.05414	84122	54136	55625.40546	55625	405457	4
60842.96723	60842	967229	92740.80943	92740	809432	4
stocks
368122.3681	4844718	368122	1
