items_number
200
stocks_number
1
digit
6
items
538627.0145	538627	14474	645293.1517	645293	151682	4
967519.973	967519	973025	700998.7746	700998	774618	4
893027.4485	893027	448521	702996.6326	702996	632631	5
861760.41	861760	410025	601142.0208	601142	20808	2
943366.9116	943366	911596	500916.3717	500916	371750	4
724784.0647	724784	64733	819229.929	819229	929015	5
686403.9733	686403	973318	790670.7235	790670	723496	5
835786.906	835786	906004	654363.7572	654363	757184	4
665206.4241	665206	424139	724713.1987	724713	198652	4
917209.5059	917209	505925	979394.7938	979394	793782	4
806516.8944	806516	894360	545364.3412	545364	341154	1
548941.1328	548941	132793	854690.79	854690	789976	1
622140.2951	622140	295133	884819.8977	884819	897662	2
959466.7456	959466	745610	917608.1793	917608	179269	5
728374.4068	728374	406799	905720.5654	905720	565353	4
858026.3627	858026	362736	640573.7652	640573	765183	2
756759.2362	756759	236180	668665.4012	668665	401192	5
852621.2363	852621	236347	873802.19	873802	190041	3
893114.5208	893114	520843	621316.6232	621316	623185	4
854545.264	854545	263998	861491.9416	861491	941569	1
990913.6949	990913	694934	643022.6149	643022	614915	4
776573.9534	776573	953355	563968.5676	563968	567599	2
729146.5442	729146	544153	638799.8627	638799	862662	3
534213.9022	534213	902198	856515.2272	856515	227194	5
768970.5367	768970	536737	998791.3689	998791	368873	4
841743.1017	841743	101748	761184.1587	761184	158666	3
627361.0277	627361	27706	754656.0378	754656	37785	5
880360.7821	880360	782069	506151.1683	506151	168329	5
595046.9832	595046	983206	508656.5726	508656	572621	2
740322.2722	740322	272227	678991.8591	678991	859060	4
890690.1861	890690	186079	561095.1262	561095	126247	5
633673.514	633673	514032	653949.2407	653949	240655	2
707841.2453	707841	245252	900637.15	900637	150031	4
783716.6346	783716	634601	784739.2752	784739	275231	4
995434.4404	995434	440410	755091.2615	755091	261464	3
671853.1568	671853	156848	922200.5218	922200	521781	2
529147.2157	529147	215686	603967.2042	603967	204246	5
702483.4137	702483	413728	566408.5013	566408	501312	4
507638.5792	507638	579205	576562.279	576562	278965	5
715000.6398	715000	639825	849327.9193	849327	919250	3
619691.9197	619691	919653	566448.2951	566448	295095	4
814154.9899	814154	989917	642573.1365	642573	136471	1
763941.289	763941	288970	724663.7092	724663	709227	4
762478.2148	762478	214787	971914.7091	971914	709109	5
794267.7355	794267	735527	580827.3157	580827	315740	5
512961.2121	512961	212121	630383.7909	630383	790932	4
641150.0939	641150	93875	633133.4743	633133	474292	3
551025.4881	551025	488059	770139.7169	770139	716932	2
865582.4485	865582	448469	504184.4973	504184	497326	1
534264.6147	534264	614719	754449.6138	754449	613830	2
905570.7521	905570	752057	631629.6585	631629	658501	4
856494.6598	856494	659755	667853.1122	667853	112241	2
810837.0844	810837	84426	839065.1814	839065	181429	3
655363.8126	655363	812562	770428.0375	770428	37515	4
911355.562	911355	561953	524367.3394	524367	339436	1
600453.1375	600453	137515	837855.5503	837855	550302	3
997106.4307	997106	430663	552259.7125	552259	712534	1
538715.106	538715	106011	799670.3772	799670	377221	2
501459.9196	501459	919585	844007.235	844007	234984	3
592151.4139	592151	413869	581562.2852	581562	285155	4
779037.3782	779037	378238	978662.7526	978662	752633	5
892149.1057	892149	105664	925749.8776	925749	877583	4
725825.4443	725825	444254	756159.0422	756159	42163	5
986878.1398	986878	139842	899945.9027	899945	902664	3
696512.2566	696512	256617	710487.1528	710487	152814	4
741905.8847	741905	884664	511249.82	511249	819979	4
679378.2967	679378	296691	822144.9408	822144	940797	1
725659.4723	725659	472303	835101.8734	835101	873413	4
944388.8147	944388	814744	598304.3213	598304	321291	4
687016.3922	687016	392248	919353.7361	919353	736115	1
940659.6285	940659	628481	705074.7927	705074	792663	3
584726.7344	584726	734397	685399.1327	685399	132738	3
521817.3822	521817	382165	561925.8726	561925	872586	3
725247.4338	725247	433803	929738.0182	929738	18242	3
847204.4655	847204	465536	657312.8418	657312	841847	4
816084.634	816084	634044	663399.1883	663399	188327	4
738208.6459	738208	645925	560120.8092	560120	809175	1
988355.5594	988355	559412	811092.8325	811092	832492	2
867109.1221	867109	122103	933538.4216	933538	421611	2
624437.6107	624437	610746	584951.8229	584951	822853	4
543265.6905	543265	690483	586188.4463	586188	446322	5
793325.3905	793325	390512	585814.0801	585814	80113	3
980931.2705	980931	270501	752805.9351	752805	935094	2
874749.2913	874749	291261	925253.1441	925253	144103	2
948688.2031	948688	203075	876889.634	876889	633980	1
892285.8325	892285	832454	797819.7909	797819	790882	2
975203.4288	975203	428776	763107.2108	763107	210758	1
966441.1501	966441	150090	929148.3465	929148	346514	3
951647.4548	951647	454817	597489.1681	597489	168103	5
976662.8647	976662	864713	627760.9621	627760	962094	3
558591.0803	558591	80311	510710.148	510710	148022	4
730684.8331	730684	833055	576150.4371	576150	437089	4
889458.4867	889458	486730	553509.8397	553509	839677	3
805063.5246	805063	524565	766869.7065	766869	706537	3
738208.9729	738208	972897	996742.8561	996742	856105	1
585969.7433	585969	743347	784643.5088	784643	508844	2
546967.9256	546967	925581	798765.5265	798765	526516	4
917586.7859	917586	785940	818885.7969	818885	796903	1
832275.732	832275	732003	640391.3823	640391	382257	2
512002.7403	512002	740325	917717.8478	917717	847807	4
625249.1782	625249	178188	738237.0494	738237	49370	3
793580.3605	793580	360484	866112.6913	866112	691272	1
596728.4747	596728	474723	603115.9805	603115	980546	1
647066.0767	647066	76705	820809.4383	820809	438308	2
518826.3106	518826	310639	795849.7095	795849	709515	4
964579.4566	964579	456611	781075.3387	781075	338745	5
983797.2271	983797	227101	984208.6266	984208	626635	3
777682.9566	777682	956564	876616.035	876616	35042	1
973580.016	973580	16023	612813.1712	612813	171237	3
871552.3492	871552	349204	917745.5646	917745	564599	1
902119.5673	902119	567310	961568.8579	961568	857895	1
516844.7065	516844	706506	699001.1339	699001	133911	2
685523.2561	685523	256069	503558.1611	503558	161064	3
903696.3542	903696	354163	714372.3093	714372	309341	2
891594.9978	891594	997767	624253.278	624253	278015	5
654858.9755	654858	975496	880448.795	880448	795044	5
816628.703	816628	702969	532837.1002	532837	100224	5
887443.9429	887443	942896	908008.0051	908008	5125	5
621298.1256	621298	125586	830242.6579	830242	657911	5
768274.1578	768274	157786	630326.7847	630326	784679	4
884751.8076	884751	807609	535767.9672	535767	967219	5
679889.2059	679889	205897	861599.3223	861599	322285	3
519604.9908	519604	990841	727123.2218	727123	221768	4
774208.8107	774208	810691	609923.3232	609923	323248	2
505599.2468	505599	246815	628467.0288	628467	28822	2
778460.9637	778460	963739	723864.0779	723864	77874	4
880824.554	880824	554039	915214.8321	915214	832092	5
573213.1724	573213	172396	947880.5553	947880	555338	5
696045.7497	696045	749679	542748.3911	542748	391129	2
713098.286	713098	286042	576251.7307	576251	730701	3
585215.4291	585215	429074	886243.9195	886243	919497	4
841941.4442	841941	444220	801632.4405	801632	440499	1
506678.1629	506678	162878	942363.422	942363	421974	4
681943.9038	681943	903797	510004.9	510004	900043	1
509653.0373	509653	37277	622440.8788	622440	878807	3
546151.4735	546151	473517	758859.6478	758859	647841	2
667169.3604	667169	360408	811726.2388	811726	238789	2
993450.2644	993450	264379	627294.0218	627294	21795	2
823833.9464	823833	946434	635474.6829	635474	682883	2
640748.8928	640748	892784	924540.9264	924540	926378	4
885648.1299	885648	129935	545039.1027	545039	102746	2
725951.0301	725951	30096	597041.0571	597041	57130	5
657593.1156	657593	115642	623540.0603	623540	60290	5
571171.9024	571171	902356	569244.2638	569244	263810	2
650294.3843	650294	384260	832060.3665	832060	366471	1
569833.6298	569833	629762	768441.8547	768441	854657	4
726029.8779	726029	877852	970339.5752	970339	575206	3
966922.0872	966922	87229	864898.4667	864898	466695	3
957276.5727	957276	572658	697095.8598	697095	859782	1
847327.0034	847327	3438	821228.7495	821228	749469	2
755842.245	755842	245016	515870.2514	515870	251375	1
862673.8966	862673	896619	753509.3434	753509	343353	5
547862.7257	547862	725688	682826.0718	682826	71754	4
775447.7522	775447	752209	763641.9895	763641	989495	2
636881.2237	636881	223663	863433.183	863433	182953	3
553461.4889	553461	488855	831941.6169	831941	616928	3
553906.7159	553906	715948	987505.0674	987505	67369	5
517704.7777	517704	777702	799293.5314	799293	531398	3
626675.6613	626675	661251	779820.6886	779820	688618	2
770598.982	770598	981980	550900.9748	550900	974850	3
751450.5801	751450	580096	896191.2621	896191	262099	2
711890.6067	711890	606677	686709.6081	686709	608116	2
633186.9426	633186	942552	873179.9317	873179	931701	4
758128.2593	758128	259326	838553.2004	838553	200425	5
914481.0268	914481	26826	696713.0245	696713	24511	5
642839.9798	642839	979829	995620.8105	995620	810509	1
804279.7328	804279	732843	597411.3646	597411	364618	3
602296.3872	602296	387235	508439.7797	508439	779652	1
656936.7606	656936	760560	622913.3487	622913	348656	4
648759.1956	648759	195629	753533.5639	753533	563853	5
743044.7964	743044	796371	932979.706	932979	706031	5
542583.4068	542583	406848	688599.4514	688599	451402	5
895357.2257	895357	225726	850574.621	850574	620983	1
921284.912	921284	912013	577165.7663	577165	766321	1
613754.3092	613754	309204	778491.2316	778491	231564	3
545650.1263	545650	126338	682634.9875	682634	987455	1
991117.0581	991117	58127	866253.621	866253	620978	2
839783.1871	839783	187057	769476.8068	769476	806770	1
512571.2136	512571	213567	568178.9705	568178	970502	3
969039.1471	969039	147137	563347.9971	563347	997112	4
707756.7068	707756	706847	590703.5562	590703	556240	4
789061.9749	789061	974935	584048.7382	584048	738229	1
831712.0438	831712	43757	837504.8568	837504	856817	3
755619.9489	755619	948887	773530.1443	773530	144346	5
564507.7271	564507	727145	847689.7277	847689	727725	4
989240.2674	989240	267420	721583.0398	721583	39770	2
809080.4377	809080	437742	605470.7613	605470	761275	2
639060.9594	639060	959445	855841.7951	855841	795094	3
527590.5615	527590	561474	520875.5712	520875	571168	4
956402.6153	956402	615346	905937.4499	905937	449893	5
930305.9414	930305	941425	927388.2863	927388	286297	1
779040.6579	779040	657922	917066.3496	917066	349620	1
688939.222	688939	222023	592645.5744	592645	574361	4
563490.884	563490	883977	800566.218	800566	217998	4
537167.9172	537167	917248	776265.0664	776265	66397	2
624066.2488	624066	248850	810005.5989	810005	598873	3
726977.3802	726977	380159	796185.5449	796185	544859	1
862094.1664	862094	166443	894324.431	894324	431016	5
726362.1524	726362	152437	818444.3785	818444	378525	3
883913.1407	883913	140719	939746.8935	939746	893515	4
stocks
912946.9129	48186450	912946	1
