items_number
200
stocks_number
1
digit
6
items
8886.713439	8886	713439	8300.702766	8300	702766	1
7963.508877	7963	508877	6092.63096	6092	630960	2
5661.609363	5661	609363	8047.688084	8047	688084	4
6801.406027	6801	406027	7636.186059	7636	186059	3
9691.151401	9691	151401	7200.46285	7200	462850	4
5037.595226	5037	595226	7938.458197	7938	458197	3
9424.025648	9424	25648	8129.622072	8129	622072	5
6481.146939	6481	146939	7220.435085	7220	435085	2
5885.431178	5885	431178	9892.31919	9892	319190	3
9732.199396	9732	199396	6976.492216	6976	492216	1
5345.732485	5345	732485	9900.454817	9900	454817	1
7278.373667	7278	373667	9078.560335	9078	560335	3
5845.716783	5845	716783	7546.612846	7546	612846	1
9951.157313	9951	157313	7533.023752	7533	23752	1
9740.849653	9740	849653	7846.870344	7846	870344	5
9645.564099	9645	564099	6196.734273	6196	734273	3
7706.606857	7706	606857	9889.033501	9889	33501	2
9546.134282	9546	134282	8908.107114	8908	107114	1
7620.150028	7620	150028	7346.222639	7346	222639	3
8257.674008	8257	674008	7231.662293	7231	662293	3
5556.588255	5556	588255	7475.994926	7475	994926	1
9636.36439	9636	364390	6996.234637	6996	234637	3
8708.732965	8708	732965	7274.500961	7274	500961	5
5561.292326	5561	292326	7336.637602	7336	637602	2
6211.401232	6211	401232	7547.797563	7547	797563	4
7108.33869	7108	338690	8663.514566	8663	514566	2
9249.207741	9249	207741	9336.550484	9336	550484	1
8492.988028	8492	988028	6281.227794	6281	227794	1
6309.587063	6309	587063	7216.100198	7216	100198	1
5028.905875	5028	905875	6721.104254	6721	104254	2
7459.123075	7459	123075	7026.983897	7026	983897	5
5958.816854	5958	816854	5516.319317	5516	319317	1
7991.931105	7991	931105	8576.735214	8576	735214	3
8883.732439	8883	732439	5073.188333	5073	188333	3
8522.739233	8522	739233	8915.505376	8915	505376	4
8445.598858	8445	598858	6538.198064	6538	198064	2
9684.844017	9684	844017	8774.64653	8774	646530	3
7945.764882	7945	764882	7807.6438	7807	643800	3
9926.262149	9926	262149	8759.149501	8759	149501	3
5568.275195	5568	275195	8665.482072	8665	482072	2
8439.48063	8439	480630	5545.136017	5545	136017	5
6033.994635	6033	994635	9421.604318	9421	604318	5
8610.648862	8610	648862	8506.042407	8506	42407	4
9284.197413	9284	197413	8091.265215	8091	265215	2
6747.6683	6747	668300	6953.628071	6953	628071	1
8349.014868	8349	14868	7114.429103	7114	429103	1
8928.277864	8928	277864	5049.999488	5049	999488	4
9453.791509	9453	791509	6842.177924	6842	177924	4
8657.665502	8657	665502	6022.052569	6022	52569	3
7310.944244	7310	944244	8158.73848	8158	738480	3
8472.465518	8472	465518	9073.840218	9073	840218	2
9976.253757	9976	253757	8497.047495	8497	47495	4
6945.308634	6945	308634	5917.489469	5917	489469	5
7180.198483	7180	198483	6346.857531	6346	857531	3
5536.062435	5536	62435	5832.685097	5832	685097	2
8919.226219	8919	226219	8464.287032	8464	287032	4
9288.537173	9288	537173	5009.888449	5009	888449	4
9785.786529	9785	786529	5931.235582	5931	235582	4
7411.730599	7411	730599	5507.031178	5507	31178	1
6359.640588	6359	640588	7225.988648	7225	988648	5
9813.208756	9813	208756	8415.339836	8415	339836	1
5632.370026	5632	370026	7533.015075	7533	15075	1
8080.457442	8080	457442	8504.824317	8504	824317	2
8567.139861	8567	139861	6990.591402	6990	591402	3
5277.102465	5277	102465	8369.203408	8369	203408	5
6602.713028	6602	713028	8182.846045	8182	846045	5
7011.255071	7011	255071	8529.305818	8529	305818	4
9961.462835	9961	462835	7142.36629	7142	366290	4
9547.47791	9547	477910	6751.489845	6751	489845	4
7699.517221	7699	517221	8050.45532	8050	455320	3
6292.73803	6292	738030	6570.848362	6570	848362	1
8749.474892	8749	474892	7296.142214	7296	142214	3
9495.511856	9495	511856	7470.059638	7470	59638	3
9902.903245	9902	903245	5075.407121	5075	407121	1
8795.672305	8795	672305	6149.407429	6149	407429	4
6241.696508	6241	696508	9424.204061	9424	204061	5
9013.918113	9013	918113	7952.836225	7952	836225	3
7723.950169	7723	950169	6198.92327	6198	923270	4
5694.488017	5694	488017	7028.898338	7028	898338	3
8432.583615	8432	583615	8974.888794	8974	888794	1
5795.894413	5795	894413	9356.66175	9356	661750	1
9929.469887	9929	469887	6100.738556	6100	738556	1
8407.353724	8407	353724	7471.93629	7471	936290	1
7741.719399	7741	719399	6035.151219	6035	151219	3
7871.66837	7871	668370	8210.112439	8210	112439	3
8943.932512	8943	932512	9066.137739	9066	137739	2
7422.46197	7422	461970	5261.954604	5261	954604	1
7921.721896	7921	721896	8982.000888	8982	888	4
9491.235393	9491	235393	9997.373321	9997	373321	2
9833.708921	9833	708921	5768.502134	5768	502134	3
9281.878836	9281	878836	6969.505888	6969	505888	5
9303.444149	9303	444149	8411.229509	8411	229509	2
6227.078948	6227	78948	9065.033562	9065	33562	3
7360.852631	7360	852631	5473.330205	5473	330205	1
8632.100363	8632	100363	6164.337263	6164	337263	5
6505.697765	6505	697765	7433.23697	7433	236970	5
8962.565659	8962	565659	9418.17625	9418	176250	1
6405.355434	6405	355434	5455.159434	5455	159434	5
6465.1606	6465	160600	5338.119613	5338	119613	5
9272.559921	9272	559921	6931.182448	6931	182448	1
9104.389007	9104	389007	9268.614754	9268	614754	5
7757.898631	7757	898631	7671.484327	7671	484327	2
8783.034813	8783	34813	9227.324662	9227	324662	4
9362.417215	9362	417215	7500.190744	7500	190744	2
8421.318228	8421	318228	8509.891449	8509	891449	3
7577.707118	7577	707118	6138.248444	6138	248444	4
5602.113723	5602	113723	7686.911158	7686	911158	3
8196.236341	8196	236341	6460.244026	6460	244026	5
6062.173639	6062	173639	7336.171714	7336	171714	5
7059.601741	7059	601741	9714.809496	9714	809496	5
6627.336308	6627	336308	5434.649172	5434	649172	2
6858.068052	6858	68052	7454.349816	7454	349816	5
7751.071628	7751	71628	6577.064404	6577	64404	3
5033.206384	5033	206384	8668.101814	8668	101814	2
9599.303803	9599	303803	8490.017387	8490	17387	2
5621.256351	5621	256351	5549.176843	5549	176843	5
9740.138896	9740	138896	7733.239554	7733	239554	5
7020.282126	7020	282126	8751.971991	8751	971991	4
8543.494599	8543	494599	9531.694083	9531	694083	5
9230.374289	9230	374289	8493.129227	8493	129227	2
7616.991047	7616	991047	5282.990478	5282	990478	2
8586.373435	8586	373435	6499.716324	6499	716324	4
9295.334791	9295	334791	7666.358737	7666	358737	3
8843.586347	8843	586347	9347.02404	9347	24040	1
5945.226066	5945	226066	7735.046529	7735	46529	5
7927.951506	7927	951506	9593.212352	9593	212352	4
5347.800465	5347	800465	7542.777362	7542	777362	2
5670.791725	5670	791725	7152.739132	7152	739132	2
9332.30694	9332	306940	5047.371786	5047	371786	1
7576.477417	7576	477417	8643.896975	8643	896975	2
5704.351646	5704	351646	9083.92158	9083	921580	2
9199.2123	9199	212300	5077.502892	5077	502892	5
6095.8924	6095	892400	6313.897655	6313	897655	3
9487.386459	9487	386459	9072.762594	9072	762594	2
8560.629515	8560	629515	7578.209989	7578	209989	3
5279.210628	5279	210628	9822.305456	9822	305456	2
7063.609929	7063	609929	5972.011038	5972	11038	3
9925.743239	9925	743239	6026.637499	6026	637499	5
8475.446969	8475	446969	6282.549482	6282	549482	4
8126.783568	8126	783568	9071.699104	9071	699104	2
7747.861332	7747	861332	5740.963347	5740	963347	1
5865.299629	5865	299629	7479.198654	7479	198654	5
9984.367972	9984	367972	6525.565272	6525	565272	3
6260.93296	6260	932960	8080.544103	8080	544103	3
6661.506014	6661	506014	6146.300469	6146	300469	2
5344.671776	5344	671776	5777.58266	5777	582660	2
6881.705663	6881	705663	8629.237298	8629	237298	5
6400.161262	6400	161262	9642.540023	9642	540023	3
8127.470254	8127	470254	5290.071003	5290	71003	2
6186.200262	6186	200262	8159.931381	8159	931381	4
5629.051904	5629	51904	8897.185602	8897	185602	4
5742.977653	5742	977653	5572.061481	5572	61481	3
9772.573698	9772	573698	9658.647705	9658	647705	5
9925.386695	9925	386695	6563.544339	6563	544339	4
5348.564001	5348	564001	5681.601873	5681	601873	1
5717.316116	5717	316116	7393.210587	7393	210587	4
7851.338201	7851	338201	6918.273044	6918	273044	4
6458.880818	6458	880818	8987.379236	8987	379236	2
7150.107842	7150	107842	5307.949719	5307	949719	2
7945.161493	7945	161493	7729.64483	7729	644830	4
9034.358235	9034	358235	7629.792563	7629	792563	5
7854.97584	7854	975840	5153.387651	5153	387651	5
7143.890145	7143	890145	7806.664075	7806	664075	3
5892.250636	5892	250636	9706.690218	9706	690218	3
7340.878652	7340	878652	9988.150245	9988	150245	2
6465.519661	6465	519661	6146.390416	6146	390416	5
6171.461264	6171	461264	9527.995674	9527	995674	1
5165.488581	5165	488581	5960.677636	5960	677636	1
7153.2629	7153	262900	7173.027915	7173	27915	1
5408.424586	5408	424586	6571.061508	6571	61508	4
9054.27215	9054	272150	5030.893092	5030	893092	4
5662.124232	5662	124232	7913.507614	7913	507614	2
6273.724215	6273	724215	9813.776515	9813	776515	1
9800.640122	9800	640122	7318.458365	7318	458365	1
6922.573544	6922	573544	5992.051717	5992	51717	1
8698.746581	8698	746581	5958.076984	5958	76984	4
5143.82825	5143	828250	8858.557377	8858	557377	4
9566.279208	9566	279208	5383.289015	5383	289015	2
5097.907844	5097	907844	6363.133359	6363	133359	1
9034.298504	9034	298504	9149.62838	9149	628380	1
5752.995822	5752	995822	8542.220396	8542	220396	3
6490.4761	6490	476100	5259.318961	5259	318961	2
9776.276158	9776	276158	5483.206214	5483	206214	3
5523.085872	5523	85872	8962.384454	8962	384454	2
6414.862795	6414	862795	7585.379653	7585	379653	5
5886.356511	5886	356511	6928.808087	6928	808087	5
7003.401989	7003	401989	6354.595041	6354	595041	2
5027.717348	5027	717348	9504.652697	9504	652697	3
7345.237329	7345	237329	5914.703675	5914	703675	2
9916.026183	9916	26183	7425.061112	7425	61112	5
8735.395193	8735	395193	7232.813879	7232	813879	4
7141.595564	7141	595564	9306.496239	9306	496239	3
8532.518375	8532	518375	7578.448763	7578	448763	4
6641.285339	6641	285339	5037.994306	5037	994306	1
8033.362552	8033	362552	9011.702809	9011	702809	5
6634.397027	6634	397027	8328.11536	8328	115360	2
8106.321352	8106	321352	6947.384722	6947	384722	3
9967.823817	9967	823817	8538.214836	8538	214836	3
6800.885609	6800	885609	9288.792996	9288	792996	2
6021.100604	6021	100604	9120.928989	9120	928989	5
stocks
365156.3652	486821	365156	1
