items_number
200
stocks_number
1
digit
2
items
693960.34	693960	34	558044.48	558044	48	2
562080.46	562080	46	522326.45	522326	45	1
514035.58	514035	58	905176.04	905176	4	3
570136.87	570136	87	978037.16	978037	16	5
570362.42	570362	42	900190.58	900190	58	4
878937.16	878937	16	942936.36	942936	36	2
585869.24	585869	24	833028.6	833028	60	3
792683.05	792683	5	882561.57	882561	57	3
987112.71	987112	71	560688.92	560688	92	3
591971.82	591971	82	583409.68	583409	68	4
651580	651580	0	940604.28	940604	28	3
570520.4	570520	40	822914.14	822914	14	2
741319.26	741319	26	800408.23	800408	23	2
932086.67	932086	67	566832.64	566832	64	3
873824.86	873824	86	536850.31	536850	31	2
692518.35	692518	35	893694.01	893694	1	1
742401.21	742401	21	809651.89	809651	89	5
556454.08	556454	8	612116.47	612116	47	4
527255.56	527255	56	603342.99	603342	99	5
732283.54	732283	54	739413.57	739413	57	2
947532.74	947532	74	608302.25	608302	25	4
848330.99	848330	99	827112.53	827112	53	2
915500.84	915500	84	886606.9	886606	90	1
544300.73	544300	73	614285.99	614285	99	4
975136.21	975136	21	883689.65	883689	65	4
605049.58	605049	58	530561.19	530561	19	4
582413.6	582413	60	781176	781176	0	5
820600.12	820600	12	911092.43	911092	43	1
671322.56	671322	56	515256.31	515256	31	5
602253.28	602253	28	675774.02	675774	2	4
580326.87	580326	87	858082.75	858082	75	5
865282.9	865282	90	573301.79	573301	79	3
684980.75	684980	75	718747.48	718747	48	4
594361.98	594361	98	783904.31	783904	31	2
956066.77	956066	77	551337.95	551337	95	3
755343.17	755343	17	639584.58	639584	58	2
993945.66	993945	66	747486.67	747486	67	3
562581.54	562581	54	905013.07	905013	7	5
568672.74	568672	74	522144.67	522144	67	4
501702.37	501702	37	808174.12	808174	12	5
675199.36	675199	36	988422.75	988422	75	5
720252.75	720252	75	983395.96	983395	96	3
572222.77	572222	77	651734.26	651734	26	4
916519.15	916519	15	788830.5	788830	50	1
672984.42	672984	42	550227.12	550227	12	1
966693.15	966693	15	709231.1	709231	10	5
629683.5	629683	50	703170.51	703170	51	4
936033.15	936033	15	880525.01	880525	1	2
543793.75	543793	75	821347.57	821347	57	5
656938.58	656938	58	806512.02	806512	2	3
688962.69	688962	69	640584.58	640584	58	3
991326.5	991326	50	929650.35	929650	35	5
525915.57	525915	57	654271.55	654271	55	5
604461.05	604461	5	527189	527189	0	4
535625.23	535625	23	564581.34	564581	34	3
501050.79	501050	79	558606.72	558606	72	5
709510.16	709510	16	557751.2	557751	20	4
638685.35	638685	35	866404.86	866404	86	4
821651.43	821651	43	969698.68	969698	68	2
901480.72	901480	72	573007.51	573007	51	3
740938.63	740938	63	542178.89	542178	89	2
922624.83	922624	83	848426.95	848426	95	1
766761.14	766761	14	666955.82	666955	82	5
925918.9	925918	90	781572.89	781572	89	5
537631.81	537631	81	632329.26	632329	26	4
743473.44	743473	44	718293.29	718293	29	4
701907.07	701907	7	921156.99	921156	99	4
531576.99	531576	99	879815.45	879815	45	3
806055.98	806055	98	623305.36	623305	36	5
770580.34	770580	34	943301.66	943301	66	4
533278.36	533278	36	708635.57	708635	57	5
981254.86	981254	86	632373.64	632373	64	5
511478.09	511478	9	926695.14	926695	14	4
626148.65	626148	65	881016.84	881016	84	3
897772.01	897772	1	921203.14	921203	14	2
684463.03	684463	3	997569.26	997569	26	4
613487.33	613487	33	590247.94	590247	94	4
548102.03	548102	3	645019.18	645019	18	5
641142.19	641142	19	898741.27	898741	27	2
657281.08	657281	8	932241.03	932241	3	3
705040.61	705040	61	972179.72	972179	72	5
830104.4	830104	40	539324.37	539324	37	4
669253.58	669253	58	861890.38	861890	38	5
730955.19	730955	19	626449.28	626449	28	1
934565.98	934565	98	566514.9	566514	90	2
725525.33	725525	33	947118.25	947118	25	4
752653.5	752653	50	705702.52	705702	52	5
664721.14	664721	14	624265.62	624265	62	5
864210.68	864210	68	813522.11	813522	11	3
574303.93	574303	93	675399.72	675399	72	3
586847.38	586847	38	717919.65	717919	65	4
605147.84	605147	84	876347	876347	0	4
517573.76	517573	76	523825.19	523825	19	4
874256.52	874256	52	884875.47	884875	47	1
551711.74	551711	74	657918.41	657918	41	1
555204.09	555204	9	676801.97	676801	97	2
617728.48	617728	48	623814.76	623814	76	4
753619.34	753619	34	579074.4	579074	40	4
586780.08	586780	8	577263.43	577263	43	2
923783.98	923783	98	747119.12	747119	12	1
524198.68	524198	68	522374.59	522374	59	4
640706.96	640706	96	785898	785898	0	1
925684.85	925684	85	900139.76	900139	76	5
556323.29	556323	29	969716.73	969716	73	2
766854.62	766854	62	687561.36	687561	36	3
844102.86	844102	86	821342.43	821342	43	3
740786.32	740786	32	987932	987932	0	2
900988.95	900988	95	777808.82	777808	82	3
892204.42	892204	42	966361.61	966361	61	3
902575.03	902575	3	886672.79	886672	79	3
558268.55	558268	55	710048.86	710048	86	2
597244.03	597244	3	959186.33	959186	33	2
732678.96	732678	96	925996.69	925996	69	2
727521.14	727521	14	592585.24	592585	24	1
848846.74	848846	74	585634.13	585634	13	2
687889.94	687889	94	513156.11	513156	11	5
953046.99	953046	99	560349.49	560349	49	5
601498.76	601498	76	791336.18	791336	18	3
873258.08	873258	8	658068.73	658068	73	2
837902.2	837902	20	894518.61	894518	61	2
696448.22	696448	22	987383.42	987383	42	5
960105.46	960105	46	896635.38	896635	38	5
963696.56	963696	56	770864.13	770864	13	2
714021.5	714021	50	531854.62	531854	62	5
834360.5	834360	50	781509.37	781509	37	5
515407.82	515407	82	949430.07	949430	7	2
769226.6	769226	60	708655.59	708655	59	4
972736.99	972736	99	925970.13	925970	13	1
769026.16	769026	16	528503.99	528503	99	5
876653.2	876653	20	806565.02	806565	2	5
917165.49	917165	49	693735.77	693735	77	1
813871.36	813871	36	571524.58	571524	58	1
517358.17	517358	17	613110.55	613110	55	5
842848.34	842848	34	593873.54	593873	54	2
870194.17	870194	17	561886.32	561886	32	2
804859.31	804859	31	800671.91	800671	91	4
707597.73	707597	73	935862.97	935862	97	4
631627.02	631627	2	549817.84	549817	84	1
726494.26	726494	26	599125.74	599125	74	1
599800.15	599800	15	902223.1	902223	10	3
534201.57	534201	57	957136.15	957136	15	3
784762.33	784762	33	829820.6	829820	60	4
717691.18	717691	18	882055.95	882055	95	4
787527.53	787527	53	903779.84	903779	84	1
532930.99	532930	99	943052.36	943052	36	5
566537.45	566537	45	967690.09	967690	9	2
996063.47	996063	47	916935.47	916935	47	1
506622.99	506622	99	503401.38	503401	38	1
688682.21	688682	21	779672.79	779672	79	1
869320.07	869320	7	595650.2	595650	20	2
844525.19	844525	19	897919.51	897919	51	4
885131.43	885131	43	787701.21	787701	21	3
850072.05	850072	5	992285.1	992285	10	3
808220.75	808220	75	689430.16	689430	16	5
619798.94	619798	94	819555.83	819555	83	2
705078.56	705078	56	794440.47	794440	47	5
844274.09	844274	9	638859.23	638859	23	4
889024.06	889024	6	548857.95	548857	95	2
677813.07	677813	7	720409.6	720409	60	5
613299.26	613299	26	688009.23	688009	23	3
786324.26	786324	26	855422.49	855422	49	1
615625.56	615625	56	914144.9	914144	90	2
947817.14	947817	14	759533.81	759533	81	5
824329.43	824329	43	968532.04	968532	4	2
958473.43	958473	43	528663.44	528663	44	3
818011.84	818011	84	842066.65	842066	65	2
629188.74	629188	74	769202.96	769202	96	2
666069.16	666069	16	964526.93	964526	93	1
970285.86	970285	86	912531.01	912531	1	2
855682.52	855682	52	888974.22	888974	22	2
786517.31	786517	31	887395.55	887395	55	4
504485.43	504485	43	869666.17	869666	17	1
661090.86	661090	86	718794.34	718794	34	3
504207.01	504207	1	769449.5	769449	50	4
812659.97	812659	97	773444.53	773444	53	2
714667.85	714667	85	661845.22	661845	22	4
591391.46	591391	46	757785.11	757785	11	3
808722.96	808722	96	711026.01	711026	1	4
721290.36	721290	36	685893.6	685893	60	1
800721.2	800721	20	537457.9	537457	90	5
698688.04	698688	4	806676.73	806676	73	2
586461.07	586461	7	604459.11	604459	11	4
706498.15	706498	15	845805.12	845805	12	2
548759.09	548759	9	819607.84	819607	84	4
915328.34	915328	34	793889.28	793889	28	5
826296.09	826296	9	665360.47	665360	47	1
753838.65	753838	65	614046.83	614046	83	5
759602.44	759602	44	953395.03	953395	3	3
735967.15	735967	15	734864.42	734864	42	2
952298.24	952298	24	855102.44	855102	44	4
893548.7	893548	70	641403.26	641403	26	3
522290.94	522290	94	590285.44	590285	44	5
567922.33	567922	33	789892.86	789892	86	2
862012.36	862012	36	921583.6	921583	60	2
846619.37	846619	37	579464.48	579464	48	3
547042.76	547042	76	818555.3	818555	30	4
680022.2	680022	20	763648.77	763648	77	5
996454.64	996454	64	848666.96	848666	96	5
733758.92	733758	92	803727.75	803727	75	2
650306.06	650306	6	676178.79	676178	79	3
stocks
53.53	46015961	53	1
