items_number
200
stocks_number
1
digit
2
items
569.32	569	32	508.69	508	69	1
788.64	788	64	913.18	913	18	4
959.03	959	3	937.22	937	22	3
820.6	820	60	830.9	830	90	5
602.51	602	51	821.17	821	17	3
941.72	941	72	821.9	821	90	4
670.45	670	45	812.66	812	66	1
534.68	534	68	575.27	575	27	4
992.88	992	88	667.75	667	75	4
591.66	591	66	758.06	758	6	2
871.77	871	77	838.83	838	83	5
505.51	505	51	864.76	864	76	4
620.08	620	8	968.95	968	95	2
646.05	646	5	836.67	836	67	5
798.59	798	59	757.76	757	76	5
779.27	779	27	683.84	683	84	5
975.6	975	60	995.02	995	2	1
767.13	767	13	953.83	953	83	5
677.88	677	88	544.25	544	25	3
561.33	561	33	752.84	752	84	3
713.55	713	55	923.72	923	72	4
832.01	832	1	860.04	860	4	1
552.56	552	56	788.24	788	24	2
570.42	570	42	840.34	840	34	3
737.82	737	82	614.81	614	81	2
846.53	846	53	740.01	740	1	2
581.94	581	94	890.29	890	29	4
901.19	901	19	527.31	527	31	2
646.58	646	58	994.53	994	53	2
949.34	949	34	697.66	697	66	4
538.91	538	91	850.39	850	39	5
962.42	962	42	748.74	748	74	2
736.98	736	98	609.36	609	36	2
997.47	997	47	532.61	532	61	2
527.54	527	54	577.65	577	65	3
585.02	585	2	676.06	676	6	1
938.19	938	19	600.03	600	3	2
945.51	945	51	890.31	890	31	5
619.22	619	22	998.33	998	33	2
929.6	929	60	767.31	767	31	5
782.7	782	70	894.9	894	90	3
736	736	0	835.68	835	68	3
680.63	680	63	877.07	877	7	1
902.3	902	30	861.85	861	85	5
629.57	629	57	671.36	671	36	2
725.74	725	74	881.35	881	35	5
680.57	680	57	790.21	790	21	1
850.18	850	18	912.38	912	38	2
992.87	992	87	833.19	833	19	4
857.45	857	45	834.46	834	46	4
657.03	657	3	663.75	663	75	4
704.95	704	95	756.43	756	43	3
935.46	935	46	693.5	693	50	1
710.6	710	60	697.99	697	99	5
520.37	520	37	842.29	842	29	5
671.81	671	81	807.83	807	83	5
555.65	555	65	938	938	0	3
601.83	601	83	731.59	731	59	5
571	571	0	834.15	834	15	1
948.75	948	75	931.05	931	5	1
550.69	550	69	674.25	674	25	5
609.44	609	44	930.54	930	54	5
655.17	655	17	925.8	925	80	3
532.2	532	20	529.14	529	14	1
853.43	853	43	709.67	709	67	3
683.23	683	23	501.97	501	97	2
617.22	617	22	706.2	706	20	4
790.62	790	62	809.7	809	70	4
627.74	627	74	637.28	637	28	2
983.44	983	44	703.53	703	53	5
965.74	965	74	822.53	822	53	4
909.44	909	44	530.18	530	18	1
966.96	966	96	785.22	785	22	2
892.37	892	37	945.61	945	61	4
556.74	556	74	891.55	891	55	5
594.54	594	54	956.1	956	10	5
616.11	616	11	825.96	825	96	5
736.31	736	31	680.77	680	77	1
690.24	690	24	613.48	613	48	2
607.51	607	51	905.67	905	67	4
839.28	839	28	761.75	761	75	1
847.27	847	27	776.75	776	75	2
557.46	557	46	907.62	907	62	3
773.27	773	27	954.26	954	26	3
556.87	556	87	974.74	974	74	4
824.35	824	35	748.92	748	92	4
691.08	691	8	507.09	507	9	2
859.04	859	4	657.27	657	27	1
926.7	926	70	725.51	725	51	4
762.6	762	60	587.76	587	76	4
806.79	806	79	834.84	834	84	2
722.39	722	39	900.28	900	28	3
618.04	618	4	764.3	764	30	3
962.48	962	48	758.64	758	64	1
754.59	754	59	929.42	929	42	1
971.99	971	99	719.97	719	97	2
891.71	891	71	505.13	505	13	4
618.81	618	81	881.14	881	14	4
506.62	506	62	527.2	527	20	1
764.46	764	46	643.42	643	42	5
847.78	847	78	584.2	584	20	5
717.88	717	88	595.73	595	73	1
919.42	919	42	673.12	673	12	3
812.26	812	26	615.94	615	94	3
608.78	608	78	786.86	786	86	1
975.69	975	69	811.2	811	20	2
652.8	652	80	570.04	570	4	2
724.41	724	41	611.35	611	35	5
957.52	957	52	737.97	737	97	4
842.04	842	4	683.04	683	4	5
577.92	577	92	762.54	762	54	3
795.81	795	81	998.72	998	72	1
689.84	689	84	705.8	705	80	2
881.9	881	90	668.17	668	17	5
814.08	814	8	698.5	698	50	4
992.71	992	71	925.06	925	6	5
705.77	705	77	916.09	916	9	4
504.68	504	68	952.12	952	12	2
850.28	850	28	581.33	581	33	2
877.47	877	47	887.12	887	12	4
513.28	513	28	538.88	538	88	1
656.59	656	59	915.7	915	70	5
598.87	598	87	786.4	786	40	3
878.85	878	85	548.71	548	71	5
864.08	864	8	672.34	672	34	5
598.46	598	46	962.83	962	83	3
594.84	594	84	767.2	767	20	2
500.79	500	79	678	678	0	1
716.8	716	80	842.49	842	49	3
600.98	600	98	540.92	540	92	2
764.77	764	77	821.42	821	42	2
810.1	810	10	672.69	672	69	2
817.39	817	39	635.18	635	18	4
929.72	929	72	740.06	740	6	4
868.36	868	36	787.63	787	63	1
672.17	672	17	922.56	922	56	4
903.41	903	41	797.26	797	26	3
520.17	520	17	603.67	603	67	5
642.58	642	58	779.91	779	91	3
605.93	605	93	781.23	781	23	1
608.73	608	73	786.72	786	72	4
720.03	720	3	540.98	540	98	3
900.26	900	26	524.48	524	48	4
543.57	543	57	738.52	738	52	5
847.45	847	45	955.15	955	15	4
960.34	960	34	969.5	969	50	4
535.81	535	81	662.58	662	58	1
551.23	551	23	616.76	616	76	2
711.02	711	2	920.62	920	62	5
885.09	885	9	744.44	744	44	3
674.22	674	22	502.88	502	88	2
971.83	971	83	959.03	959	3	5
787.68	787	68	658.14	658	14	2
772.09	772	9	789.8	789	80	5
848.2	848	20	506.26	506	26	2
897.28	897	28	577	577	0	4
617.08	617	8	997.63	997	63	2
942.56	942	56	774.98	774	98	3
643.6	643	60	755	755	0	4
579.88	579	88	838.65	838	65	2
788.55	788	55	814.43	814	43	1
653.37	653	37	822.94	822	94	5
889.98	889	98	757.34	757	34	5
851.46	851	46	696.61	696	61	4
581.61	581	61	808.01	808	1	4
757.34	757	34	543.5	543	50	1
769.63	769	63	864.17	864	17	4
730.02	730	2	852.27	852	27	1
523.03	523	3	647.17	647	17	5
912.73	912	73	642.61	642	61	3
835.48	835	48	632.03	632	3	3
878.29	878	29	679.41	679	41	5
631.28	631	28	929.59	929	59	5
981.74	981	74	903.03	903	3	3
922.86	922	86	663.45	663	45	5
724.26	724	26	629.26	629	26	4
687.61	687	61	872.53	872	53	1
703.67	703	67	826.56	826	56	5
776.01	776	1	745.02	745	2	2
898.63	898	63	791.68	791	68	1
834.28	834	28	816.52	816	52	4
696.23	696	23	747.42	747	42	1
868.98	868	98	996.23	996	23	2
621.49	621	49	974.66	974	66	1
715.33	715	33	782.22	782	22	5
962.18	962	18	749.01	749	1	3
764.29	764	29	797.18	797	18	1
832.41	832	41	778.38	778	38	3
903.27	903	27	769.99	769	99	2
908.89	908	89	798.71	798	71	4
911.81	911	81	616.03	616	3	4
937.34	937	34	829.42	829	42	4
807.79	807	79	619.65	619	65	5
800.31	800	31	619.37	619	37	1
533.8	533	80	771.55	771	55	2
889.4	889	40	674.18	674	18	5
803.17	803	17	662.87	662	87	1
803.95	803	95	634.25	634	25	2
865.43	865	43	525.98	525	98	2
572.73	572	73	555.57	555	57	2
stocks
2074.67	2074	67	1
