items_number
200
stocks_number
1
digit
2
items
9583.07	9583	7	7105.47	7105	47	5
8487.06	8487	6	7559.1	7559	10	2
9977.61	9977	61	7464.42	7464	42	1
5289.07	5289	7	5021.04	5021	4	5
5521.6	5521	60	5464.71	5464	71	2
6970.14	6970	14	7099.87	7099	87	2
7442.71	7442	71	5921.4	5921	40	5
5772.28	5772	28	9510.15	9510	15	5
8814.77	8814	77	5980.01	5980	1	5
8442.11	8442	11	9532.67	9532	67	2
5772.43	5772	43	6081.65	6081	65	5
9151.47	9151	47	5769.67	5769	67	4
5482.85	5482	85	8946.18	8946	18	5
9718.61	9718	61	6595.39	6595	39	3
5975.4	5975	40	9808.23	9808	23	4
8902.03	8902	3	6089.78	6089	78	2
9122.9	9122	90	9952.38	9952	38	4
9876.62	9876	62	8149.47	8149	47	2
9186.04	9186	4	6023.42	6023	42	1
5681.87	5681	87	5879.67	5879	67	3
5719.49	5719	49	8905.92	8905	92	5
7514.51	7514	51	6371.55	6371	55	2
7161.37	7161	37	5126.39	5126	39	1
6814.04	6814	4	5164.27	5164	27	3
8165.73	8165	73	5135.99	5135	99	5
8103.35	8103	35	7904.19	7904	19	5
7064.72	7064	72	8775.97	8775	97	2
7199.3	7199	30	8884.46	8884	46	4
6625.47	6625	47	6280.79	6280	79	2
9628.7	9628	70	7324.08	7324	8	5
7493.95	7493	95	9732.09	9732	9	4
6207.06	6207	6	9148.26	9148	26	1
8877.76	8877	76	9883.18	9883	18	3
8232.09	8232	9	7195.52	7195	52	5
6496.14	6496	14	9169.3	9169	30	2
9399.36	9399	36	6109.41	6109	41	4
5964.23	5964	23	9294.39	9294	39	1
9701.85	9701	85	5089.7	5089	70	1
5933.65	5933	65	6382.56	6382	56	4
9779.52	9779	52	6036.92	6036	92	2
8905.49	8905	49	5383.89	5383	89	2
7468.6	7468	60	7463.21	7463	21	3
8929.99	8929	99	7569.59	7569	59	5
5149.34	5149	34	5091.08	5091	8	2
7185.22	7185	22	9821.13	9821	13	5
9904.92	9904	92	7376.34	7376	34	5
9051.89	9051	89	6180.38	6180	38	3
7069.12	7069	12	9772.51	9772	51	3
5541.06	5541	6	5524.81	5524	81	1
9000.45	9000	45	7967.8	7967	80	1
7750.99	7750	99	5651.71	5651	71	3
6261.55	6261	55	9429.73	9429	73	5
6513.97	6513	97	9338.36	9338	36	4
5673.89	5673	89	6540.1	6540	10	3
8838.11	8838	11	5355	5355	0	5
9678.22	9678	22	9473.35	9473	35	5
8777.24	8777	24	9444.82	9444	82	4
6664.84	6664	84	9131.97	9131	97	1
7639.53	7639	53	9120.34	9120	34	3
5401.23	5401	23	6486.61	6486	61	5
7054.54	7054	54	7217.06	7217	6	3
5131	5131	0	8851.43	8851	43	2
7371.3	7371	30	5633.87	5633	87	2
5930.3	5930	30	7863.76	7863	76	5
9127.09	9127	9	6045.47	6045	47	1
9630.96	9630	96	5564.69	5564	69	3
6091.19	6091	19	8972.7	8972	70	4
5090.85	5090	85	6101.86	6101	86	3
9330.33	9330	33	6416.92	6416	92	4
7024.36	7024	36	5353.26	5353	26	4
9869.37	9869	37	7137.31	7137	31	4
8997.34	8997	34	6800.81	6800	81	2
9492.48	9492	48	8580	8580	0	1
9560.89	9560	89	5468.9	5468	90	5
9146.2	9146	20	6891.41	6891	41	3
7439.7	7439	70	8400.65	8400	65	2
5225.81	5225	81	7845.25	7845	25	4
8960.1	8960	10	8835.8	8835	80	3
5271.35	5271	35	8935.68	8935	68	1
6530.87	6530	87	9132.58	9132	58	5
7959.07	7959	7	6801.12	6801	12	3
8784.86	8784	86	9586.39	9586	39	3
8554.95	8554	95	9324.32	9324	32	1
5234.04	5234	4	6901.48	6901	48	3
9458.27	9458	27	6888.02	6888	2	2
8154.58	8154	58	9679.32	9679	32	2
9912.27	9912	27	7136.36	7136	36	2
8234.03	8234	3	7095.84	7095	84	1
9818.42	9818	42	9572.82	9572	82	5
7550.32	7550	32	7018.7	7018	70	2
9398.27	9398	27	8581.45	8581	45	2
7634.96	7634	96	6789.4	6789	40	2
8444.32	8444	32	5868.13	5868	13	5
7531.09	7531	9	9978.84	9978	84	1
8564.79	8564	79	5414.16	5414	16	3
7570.42	7570	42	7676.61	7676	61	5
7160.57	7160	57	5541.53	5541	53	3
9656.5	9656	50	9386.38	9386	38	3
8424.27	8424	27	9540.99	9540	99	4
6489.9	6489	90	6958.97	6958	97	3
7442.86	7442	86	5502.65	5502	65	1
8292.16	8292	16	7440.82	7440	82	4
6248.25	6248	25	9521.79	9521	79	5
7697.34	7697	34	9082.17	9082	17	3
8615.05	8615	5	7908.73	7908	73	3
5393.45	5393	45	7174.72	7174	72	4
5898.57	5898	57	8244.82	8244	82	4
9603.38	9603	38	5752.5	5752	50	3
9353.07	9353	7	6008.52	6008	52	3
6169.44	6169	44	7941.02	7941	2	2
6132.78	6132	78	5647.08	5647	8	4
8074.15	8074	15	8572.17	8572	17	2
5716.3	5716	30	7526.94	7526	94	4
9686.25	9686	25	9971.92	9971	92	5
8308.71	8308	71	6235.65	6235	65	4
5173.1	5173	10	5177.96	5177	96	3
7839.83	7839	83	9649.25	9649	25	3
8982.5	8982	50	8372.01	8372	1	3
9170.13	9170	13	7272.32	7272	32	5
8419.26	8419	26	9221.59	9221	59	2
7294.82	7294	82	5389.23	5389	23	4
9330.92	9330	92	5852.29	5852	29	1
6052.74	6052	74	6772.99	6772	99	5
5738.15	5738	15	7021.89	7021	89	3
6860.01	6860	1	6592.13	6592	13	1
5379.05	5379	5	7186.67	7186	67	5
9071.57	9071	57	5459.02	5459	2	4
9020.1	9020	10	7134.18	7134	18	1
5797.55	5797	55	7334.06	7334	6	2
7494.36	7494	36	10000.01	10000	1	2
6271.01	6271	1	9855.16	9855	16	5
8239.93	8239	93	7836.23	7836	23	3
6549.04	6549	4	7439.36	7439	36	5
7519.78	7519	78	9375.47	9375	47	1
6698.8	6698	80	7680.4	7680	40	2
5926.62	5926	62	6109.09	6109	9	2
8675.75	8675	75	6548.19	6548	19	5
7597.37	7597	37	6687.74	6687	74	3
5528	5528	0	6862.11	6862	11	4
8028.35	8028	35	8320.24	8320	24	4
9529.33	9529	33	9628.28	9628	28	4
6661.78	6661	78	7509.71	7509	71	3
6864.02	6864	2	6891.41	6891	41	1
5244.15	5244	15	7917.22	7917	22	4
7109.55	7109	55	7479.64	7479	64	4
5172.73	5172	73	8890.58	8890	58	4
6180.25	6180	25	8094.18	8094	18	3
5711.39	5711	39	7890.41	7890	41	3
9154.24	9154	24	7261.12	7261	12	3
5349.39	5349	39	6128.02	6128	2	2
9130.17	9130	17	7873	7873	0	2
6448.06	6448	6	8413.35	8413	35	1
5441.31	5441	31	7743.31	7743	31	5
5945.91	5945	91	9645.51	9645	51	1
7949.73	7949	73	5433.24	5433	24	5
7301.85	7301	85	9336.96	9336	96	2
6324.97	6324	97	7593.7	7593	70	5
7782.3	7782	30	6656.26	6656	26	3
6320.95	6320	95	6469.15	6469	15	2
7121.04	7121	4	5690.76	5690	76	4
6039.18	6039	18	6655.8	6655	80	4
7591.48	7591	48	7086.83	7086	83	4
6122.98	6122	98	9289.99	9289	99	3
8351.23	8351	23	9857.16	9857	16	5
5872.78	5872	78	6460.82	6460	82	4
7821.78	7821	78	6969.91	6969	91	4
9277.37	9277	37	5965.77	5965	77	3
9548.06	9548	6	8008.01	8008	1	5
6180.67	6180	67	8656.17	8656	17	1
5567.37	5567	37	8590.4	8590	40	4
8338.41	8338	41	7090.25	7090	25	4
5708	5708	0	9046.46	9046	46	1
7991.68	7991	68	6861.11	6861	11	3
5201.43	5201	43	9745.18	9745	18	4
6716.15	6716	15	6962.68	6962	68	2
5100.75	5100	75	5102.27	5102	27	3
5373.68	5373	68	8634.77	8634	77	4
7896.93	7896	93	5818.39	5818	39	4
5811.14	5811	14	7993.2	7993	20	5
5290.92	5290	92	6657.89	6657	89	2
9009.32	9009	32	6946.41	6946	41	1
5703.83	5703	83	5865.72	5865	72	1
6738.51	6738	51	5069.76	5069	76	4
9450.15	9450	15	9690.25	9690	25	2
6648.75	6648	75	6273.23	6273	23	4
5449.76	5449	76	6266.01	6266	1	4
7514	7514	0	9025.21	9025	21	3
7972.24	7972	24	9629.94	9629	94	5
8994.59	8994	59	7922.79	7922	79	3
8834.48	8834	48	6256.88	6256	88	2
5855.28	5855	28	5318.22	5318	22	3
5032.77	5032	77	9577.59	9577	59	2
7188.48	7188	48	9105.71	9105	71	5
6978.78	6978	78	5370.74	5370	74	5
8383.52	8383	52	9433.75	9433	75	3
8060.27	8060	27	5564.53	5564	53	3
5561.56	5561	56	7339.17	7339	17	1
8422.89	8422	89	6160.04	6160	4	1
8370.33	8370	33	9335.07	9335	7	5
6741.23	6741	23	6757.35	6757	35	3
stocks
16079.76	16079	76	1
