items_number
200
stocks_number
1
digit
4
items
75523.4157	75523	4157	81386.517	81386	5170	3
62219.9617	62219	9617	58980.9069	58980	9069	3
62858.8027	62858	8027	71294.1246	71294	1246	3
71259.987	71259	9870	65913.6991	65913	6991	3
56998.5078	56998	5078	54371.8627	54371	8627	5
74790.0529	74790	529	82835.3276	82835	3276	4
86195.7127	86195	7127	80864.7002	80864	7002	5
89325.9847	89325	9847	95841.0845	95841	845	4
80026.6731	80026	6731	72285.7505	72285	7505	4
99978.9408	99978	9408	94673.9208	94673	9208	2
84051.0879	84051	879	74377.7338	74377	7338	4
92827.081	92827	810	94486.9674	94486	9674	4
91348.5516	91348	5516	87594.069	87594	690	3
52910.0591	52910	591	57028.4588	57028	4588	1
89055.4775	89055	4775	79283.484	79283	4840	1
69688.3461	69688	3461	70904.4843	70904	4843	5
69911.8846	69911	8846	64310.609	64310	6090	5
83026.0219	83026	219	73912.1963	73912	1963	2
72739.4532	72739	4532	68109.6444	68109	6444	1
85585.8592	85585	8592	95182.1698	95182	1698	3
85782.8512	85782	8512	89443.6244	89443	6244	5
96012.8491	96012	8491	102271.45	102271	4500	5
64098.0131	64098	131	62582.3167	62582	3167	3
84324.6694	84324	6694	94158.7367	94158	7367	1
83501.5582	83501	5582	90258.8348	90258	8348	4
50589.5233	50589	5233	60552.2316	60552	2316	2
71187.6522	71187	6522	71624.3836	71624	3836	1
93334.1993	93334	1993	101656.1156	101656	1156	3
99828.2038	99828	2038	108826.7652	108826	7652	5
95573.9869	95573	9869	95735.7755	95735	7755	5
85391.7063	85391	7063	93353.3027	93353	3027	2
84651.2547	84651	2547	93233.4405	93233	4405	4
67092.9486	67092	9486	74015.6824	74015	6824	3
57549.5091	57549	5091	63947.5855	63947	5855	5
55909.2417	55909	2417	49144.1396	49144	1396	1
74090.0916	74090	916	72107.7033	72107	7033	4
82339.1972	82339	1972	90502.913	90502	9130	3
51405.5896	51405	5896	53030.9979	53030	9979	2
72715.0763	72715	763	67247.7877	67247	7877	4
62365.5055	62365	5055	52786.8218	52786	8218	1
60683.1656	60683	1656	67004.9188	67004	9188	1
56765.7995	56765	7995	55344.6798	55344	6798	3
64492.2217	64492	2217	70293.9474	70293	9474	1
52030.3524	52030	3524	48317.146	48317	1460	5
59676.8586	59676	8586	52372.1386	52372	1386	5
53546.6992	53546	6992	59575.4314	59575	4314	1
71718.6985	71718	6985	79222.6302	79222	6302	2
88888.3784	88888	3784	89704.9057	89704	9057	1
95874.7211	95874	7211	102789.7858	102789	7858	4
94458.7869	94458	7869	87331.2747	87331	2747	2
74473.8729	74473	8729	74885.0755	74885	755	1
81655.2075	81655	2075	82231.4102	82231	4102	5
90469.6361	90469	6361	83321.7246	83321	7246	4
97872.886	97872	8860	90488.5503	90488	5503	3
65978.8769	65978	8769	70108.3052	70108	3052	5
83270.8295	83270	8295	92879.7176	92879	7176	2
57762.0446	57762	446	54061.9401	54061	9401	2
96466.1643	96466	1643	91032.6887	91032	6887	1
76603.664	76603	6640	68253.9913	68253	9913	2
66890.8836	66890	8836	62187.7053	62187	7053	1
51338.7864	51338	7864	59787.4643	59787	4643	5
71294.3704	71294	3704	80907.4523	80907	4523	3
51540.7736	51540	7736	49139.304	49139	3040	1
68430.7351	68430	7351	77523.3049	77523	3049	4
78844.5147	78844	5147	88575.0378	88575	378	2
66751.6505	66751	6505	67585.4436	67585	4436	4
51820.4619	51820	4619	48929.0083	48929	83	4
70483.3471	70483	3471	78376.109	78376	1090	2
77457.2402	77457	2402	69915.5997	69915	5997	2
74536.5383	74536	5383	79898.9541	79898	9541	3
92149.4878	92149	4878	100463.9307	100463	9307	2
88140.041	88140	410	80639.5185	80639	5185	4
90602.3378	90602	3378	88263.6339	88263	6339	2
56640.7095	56640	7095	60755.8782	60755	8782	5
90170.3935	90170	3935	92678.6645	92678	6645	4
59578.8316	59578	8316	63656.9306	63656	9306	3
69488.0439	69488	439	69631.4678	69631	4678	2
71189.7272	71189	7272	71200.4529	71200	4529	5
98467.8452	98467	8452	93361.8363	93361	8363	4
74662.4002	74662	4002	75441.2537	75441	2537	1
74947.5142	74947	5142	81552.7275	81552	7275	1
72939.7181	72939	7181	78245.07	78245	700	4
56316.6077	56316	6077	47670.822	47670	8220	5
74716.7855	74716	7855	67894.6103	67894	6103	4
80111.2394	80111	2394	71754.6203	71754	6203	3
81595.1198	81595	1198	87079.1272	87079	1272	5
57985.615	57985	6150	54492.4861	54492	4861	1
87873.9192	87873	9192	85815.5604	85815	5604	4
87361.2841	87361	2841	81132.8159	81132	8159	5
93889.2791	93889	2791	92047.4775	92047	4775	2
54762.8028	54762	8028	61722.4239	61722	4239	1
88699.0705	88699	705	84639.4384	84639	4384	1
74483.2847	74483	2847	75974.088	75974	880	4
56303.2116	56303	2116	50861.7279	50861	7279	2
66429.4408	66429	4408	61461.7432	61461	7432	2
53326.4346	53326	4346	54547.1257	54547	1257	3
82355.8622	82355	8622	91468.3297	91468	3297	2
68249.9028	68249	9028	74111.9096	74111	9096	5
83111.4169	83111	4169	82224.2346	82224	2346	4
59811.1024	59811	1024	55103.9293	55103	9293	3
92785.0763	92785	763	94008.8638	94008	8638	4
75259.9047	75259	9047	76406.3236	76406	3236	2
57251.7786	57251	7786	58763.6061	58763	6061	2
83387.0493	83387	493	75991.4977	75991	4977	2
91201.2494	91201	2494	90183.36	90183	3600	3
97421.1721	97421	1721	91440.4288	91440	4288	2
92965.5161	92965	5161	99648.4284	99648	4284	2
69989.2933	69989	2933	62835.8277	62835	8277	5
77910.5346	77910	5346	85661.8816	85661	8816	1
50731.9965	50731	9965	42307.4229	42307	4229	2
94651.6935	94651	6935	98276.2396	98276	2396	5
62157.0488	62157	488	66513.7674	66513	7674	3
73670.3499	73670	3499	64272.4929	64272	4929	2
50966.9364	50966	9364	59666.2199	59666	2199	1
86873.8343	86873	8343	78127.5359	78127	5359	4
53781.5893	53781	5893	46026.1132	46026	1132	4
91862.0562	91862	562	99766.347	99766	3470	5
54158.0845	54158	845	51919.0221	51919	221	1
50954.1437	50954	1437	54863.8317	54863	8317	3
88523.9755	88523	9755	83918.1629	83918	1629	1
57347.9988	57347	9988	63266.6577	63266	6577	4
55717.5817	55717	5817	60306.2556	60306	2556	5
77221.046	77221	460	78557.7594	78557	7594	4
81831.9187	81831	9187	82961.7456	82961	7456	2
71321.7934	71321	7934	64189.1417	64189	1417	1
52950.1221	52950	1221	43038.5027	43038	5027	5
94458.3533	94458	3533	86808.0295	86808	295	1
62976.6556	62976	6556	58677.4713	58677	4713	4
71199.6601	71199	6601	77150.5705	77150	5705	1
77568.7702	77568	7702	82752.4222	82752	4222	1
72787.3932	72787	3932	73780.5589	73780	5589	4
73285.3716	73285	3716	74179.4343	74179	4343	2
62128.3101	62128	3101	58459.7457	58459	7457	5
80038.1718	80038	1718	76264.3232	76264	3232	5
65972.0561	65972	561	73192.0903	73192	903	5
53328.5595	53328	5595	58641.2639	58641	2639	2
86759.9792	86759	9792	87004.7519	87004	7519	3
68237.5722	68237	5722	72139.6768	72139	6768	1
73317.8528	73317	8528	81476.0917	81476	917	1
73970.5138	73970	5138	75687.7917	75687	7917	5
68969.2039	68969	2039	78168.0997	78168	997	2
77268.1815	77268	1815	82772.4894	82772	4894	2
86127.1978	86127	1978	82199.5591	82199	5591	4
51939.5538	51939	5538	61740.7507	61740	7507	3
87535.1179	87535	1179	91738.7092	91738	7092	3
73000.0321	73000	321	74047.0951	74047	951	2
65021.7783	65021	7783	60788.8638	60788	8638	4
79396.8093	79396	8093	81503.2145	81503	2145	4
86459.7518	86459	7518	95267.2753	95267	2753	2
65976.922	65976	9220	59372.8537	59372	8537	1
67918.7848	67918	7848	75420.5355	75420	5355	5
93807.7507	93807	7507	102255.0912	102255	912	5
71693.139	71693	1390	79678.1094	79678	1094	2
54439.8309	54439	8309	56997.295	56997	2950	5
84938.6694	84938	6694	84515.9949	84515	9949	4
52314.9324	52314	9324	43166.251	43166	2510	5
57389.5882	57389	5882	60036.9558	60036	9558	1
79395.658	79395	6580	81323.0244	81323	244	1
65290.2232	65290	2232	65565.8805	65565	8805	3
87889.8835	87889	8835	90207.5263	90207	5263	1
56963.0634	56963	634	57795.6047	57795	6047	2
97378.6164	97378	6164	88645.4394	88645	4394	1
70474.2551	70474	2551	67406.1189	67406	1189	4
69091.3736	69091	3736	76254.5087	76254	5087	1
86716.4234	86716	4234	84209.7625	84209	7625	2
86446.3112	86446	3112	80597.2091	80597	2091	4
81720.9331	81720	9331	87917.7725	87917	7725	2
73474.0378	73474	378	64933.6726	64933	6726	4
54683.5186	54683	5186	62736.0441	62736	441	1
64337.786	64337	7860	72413.0224	72413	224	5
97444.1868	97444	1868	100620.4643	100620	4643	5
73652.7225	73652	7225	80903.3019	80903	3019	3
91605.6027	91605	6027	95185.5118	95185	5118	1
92872.3846	92872	3846	85840.1817	85840	1817	4
75591.2764	75591	2764	66363.0527	66363	527	2
88440.7207	88440	7207	89943.3792	89943	3792	3
75172.0519	75172	519	82908.4349	82908	4349	5
90613.0547	90613	547	87152.0747	87152	747	5
77136.53	77136	5300	70745.5936	70745	5936	2
61630.8038	61630	8038	68173.7101	68173	7101	4
65889.612	65889	6120	69545.9284	69545	9284	2
54354.3149	54354	3149	49186.1292	49186	1292	3
64737.1897	64737	1897	69727.9594	69727	9594	5
96883.751	96883	7510	98523.0378	98523	378	4
58793.781	58793	7810	66183.4241	66183	4241	2
99675.8591	99675	8591	97963.9543	97963	9543	3
99197.3186	99197	3186	105411.4469	105411	4469	3
75483.0044	75483	44	75519.3799	75519	3799	2
88371.1523	88371	1523	78586.1369	78586	1369	1
64486.5418	64486	5418	60974.3274	60974	3274	2
72672.8879	72672	8879	68746.0644	68746	644	4
95334.2158	95334	2158	100102.7415	100102	7415	2
71164.7934	71164	7934	72640.9249	72640	9249	3
93147.7782	93147	7782	96154.1832	96154	1832	5
73725.5894	73725	5894	79377.2502	79377	2502	4
57879.852	57879	8520	50569.8456	50569	8456	1
79592.0894	79592	894	86750.5504	86750	5504	3
64745.5225	64745	5225	66593.0228	66593	228	5
90654.8899	90654	8899	88524.5182	88524	5182	5
93576.2432	93576	2432	102508.5944	102508	5944	3
stocks
139960.5029	139960	5029	1
