items_number
200
stocks_number
1
digit
4
items
965.1275	965	1275	937.8027	937	8027	2
624.3976	624	3976	581.1451	581	1451	4
517.1338	517	1338	480.2144	480	2144	5
921.9192	921	9192	888.8538	888	8538	3
791.98	791	9800	805.3545	805	3545	2
966.6835	966	6835	1015.6798	1015	6798	5
527.2801	527	2801	508.6254	508	6254	4
667.1674	667	1674	754.5801	754	5801	2
859.3899	859	3899	889.0833	889	833	5
516.7722	516	7722	419.0385	419	385	4
698.9384	698	9384	626.1088	626	1088	3
980.1937	980	1937	999.3556	999	3556	3
735.215	735	2150	678.9211	678	9211	1
597.4882	597	4882	697.3352	697	3352	1
579.1558	579	1558	486.2517	486	2517	5
957.3338	957	3338	1054.2714	1054	2714	5
985.7882	985	7882	1075.1005	1075	1005	4
773.155	773	1550	711.3261	711	3261	5
565.7459	565	7459	665.0591	665	591	2
547.2991	547	2991	459.1214	459	1214	5
833.1573	833	1573	814.3656	814	3656	2
759.3838	759	3838	709.56	709	5600	2
866.4116	866	4116	921.6859	921	6859	4
752.0581	752	581	670.2133	670	2133	5
551.877	551	8770	641.4355	641	4355	5
618.0111	618	111	564.1953	564	1953	2
880.804	880	8040	882.4988	882	4988	2
589.5881	589	5881	575.7375	575	7375	2
637.3339	637	3339	622.1821	622	1821	2
926.0011	926	11	1002.0846	1002	846	4
930.8475	930	8475	999.6959	999	6959	3
601.0966	601	966	609.9847	609	9847	5
797.3987	797	3987	730.3879	730	3879	2
948.6166	948	6166	1030.0685	1030	685	3
521.651	521	6510	546.8385	546	8385	2
587.0139	587	139	634.9005	634	9005	5
659.9353	659	9353	639.9065	639	9065	4
796.9312	796	9312	852.4639	852	4639	5
500.1814	500	1814	484.4806	484	4806	1
765.9604	765	9604	826.9897	826	9897	3
812.3386	812	3386	871.5024	871	5024	5
698.1198	698	1198	710.5894	710	5894	4
744.1541	744	1541	723.3453	723	3453	5
793.5537	793	5537	845.5817	845	5817	1
795.608	795	6080	806.0828	806	828	4
569.31	569	3100	505.597	505	5970	4
997.8875	997	8875	996.853	996	8530	2
525.0315	525	315	525.3414	525	3414	4
842.1002	842	1002	817.0813	817	813	5
561.2686	561	2686	559.0703	559	703	5
819.3306	819	3306	831.6209	831	6209	4
921.2576	921	2576	927.6051	927	6051	2
566.6524	566	6524	615.6302	615	6302	1
685.3774	685	3774	601.3068	601	3068	2
672.9509	672	9509	697.8183	697	8183	1
865.5294	865	5294	903.0657	903	657	2
803.0237	803	237	716.502	716	5020	3
551.3901	551	3901	628.4753	628	4753	2
954.7527	954	7527	1028.9614	1028	9614	3
940.3576	940	3576	938.684	938	6840	1
724.0265	724	265	777.7181	777	7181	2
884.2355	884	2355	926.6573	926	6573	3
787.4543	787	4543	843.8269	843	8269	5
767.0604	767	604	803.106	803	1060	5
577.8521	577	8521	600.7258	600	7258	5
809.1053	809	1053	790.8236	790	8236	1
854.0744	854	744	786.0065	786	65	5
983.7874	983	7874	886.7905	886	7905	5
851.6717	851	6717	938.2876	938	2876	3
600.2558	600	2558	616.6452	616	6452	5
747.7478	747	7478	811.7802	811	7802	2
909.0104	909	104	955.9481	955	9481	2
798.0108	798	108	876.3928	876	3928	5
737.5371	737	5371	830.1256	830	1256	3
702.1993	702	1993	699.688	699	6880	4
839.254	839	2540	777.4756	777	4756	1
806.4823	806	4823	735.8807	735	8807	3
698.0868	698	868	794.541	794	5410	2
864.2855	864	2855	852.9751	852	9751	4
895.5826	895	5826	849.9619	849	9619	3
505.9907	505	9907	499.6112	499	6112	1
683.2513	683	2513	733.5961	733	5961	2
815.4754	815	4754	875.567	875	5670	4
572.6431	572	6431	665.3997	665	3997	3
614.6287	614	6287	681.9028	681	9028	5
734.0615	734	615	668.5436	668	5436	1
683.8078	683	8078	663.6235	663	6235	5
917.2876	917	2876	997.5631	997	5631	2
531.4516	531	4516	442.1771	442	1771	4
636.1957	636	1957	589.5849	589	5849	4
602.6453	602	6453	529.4053	529	4053	4
755.4781	755	4781	769.8951	769	8951	1
766.4312	766	4312	861.4005	861	4005	1
889.0996	889	996	973.3905	973	3905	3
768.5386	768	5386	717.1593	717	1593	5
589.9185	589	9185	556.2845	556	2845	2
944.8401	944	8401	858.2141	858	2141	1
621.2482	621	2482	552.1657	552	1657	1
572.7059	572	7059	492.075	492	750	1
540.5119	540	5119	440.6598	440	6598	5
721.1392	721	1392	719.9691	719	9691	3
565.0889	565	889	649.8551	649	8551	2
950.1575	950	1575	996.7661	996	7661	3
765.15	765	1500	740.3619	740	3619	2
549.2613	549	2613	626.1389	626	1389	1
651.992	651	9920	745.4541	745	4541	2
603.0392	603	392	617.8374	617	8374	2
601.7436	601	7436	657.0196	657	196	4
595.714	595	7140	634.1533	634	1533	5
968.96	968	9600	1020.9708	1020	9708	3
996.9614	996	9614	905.1398	905	1398	1
600.7047	600	7047	683.9227	683	9227	1
897.8465	897	8465	899.5669	899	5669	4
557.4368	557	4368	576.8649	576	8649	1
919.3479	919	3479	994.3224	994	3224	5
510.4753	510	4753	478.6279	478	6279	4
791.1335	791	1335	845.4085	845	4085	3
601.7909	601	7909	555.1041	555	1041	4
673.3981	673	3981	771.3492	771	3492	2
822.2204	822	2204	887.7438	887	7438	1
985.9866	985	9866	942.8472	942	8472	3
521.0434	521	434	445.7545	445	7545	1
824.3337	824	3337	802.7971	802	7971	3
997.4179	997	4179	898.2477	898	2477	5
910.7782	910	7782	817.3032	817	3032	5
591.8723	591	8723	568.9564	568	9564	5
586.3364	586	3364	555.6903	555	6903	2
600.6184	600	6184	672.5172	672	5172	2
960.7557	960	7557	918.2803	918	2803	5
905.6776	905	6776	844.7652	844	7652	4
640.7655	640	7655	713.1771	713	1771	1
927.8949	927	8949	983.2494	983	2494	2
970.4017	970	4017	893.7785	893	7785	1
589.5582	589	5582	607.9431	607	9431	4
692.6801	692	6801	774.6113	774	6113	1
765.663	765	6630	815.9174	815	9174	1
987.5502	987	5502	948.5555	948	5555	2
795.3546	795	3546	740.6069	740	6069	4
867.0419	867	419	822.0952	822	952	1
581.2642	581	2642	481.7087	481	7087	1
508.3146	508	3146	605.5777	605	5777	1
862.0033	862	33	826.2349	826	2349	1
682.969	682	9690	715.6314	715	6314	3
651.1611	651	1611	649.3028	649	3028	2
919.0754	919	754	952.0999	952	999	3
847.9521	847	9521	855.112	855	1120	3
908.2716	908	2716	924.9307	924	9307	5
709.2089	709	2089	695.6665	695	6665	5
695.743	695	7430	707.2161	707	2161	1
580.6698	580	6698	593.2799	593	2799	3
778.4293	778	4293	728.5685	728	5685	1
679.7296	679	7296	699.2215	699	2215	5
601.3484	601	3484	589.1926	589	1926	5
601.7631	601	7631	579.3657	579	3657	5
675.7827	675	7827	696.6273	696	6273	2
758.1267	758	1267	703.4957	703	4957	2
692.2706	692	2706	697.3221	697	3221	4
507.7544	507	7544	547.3176	547	3176	5
858.7451	858	7451	775.1712	775	1712	3
651.6616	651	6616	715.7605	715	7605	1
912.432	912	4320	992.241	992	2410	3
744.1458	744	1458	834.3482	834	3482	1
578.5565	578	5565	547.01	547	100	4
628.4689	628	4689	681.0195	681	195	5
834.704	834	7040	791.4495	791	4495	4
516.8719	516	8719	466.7794	466	7794	4
893.132	893	1320	895.0951	895	951	3
820.2542	820	2542	839.1632	839	1632	2
811.2265	811	2265	756.5445	756	5445	3
759.8091	759	8091	816.3485	816	3485	3
902.1536	902	1536	871.8719	871	8719	2
566.1763	566	1763	659.1223	659	1223	3
868.8124	868	8124	939.5833	939	5833	4
830.1226	830	1226	882.6615	882	6615	5
964.3374	964	3374	954.425	954	4250	1
786.523	786	5230	789.8413	789	8413	3
676.7099	676	7099	635.7735	635	7735	4
872.2443	872	2443	929.5139	929	5139	2
742.732	742	7320	782.6661	782	6661	3
871.4529	871	4529	893.1478	893	1478	1
952.9141	952	9141	871.7938	871	7938	5
519.7965	519	7965	559.2346	559	2346	5
796.8178	796	8178	737.5274	737	5274	3
800.2625	800	2625	807.1446	807	1446	1
620.1948	620	1948	538.6002	538	6002	4
718.6005	718	6005	730.1547	730	1547	4
557.0244	557	244	610.6403	610	6403	2
558.1007	558	1007	531.0805	531	805	5
725.9901	725	9901	677.4722	677	4722	3
661.4047	661	4047	731.9696	731	9696	5
710.7623	710	7623	797.841	797	8410	5
637.4221	637	4221	568.7131	568	7131	2
905.5505	905	5505	964.3178	964	3178	2
534.3188	534	3188	490.0092	490	92	3
765.5263	765	5263	849.8907	849	8907	2
738.8897	738	8897	804.9254	804	9254	5
550.8259	550	8259	506.9467	506	9467	4
657.2935	657	2935	592.9858	592	9858	4
805.7791	805	7791	789.0887	789	887	1
607.0524	607	524	609.4912	609	4912	1
stocks
3162.3162	39816	3162	1
