items_number
200
stocks_number
1
digit
4
items
7210.2065	7210	2065	7940.0799	7940	799	4
5539.3112	5539	3112	6434.0477	6434	477	2
7076.9474	7076	9474	7185.0972	7185	972	4
6899.9302	6899	9302	7270.0464	7270	464	2
9434.316	9434	3160	8884.1531	8884	1531	3
6023.6661	6023	6661	5316.9372	5316	9372	1
5206.8797	5206	8797	5293.2757	5293	2757	5
7175.6003	7175	6003	7592.519	7592	5190	5
9364.5495	9364	5495	10030.4015	10030	4015	3
9129.1032	9129	1032	9175.506	9175	5060	2
7309.138	7309	1380	6332.2903	6332	2903	1
7503.3908	7503	3908	7025.0175	7025	175	1
9883.8633	9883	8633	10060.3681	10060	3681	3
5316.169	5316	1690	4438.6533	4438	6533	5
6229.3298	6229	3298	6860.7939	6860	7939	5
9705.0547	9705	547	10088.6893	10088	6893	4
7522.4696	7522	4696	6762.2127	6762	2127	2
8382.1166	8382	1166	9284.9246	9284	9246	5
5216.9268	5216	9268	4374.1461	4374	1461	4
7918.9237	7918	9237	8535.58	8535	5800	5
9683.213	9683	2130	8984.6345	8984	6345	4
9085.1797	9085	1797	8735.1614	8735	1614	3
5388.6887	5388	6887	5669.1278	5669	1278	4
9695.7282	9695	7282	10620.1431	10620	1431	4
6287.4983	6287	4983	6646.4617	6646	4617	3
7804.9106	7804	9106	7768.6794	7768	6794	4
9926.3383	9926	3383	10838.0844	10838	844	4
7210.0481	7210	481	7379.1401	7379	1401	2
9116.3428	9116	3428	9317.1608	9317	1608	5
8011.2447	8011	2447	8201.3343	8201	3343	3
9110.6232	9110	6232	8372.1717	8372	1717	3
7088.1845	7088	1845	6576.2406	6576	2406	3
8550.1911	8550	1911	8635.5402	8635	5402	1
6185.2058	6185	2058	6556.2688	6556	2688	1
8987.1147	8987	1147	9403.4451	9403	4451	2
7983.5071	7983	5071	8518.6932	8518	6932	1
7972.5071	7972	5071	8193.206	8193	2060	4
9957.9944	9957	9944	9017.7207	9017	7207	3
5921.1075	5921	1075	5429.3705	5429	3705	5
7335.0566	7335	566	7221.7656	7221	7656	1
9085.7328	9085	7328	8748.2267	8748	2267	5
8230.8807	8230	8807	7318.6607	7318	6607	1
9838.0826	9838	826	10246.9412	10246	9412	3
8967.2313	8967	2313	9807.5947	9807	5947	4
9310.0497	9310	497	8520.3141	8520	3141	5
6066.4124	6066	4124	5661.7351	5661	7351	3
9434.2861	9434	2861	9213.4422	9213	4422	2
7594.1545	7594	1545	6601.6849	6601	6849	3
5211.1643	5211	1643	4265.8179	4265	8179	4
9651.8481	9651	8481	9589.5882	9589	5882	5
5512.0782	5512	782	6136.265	6136	2650	5
9894.3773	9894	3773	9249.4524	9249	4524	4
9498.0278	9498	278	10086.7495	10086	7495	5
6663.4021	6663	4021	6124.5509	6124	5509	3
5350.1055	5350	1055	6187.7536	6187	7536	2
5784.1613	5784	1613	5287.3694	5287	3694	2
9467.3127	9467	3127	9449.2304	9449	2304	4
6038.079	6038	790	6786.8379	6786	8379	2
8757.2094	8757	2094	8987.5094	8987	5094	5
9346.6555	9346	6555	10086.3911	10086	3911	3
9049.3238	9049	3238	8987.3305	8987	3305	2
8630.4678	8630	4678	8679.681	8679	6810	2
7196.8401	7196	8401	6423.6316	6423	6316	2
7598.1501	7598	1501	6620.8706	6620	8706	4
9815.6736	9815	6736	9234.108	9234	1080	5
6946.59	6946	5900	7147.0767	7147	767	3
5581.6573	5581	6573	5695.722	5695	7220	4
7786.8159	7786	8159	8426.4721	8426	4721	3
6902.2197	6902	2197	7163.9555	7163	9555	1
7265.4	7265	4000	7887.0925	7887	925	4
5121.5077	5121	5077	4203.2377	4203	2377	3
5986.9525	5986	9525	6467.1822	6467	1822	2
6257.2807	6257	2807	6524.9114	6524	9114	1
5721.5904	5721	5904	5768.1789	5768	1789	2
5716.1839	5716	1839	5594.935	5594	9350	5
5566.9656	5566	9656	6043.3837	6043	3837	2
7551.0028	7551	28	7751.0722	7751	722	4
5912.1052	5912	1052	6569.3772	6569	3772	3
8924.1201	8924	1201	9408.2268	9408	2268	4
7762.1671	7762	1671	8016.0484	8016	484	2
6325.9533	6325	9533	5476.1236	5476	1236	4
9436.8335	9436	8335	9100.4917	9100	4917	3
8418.1796	8418	1796	8584.5007	8584	5007	5
5823.6163	5823	6163	6119.0313	6119	313	3
6861.2356	6861	2356	6543.0427	6543	427	3
9531.9204	9531	9204	9533.4126	9533	4126	4
7370.7776	7370	7776	7727.4006	7727	4006	1
7091.1835	7091	1835	7755.4312	7755	4312	1
5569.6346	5569	6346	5319.4087	5319	4087	2
6127.6222	6127	6222	5270.0682	5270	682	5
7199.4742	7199	4742	7602.8222	7602	8222	3
5380.5936	5380	5936	6068.7391	6068	7391	5
9757.09	9757	900	9949.9073	9949	9073	2
9395.9495	9395	9495	9583.612	9583	6120	1
7979.7438	7979	7438	8246.7679	8246	7679	4
5333.3988	5333	3988	5501.0153	5501	153	1
6340.5396	6340	5396	5728.8468	5728	8468	4
9323.4011	9323	4011	8703.49	8703	4900	2
8883.2147	8883	2147	8247.6455	8247	6455	5
8242.3945	8242	3945	8448.8023	8448	8023	1
6587.8011	6587	8011	7146.7406	7146	7406	2
9004.7224	9004	7224	8450.0414	8450	414	4
9229.347	9229	3470	8915.1427	8915	1427	2
7844.717	7844	7170	7669.8102	7669	8102	2
5487.948	5487	9480	5980.3784	5980	3784	5
5707.1661	5707	1661	5828.0777	5828	777	3
9174.3178	9174	3178	10033.1939	10033	1939	3
8801.9509	8801	9509	8493.4505	8493	4505	1
6619.2713	6619	2713	6397.613	6397	6130	2
8097.4379	8097	4379	8439.4207	8439	4207	2
7325.7532	7325	7532	8271.657	8271	6570	4
7945.8598	7945	8598	7874.7365	7874	7365	5
8295.9066	8295	9066	8858.0706	8858	706	1
6505.9329	6505	9329	6616.1578	6616	1578	1
9531.4761	9531	4761	10314.7677	10314	7677	5
5155.7774	5155	7774	4399.2714	4399	2714	3
6036.4885	6036	4885	6707.7285	6707	7285	1
6900.2537	6900	2537	7039.3265	7039	3265	2
8009.9609	8009	9609	8917.8607	8917	8607	3
6605.1231	6605	1231	6025.1372	6025	1372	2
8790.8759	8790	8759	9072.3946	9072	3946	4
5207.4351	5207	4351	5517.6829	5517	6829	2
6985.7168	6985	7168	7650.0346	7650	346	4
9309.6011	9309	6011	8782.3019	8782	3019	2
9603.3847	9603	3847	8657.4531	8657	4531	3
5726.4606	5726	4606	5214.8024	5214	8024	2
9643.9999	9643	9999	9841.4753	9841	4753	4
5942.5595	5942	5595	5384.2999	5384	2999	3
5048.8617	5048	8617	4916.2924	4916	2924	5
8525.8498	8525	8498	9087.279	9087	2790	3
9185.954	9185	9540	9390.2604	9390	2604	3
7398.298	7398	2980	8382.1913	8382	1913	2
8291.2075	8291	2075	7298.3203	7298	3203	1
9176.9362	9176	9362	9625.403	9625	4030	4
6005.6502	6005	6502	5370.0015	5370	15	3
9541.1555	9541	1555	10041.6986	10041	6986	2
5645.7376	5645	7376	5214.6388	5214	6388	3
5178.968	5178	9680	4401.3536	4401	3536	3
8342.7416	8342	7416	9092.3073	9092	3073	2
7264.6441	7264	6441	7168.2518	7168	2518	4
8275.4059	8275	4059	8397.9324	8397	9324	4
5666.1301	5666	1301	5918.9643	5918	9643	1
5971.504	5971	5040	6362.1465	6362	1465	5
7332.9477	7332	9477	7016.1612	7016	1612	1
7172.063	7172	630	8093.2803	8093	2803	1
6264.9801	6264	9801	6437.0724	6437	724	4
8250.7251	8250	7251	8178.4326	8178	4326	4
8208.1867	8208	1867	8799.0088	8799	88	1
8165.8691	8165	8691	7476.3988	7476	3988	3
6259.686	6259	6860	5651.4515	5651	4515	3
5575.3098	5575	3098	6143.1459	6143	1459	4
6954.745	6954	7450	7104.9515	7104	9515	1
7229.7563	7229	7563	7488.2927	7488	2927	5
8323.0266	8323	266	8112.3386	8112	3386	2
6263.9814	6263	9814	6443.4116	6443	4116	4
6831.7762	6831	7762	7145.7457	7145	7457	4
9813.1224	9813	1224	10090.1411	10090	1411	5
6668.6165	6668	6165	6045.8868	6045	8868	2
8537.3357	8537	3357	8850.2039	8850	2039	1
5623.6193	5623	6193	6325.5916	6325	5916	5
5192.4664	5192	4664	6131.1658	6131	1658	4
8484.9249	8484	9249	8002.4642	8002	4642	3
8022.5525	8022	5525	8264.7828	8264	7828	3
9246.3091	9246	3091	10192.6442	10192	6442	1
8422.4964	8422	4964	8946.8672	8946	8672	3
9027.2027	9027	2027	9634.9425	9634	9425	2
8786.0998	8786	998	8788.3428	8788	3428	2
9067.234	9067	2340	8159.6642	8159	6642	5
9968.1707	9968	1707	10355.2961	10355	2961	4
7127.8415	7127	8415	6435.6501	6435	6501	1
7093.8781	7093	8781	6647.916	6647	9160	3
9005.2118	9005	2118	8513.2285	8513	2285	4
8557.9716	8557	9716	9118.7726	9118	7726	3
8828.3821	8828	3821	9773.2207	9773	2207	2
6336.1595	6336	1595	6085.3896	6085	3896	5
6491.6698	6491	6698	6529.0529	6529	529	3
5091.9975	5091	9975	5208.2931	5208	2931	3
9586.8846	9586	8846	9820.9803	9820	9803	3
9699.8565	9699	8565	9327.0616	9327	616	5
8256.8666	8256	8666	8241.85	8241	8500	5
6607.2058	6607	2058	7233.4319	7233	4319	5
6036.8015	6036	8015	6789.3656	6789	3656	5
5973.2468	5973	2468	6665.8016	6665	8016	2
8837.9622	8837	9622	8721.7245	8721	7245	1
5121.4634	5121	4634	4662.7042	4662	7042	4
7999.2282	7999	2282	7870.2132	7870	2132	5
6430.7384	6430	7384	7185.6284	7185	6284	4
9934.5858	9934	5858	10309.0035	10309	35	5
5429.8448	5429	8448	5677.2583	5677	2583	3
5729.7094	5729	7094	5797.8322	5797	8322	4
5557.8404	5557	8404	5633.595	5633	5950	1
6384.3112	6384	3112	6127.5822	6127	5822	3
9213.6343	9213	6343	9356.2965	9356	2965	1
9342.3929	9342	3929	10217.3779	10217	3779	3
5629.2555	5629	2555	5317.2265	5317	2265	3
7634.1307	7634	1307	7300.3219	7300	3219	3
8368.5957	8368	5957	8849.3204	8849	3204	2
5177.3553	5177	3553	5424.7274	5424	7274	1
7463.9999	7463	9999	6778.986	6778	9860	2
9098.7664	9098	7664	8965.7746	8965	7746	5
stocks
4881.4881	483530	4881	1
