items_number
200
stocks_number
1
digit
6
items
628.808382	628	808382	703.532189	703	532189	2
630.294595	630	294595	713.483818	713	483818	3
921.065693	921	65693	875.090807	875	90807	2
636.126285	636	126285	673.087514	673	87514	5
805.921004	805	921004	865.997969	865	997969	4
904.580759	904	580759	804.97583	804	975830	4
501.696575	501	696575	588.549321	588	549321	3
635.756493	635	756493	596.321995	596	321995	5
583.674166	583	674166	588.551018	588	551018	4
917.068103	917	68103	872.244219	872	244219	2
817.896845	817	896845	893.83976	893	839760	1
669.967463	669	967463	594.713814	594	713814	1
976.787541	976	787541	1002.974721	1002	974721	1
878.211601	878	211601	972.895857	972	895857	4
884.817836	884	817836	797.711421	797	711421	2
999.711936	999	711936	940.41414	940	414140	1
748.008687	748	8687	701.94261	701	942610	3
591.832627	591	832627	620.936928	620	936928	4
772.419246	772	419246	744.188014	744	188014	4
989.062685	989	62685	1067.697256	1067	697256	5
612.790449	612	790449	537.230565	537	230565	1
698.760226	698	760226	645.302911	645	302911	2
822.62451	822	624510	748.683206	748	683206	5
999.078179	999	78179	1067.700757	1067	700757	3
927.009578	927	9578	918.350495	918	350495	5
571.094797	571	94797	603.208081	603	208081	3
938.417722	938	417722	1038.856455	1038	856455	2
641.948849	641	948849	661.504432	661	504432	1
547.439927	547	439927	578.202326	578	202326	2
760.905961	760	905961	818.753931	818	753931	1
612.056121	612	56121	523.123929	523	123929	1
676.764661	676	764661	631.734514	631	734514	5
890.200556	890	200556	880.751954	880	751954	1
532.121814	532	121814	447.728939	447	728939	4
558.890946	558	890946	600.336232	600	336232	1
694.637913	694	637913	644.264128	644	264128	4
682.218926	682	218926	598.704769	598	704769	2
559.103874	559	103874	587.399757	587	399757	4
576.910758	576	910758	587.586122	587	586122	5
766.893092	766	893092	737.255787	737	255787	2
722.688329	722	688329	805.158181	805	158181	5
893.323956	893	323956	879.940087	879	940087	5
681.376907	681	376907	678.483806	678	483806	4
944.47587	944	475870	953.132902	953	132902	2
770.535557	770	535557	699.835944	699	835944	1
564.194744	564	194744	524.709431	524	709431	2
943.704159	943	704159	943.061246	943	61246	3
765.060596	765	60596	747.778554	747	778554	3
655.543723	655	543723	745.160565	745	160565	1
961.123405	961	123405	983.763463	983	763463	3
753.639633	753	639633	663.990015	663	990015	4
513.850524	513	850524	578.391129	578	391129	3
659.399983	659	399983	728.066374	728	66374	4
822.264144	822	264144	758.673221	758	673221	1
511.445056	511	445056	543.606091	543	606091	2
832.925914	832	925914	742.931072	742	931072	1
639.875293	639	875293	707.395506	707	395506	5
696.862778	696	862778	727.462546	727	462546	5
973.391115	973	391115	1003.435505	1003	435505	1
686.31522	686	315220	634.597831	634	597831	1
956.285091	956	285091	944.730682	944	730682	3
832.447236	832	447236	823.073638	823	73638	3
608.079881	608	79881	561.332346	561	332346	3
591.002	591	2000	670.482636	670	482636	3
610.085403	610	85403	566.802577	566	802577	1
666.48718	666	487180	761.182782	761	182782	5
531.639913	531	639913	610.746763	610	746763	1
793.304329	793	304329	765.021551	765	21551	4
972.591054	972	591054	994.582539	994	582539	3
854.067023	854	67023	843.847089	843	847089	1
805.713773	805	713773	799.791542	799	791542	2
693.795735	693	795735	698.740719	698	740719	4
746.390979	746	390979	771.787176	771	787176	5
986.090681	986	90681	1027.275348	1027	275348	1
637.271606	637	271606	701.387825	701	387825	1
763.926536	763	926536	818.137325	818	137325	2
796.801777	796	801777	696.984778	696	984778	2
826.975765	826	975765	789.963274	789	963274	5
527.987132	527	987132	463.430084	463	430084	4
951.3455	951	345500	1041.145343	1041	145343	4
786.615522	786	615522	822.240942	822	240942	4
526.626766	526	626766	472.420099	472	420099	5
710.712376	710	712376	764.050677	764	50677	1
945.531857	945	531857	949.821519	949	821519	2
594.407262	594	407262	526.607524	526	607524	5
721.157432	721	157432	657.656767	657	656767	5
523.974123	523	974123	537.752592	537	752592	2
733.282555	733	282555	783.00303	783	3030	4
917.536563	917	536563	984.633517	984	633517	4
996.365239	996	365239	1090.702301	1090	702301	4
666.597775	666	597775	714.600861	714	600861	2
618.821654	618	821654	523.878403	523	878403	1
827.812475	827	812475	761.775938	761	775938	1
520.194008	520	194008	420.447411	420	447411	1
956.823654	956	823654	990.875243	990	875243	3
938.41423	938	414230	929.578515	929	578515	1
687.681188	687	681188	782.144397	782	144397	5
734.979919	734	979919	746.136211	746	136211	1
977.718559	977	718559	990.114271	990	114271	1
658.788594	658	788594	675.726935	675	726935	5
587.046943	587	46943	638.497505	638	497505	1
527.432333	527	432333	433.905812	433	905812	3
598.100682	598	100682	670.981858	670	981858	3
834.437922	834	437922	809.284681	809	284681	2
512.523014	512	523014	559.695364	559	695364	3
982.372288	982	372288	967.883887	967	883887	5
843.880811	843	880811	772.93621	772	936210	4
808.841143	808	841143	806.680142	806	680142	1
807.864405	807	864405	805.361366	805	361366	1
870.867943	870	867943	786.366294	786	366294	4
504.186643	504	186643	491.33969	491	339690	5
592.996279	592	996279	525.602307	525	602307	4
642.011061	642	11061	554.300597	554	300597	3
714.415371	714	415371	806.390366	806	390366	2
784.044488	784	44488	772.423827	772	423827	3
737.934675	737	934675	833.90812	833	908120	4
681.089156	681	89156	608.561337	608	561337	1
807.018612	807	18612	859.176419	859	176419	1
970.21723	970	217230	965.425354	965	425354	5
845.625719	845	625719	889.709058	889	709058	2
548.383851	548	383851	544.392924	544	392924	2
882.331357	882	331357	825.540419	825	540419	3
963.963725	963	963725	1012.587462	1012	587462	2
622.712678	622	712678	652.168862	652	168862	2
903.525366	903	525366	846.502034	846	502034	3
665.303732	665	303732	597.462705	597	462705	2
559.126909	559	126909	630.261582	630	261582	5
836.722906	836	722906	925.646431	925	646431	4
899.800003	899	800003	943.113121	943	113121	2
782.845468	782	845468	716.375852	716	375852	5
740.027853	740	27853	695.88757	695	887570	5
986.846946	986	846946	980.610625	980	610625	4
809.794153	809	794153	900.795868	900	795868	4
838.128535	838	128535	764.383634	764	383634	3
565.801221	565	801221	585.40951	585	409510	2
567.833519	567	833519	555.491232	555	491232	3
819.017175	819	17175	830.267521	830	267521	4
908.682032	908	682032	907.34572	907	345720	5
875.674662	875	674662	961.171374	961	171374	4
872.397932	872	397932	780.628887	780	628887	2
523.066327	523	66327	538.226218	538	226218	1
625.377657	625	377657	597.025268	597	25268	5
965.394211	965	394211	1058.231194	1058	231194	2
666.593741	666	593741	644.526814	644	526814	5
585.793029	585	793029	498.929837	498	929837	1
995.438699	995	438699	975.169225	975	169225	1
903.528416	903	528416	826.949138	826	949138	1
766.882185	766	882185	706.491174	706	491174	4
801.457311	801	457311	732.859847	732	859847	4
618.261999	618	261999	636.888697	636	888697	5
610.024256	610	24256	645.714437	645	714437	5
595.357514	595	357514	622.252771	622	252771	5
500.593356	500	593356	561.429116	561	429116	4
820.504333	820	504333	803.301899	803	301899	3
717.070193	717	70193	624.421633	624	421633	3
649.118722	649	118722	553.93115	553	931150	3
985.808065	985	808065	1001.278808	1001	278808	1
522.197102	522	197102	550.683214	550	683214	2
985.357981	985	357981	1078.577581	1078	577581	1
629.124421	629	124421	538.906132	538	906132	4
804.558922	804	558922	866.57327	866	573270	4
724.385834	724	385834	671.465151	671	465151	1
861.487719	861	487719	815.516757	815	516757	2
612.353076	612	353076	665.369138	665	369138	4
809.514369	809	514369	732.848784	732	848784	5
673.28894	673	288940	747.926267	747	926267	4
679.186595	679	186595	619.860369	619	860369	2
874.047896	874	47896	858.63051	858	630510	5
827.487324	827	487324	799.786191	799	786191	5
800.861258	800	861258	725.545947	725	545947	2
746.445828	746	445828	688.773601	688	773601	3
851.070004	851	70004	889.526614	889	526614	5
671.238915	671	238915	618.571215	618	571215	1
710.840039	710	840039	644.518999	644	518999	5
763.180097	763	180097	829.567632	829	567632	5
756.548296	756	548296	717.015257	717	15257	3
704.79509	704	795090	718.688224	718	688224	5
912.224865	912	224865	1001.516771	1001	516771	5
769.946833	769	946833	720.020636	720	20636	3
751.768754	751	768754	747.548071	747	548071	5
529.486864	529	486864	535.919672	535	919672	1
625.971089	625	971089	661.735072	661	735072	4
592.126268	592	126268	665.315047	665	315047	4
776.080221	776	80221	743.348788	743	348788	4
945.475423	945	475423	864.036971	864	36971	4
810.712813	810	712813	890.736679	890	736679	2
925.715295	925	715295	846.279938	846	279938	1
675.79984	675	799840	660.829982	660	829982	4
578.909915	578	909915	586.934097	586	934097	5
909.073276	909	73276	822.371723	822	371723	3
550.924261	550	924261	494.736115	494	736115	3
883.98519	883	985190	802.507367	802	507367	5
880.45911	880	459110	790.351079	790	351079	5
912.928333	912	928333	860.767076	860	767076	1
741.338266	741	338266	763.390709	763	390709	4
688.489831	688	489831	772.714067	772	714067	4
831.217273	831	217273	752.207548	752	207548	4
921.041213	921	41213	933.251078	933	251078	5
808.054079	808	54079	775.344577	775	344577	1
657.22095	657	220950	601.993739	601	993739	4
stocks
1569.607499	1569	607499	1
