items_number
200
stocks_number
1
digit
6
items
933381.9958	933381	995806	973882.5312	973882	531215	3
708242.6475	708242	647467	727990.3937	727990	393695	1
977000.8745	977000	874492	960790.9288	960790	928817	3
698246.1431	698246	143082	752949.4797	752949	479667	2
613754.5305	613754	530471	591397.8754	591397	875417	3
588514.7853	588514	785348	527594.6262	527594	626202	2
605268.2273	605268	227335	624718.2923	624718	292290	5
805767.2997	805767	299706	845016.2692	845016	269182	3
794754.8787	794754	878665	837362.9756	837362	975569	4
937075.0455	937075	45497	888494.4773	888494	477303	5
515063.8748	515063	874802	437921.4457	437921	445733	4
619501.2105	619501	210472	605783.7069	605783	706883	5
655207.159	655207	159041	727057.1225	727057	122458	5
707934.8267	707934	826693	629485.2926	629485	292571	4
920634.1057	920634	105729	1019939.007	1019939	6949	3
878511.8239	878511	823941	871688.1802	871688	180185	4
561020.1038	561020	103830	518193.7022	518193	702189	4
918697.175	918697	174995	898117.5336	898117	533615	5
980478.0655	980478	65517	962155.404	962155	404022	1
863277.9132	863277	913155	832144.9814	832144	981376	3
861936.1115	861936	111532	871618.8963	871618	896274	1
502446.0463	502446	46303	535690.7112	535690	711202	1
508346.1254	508346	125383	460387.6127	460387	612744	4
674387.8191	674387	819135	575995.4174	575995	417363	5
731265.7248	731265	724751	730203.8069	730203	806879	3
688249.7083	688249	708311	597029.6932	597029	693192	4
993532.2387	993532	238740	990480.6095	990480	609501	4
601008.6003	601008	600324	660732.7021	660732	702092	5
791091.0718	791091	71843	849726.001	849726	1003	1
818130.6185	818130	618476	902322.3749	902322	374854	5
753555.7857	753555	785704	738966.1247	738966	124674	5
724471.584	724471	584001	723607.0464	723607	46423	3
526371.2659	526371	265943	530310.7685	530310	768549	3
751202.6602	751202	660197	747493.0535	747493	53491	2
943365.7271	943365	727083	1024293.04	1024293	40294	5
660772.3128	660772	312767	669443.644	669443	643966	2
860363.9619	860363	961897	822823.1939	822823	193897	5
548632.4708	548632	470770	549009.3326	549009	332583	1
966540.1288	966540	128825	1041549.427	1041549	427352	1
655116.8406	655116	840563	687274.1695	687274	169466	1
506353.0326	506353	32619	485239.3241	485239	324090	1
502249.0036	502249	3627	600116.8731	600116	873085	5
795265.5674	795265	567387	713704.3906	713704	390553	5
661561.708	661561	708013	739386.4465	739386	446547	2
710183.3467	710183	346673	756690.6799	756690	679860	5
715898.1895	715898	189468	760732.3975	760732	397502	4
560718.532	560718	531954	531720.1409	531720	140936	5
791850.4505	791850	450503	695529.382	695529	382049	3
655241.3645	655241	364464	579494.9311	579494	931116	3
541195.5975	541195	597471	520963.545	520963	544957	2
675773.88	675773	880010	648320.8776	648320	877630	3
517177.9923	517177	992348	478201.3416	478201	341595	5
564289.1601	564289	160126	477300.7704	477300	770363	3
704766.0054	704766	5394	656443.4904	656443	490374	1
712211.8115	712211	811483	674844.2732	674844	273162	5
816201.8849	816201	884877	828150.0914	828150	91448	2
893015.2301	893015	230057	980562.6978	980562	697770	1
705743.0502	705743	50223	692413.8827	692413	882662	5
917210.0016	917210	1554	1015972.794	1015972	793539	1
704753.8183	704753	818252	678024.213	678024	212978	2
523872.1851	523872	185052	621823.2575	621823	257517	5
691411.7873	691411	787258	602672.9182	602672	918212	2
949871.4023	949871	402253	1022278.259	1022278	259400	1
570890.9673	570890	967347	572779.5403	572779	540270	4
942613.9638	942613	963807	877254.4859	877254	485907	3
893235.6457	893235	645689	873658.2997	873658	299693	2
752309.7965	752309	796466	662868.1842	662868	184236	5
802976.9257	802976	925705	800078.6798	800078	679804	5
962514.1165	962514	116459	1043315.146	1043315	146480	3
739495.9253	739495	925292	825063.6116	825063	611588	1
978739.2826	978739	282620	907998.8493	907998	849269	5
989515.1491	989515	149079	1076291.471	1076291	470570	3
741745.4453	741745	445271	752269.9989	752269	998877	2
794650.85	794650	850007	869438.754	869438	754027	1
671722.8571	671722	857092	736322.4313	736322	431321	4
972575.7919	972575	791944	929605.6787	929605	678737	1
531194.0395	531194	39476	477904.1515	477904	151529	4
732440.9054	732440	905398	795131.5723	795131	572257	5
764425.2424	764425	242448	852225.575	852225	574990	5
686436.9203	686436	920292	657399.5968	657399	596849	3
794283.5029	794283	502869	736741.6314	736741	631418	4
960845.6388	960845	638810	1048281.453	1048281	452620	2
724260.9126	724260	912640	683337.4526	683337	452648	2
879219.663	879219	662996	834688.4018	834688	401782	3
665611.1606	665611	160556	604723.4572	604723	457198	4
936471.2405	936471	240475	885270.7258	885270	725809	3
695419.0642	695419	64225	689926.0074	689926	7434	4
558625.907	558625	906966	612373.6692	612373	669173	5
662860.8071	662860	807051	625418.6085	625418	608471	5
633275.5821	633275	582131	626543.801	626543	800972	4
784025.7252	784025	725218	711043.8821	711043	882150	1
707379.9921	707379	992103	667888.3802	667888	380192	1
824687.8857	824687	885742	756306.7192	756306	719185	5
733896.6438	733896	643824	760410.6558	760410	655754	3
798916.9594	798916	959450	861314.9205	861314	920461	4
787946.8495	787946	849549	754206.7193	754206	719296	4
647777.2895	647777	289513	554714.4697	554714	469651	5
551225.2723	551225	272269	551272.6189	551272	618902	5
611568.7753	611568	775254	674930.3991	674930	399100	5
610291.9223	610291	922324	698029.6161	698029	616130	2
811367.1976	811367	197561	724070.7447	724070	744694	2
610954.0579	610954	57874	630664.7626	630664	762574	1
599805.5878	599805	587755	601407.6009	601407	600904	1
553111.1592	553111	159184	576338.7436	576338	743571	3
905604.4242	905604	424234	827191.5166	827191	516601	1
771527.9612	771527	961199	737728.0322	737728	32226	1
546333.9511	546333	951129	553680.9365	553680	936512	5
957446.9801	957446	980062	925743.6681	925743	668129	1
524613.8666	524613	866597	453505.6045	453505	604482	2
831405.7099	831405	709929	753640.5115	753640	511502	5
643881.9004	643881	900354	610231.7792	610231	779182	5
839543.8858	839543	885819	810893.2359	810893	235900	5
792249.3487	792249	348739	701919.4783	701919	478327	1
888788.813	888788	812994	841304.2318	841304	231830	4
718761.0652	718761	65167	672670.1519	672670	151886	2
957860.5093	957860	509296	906642.4497	906642	449729	2
845905.5698	845905	569821	847220.9576	847220	957638	3
934828.1294	934828	129392	983244.1593	983244	159319	2
537132.4163	537132	416262	566751.1189	566751	118902	1
508765.3769	508765	376872	572638.0803	572638	80314	2
568102.2279	568102	227876	636876.9603	636876	960291	2
821157.6578	821157	657832	877795.5153	877795	515256	3
736791.369	736791	368975	788262.9747	788262	974710	2
913436.1136	913436	113618	813828.1937	813828	193681	1
575699.818	575699	818008	558850.171	558850	171010	5
556354.8448	556354	844778	570223.4094	570223	409376	5
722029.9632	722029	963167	688681.913	688681	912976	2
723477.6239	723477	623873	713565.6407	713565	640660	4
628226.117	628226	117047	669231.0283	669231	28278	5
854244.2548	854244	254774	911348.8263	911348	826281	1
854415.5462	854415	546198	759329.771	759329	770995	2
939593.831	939593	830960	993301.773	993301	772971	3
965198.829	965198	829000	869100.5889	869100	588855	4
954220.6503	954220	650305	960736.3719	960736	371899	4
513351.9901	513351	990144	417375.0307	417375	30747	1
891449.2532	891449	253234	816938.1055	816938	105456	4
746393.6115	746393	611505	746200.4041	746200	404124	4
559684.4576	559684	457625	498144.9673	498144	967258	2
848894.7496	848894	749648	769770.2878	769770	287789	2
771006.9945	771006	994454	799705.5228	799705	522810	1
911736.1676	911736	167554	872431.993	872431	992965	3
513421.65	513421	650002	500647.067	500647	66971	3
631196.8803	631196	880273	658334.7587	658334	758710	2
703984.0326	703984	32646	674349.9855	674349	985496	4
902209.9793	902209	979348	941951.813	941951	813004	1
849957.9454	849957	945440	858093.4248	858093	424800	1
661844.5419	661844	541942	608080.4352	608080	435225	2
748113.5492	748113	549170	816259.2848	816259	284847	4
805431.5912	805431	591185	761983.0983	761983	98324	2
719623.4746	719623	474556	795478.0683	795478	68332	2
777525.926	777525	926042	736632.8794	736632	879364	2
873534.8191	873534	819061	925949.5728	925949	572819	4
561426.6487	561426	648740	593918.5836	593918	583587	4
534963.8114	534963	811370	445541.8541	445541	854074	4
807616.449	807616	449031	860423.7665	860423	766499	1
637126.4667	637126	466749	552769.2688	552769	268802	3
591317.1725	591317	172500	542853.2635	542853	263451	5
529644.4122	529644	412198	576192.1937	576192	193680	2
881250.0906	881250	90622	814070.9095	814070	909461	4
719543.8059	719543	805899	812084.8059	812084	805932	1
883889.1833	883889	183324	814629.02	814629	19961	5
735664.1532	735664	153172	673399.1947	673399	194661	2
679782.6369	679782	636859	653119.5789	653119	578904	4
869733.0123	869733	12325	931466.123	931466	123020	3
710530.8035	710530	803478	754781.5666	754781	566560	1
693133.1434	693133	143355	670494.1239	670494	123855	1
761181.7819	761181	781911	848403.2285	848403	228475	3
956923.9313	956923	931335	1028070.485	1028070	484888	4
773464.601	773464	600981	789285.6053	789285	605318	2
630721.5316	630721	531560	665908.0305	665908	30468	1
748575.4421	748575	442141	675509.0077	675509	7699	1
685199.2849	685199	284887	688804.5983	688804	598283	5
644142.1816	644142	181562	566554.6116	566554	611642	4
879771.3224	879771	322415	860933.2806	860933	280613	3
909831.3175	909831	317533	983801.098	983801	97984	5
566997.6773	566997	677263	556240.4246	556240	424646	1
750375.7842	750375	784207	839673.7054	839673	705412	5
592321.3758	592321	375827	639616.5332	639616	533208	1
815111.7428	815111	742785	899589.2237	899589	223697	1
555805.8917	555805	891744	628744.3179	628744	317940	1
811944.8504	811944	850383	835094.6015	835094	601539	2
613282.6688	613282	668827	556867.1031	556867	103062	3
949986.2272	949986	227157	975339.8908	975339	890758	1
894017.0155	894017	15476	976748.6993	976748	699331	2
648245.9965	648245	996549	602408.4713	602408	471340	1
757602.6762	757602	676188	662850.6573	662850	657257	2
551789.9986	551789	998577	577252.9681	577252	968132	1
739562.169	739562	169049	745261.249	745261	248995	2
807893.6047	807893	604739	786779.3651	786779	365142	5
933039.0892	933039	89199	991323.3918	991323	391798	4
979752.9749	979752	974948	977991.0549	977991	54928	3
691781.7881	691781	788063	701407.8993	701407	899306	1
689349.7587	689349	758724	785368.5865	785368	586459	3
659534.1282	659534	128159	731110.148	731110	148036	1
582161.8004	582161	800388	553519.0223	553519	22327	5
899879.0786	899879	78554	867237.6672	867237	667223	3
873314.7879	873314	787867	949341.2719	949341	271890	1
843342.0987	843342	98652	929012.765	929012	765005	3
877448.0099	877448	9889	815953.1521	815953	152111	3
667425.9052	667425	905200	586361.8772	586361	877207	4
stocks
671722.8571	671722	857092	1
