items_number
200
stocks_number
1
digit
2
items
852467.76	852467	76	889134.89	889134	89	3
956761.34	956761	34	981186.49	981186	49	1
695018.71	695018	71	606889.98	606889	98	5
598164.79	598164	79	633679.56	633679	56	4
899412.76	899412	76	866544.25	866544	25	1
520361.83	520361	83	506987.67	506987	67	3
867422.94	867422	94	808909.59	808909	59	1
560439.44	560439	44	631779.05	631779	5	4
526966.82	526966	82	504773.53	504773	53	5
714913.16	714913	16	812511.98	812511	98	3
519607.09	519607	9	553159.59	553159	59	1
521470.49	521470	49	502582.94	502582	94	1
990972.93	990972	93	1081685.54	1081685	54	1
996948.07	996948	7	1065619.73	1065619	73	5
810128.35	810128	35	905088.52	905088	52	1
882533.9	882533	90	826311.68	826311	68	3
986917.98	986917	98	943275.77	943275	77	2
622575.83	622575	83	530239.32	530239	32	3
649642.34	649642	34	688914.25	688914	25	5
700795.34	700795	34	691159.86	691159	86	5
504181.48	504181	48	501678.55	501678	55	2
769970.16	769970	16	849777.33	849777	33	2
853353.83	853353	83	792860.59	792860	59	5
654610.39	654610	39	562726.56	562726	56	1
924585.31	924585	31	990820.66	990820	66	1
781948.3	781948	30	739579.32	739579	32	2
656670.64	656670	64	599428.57	599428	57	3
544550.52	544550	52	559162.94	559162	94	5
919753.05	919753	5	915731.03	915731	3	5
514835.25	514835	25	574791.15	574791	15	4
944437.71	944437	71	884403.42	884403	42	5
792866.81	792866	81	725510.91	725510	91	5
971596.11	971596	11	883065.62	883065	62	4
639454.95	639454	95	718381.38	718381	38	5
891031.6	891031	60	886279.48	886279	48	5
891655.39	891655	39	797345.84	797345	84	4
680462.78	680462	78	646014.06	646014	6	4
779099.06	779099	6	815834.05	815834	5	5
972741.83	972741	83	1049772.88	1049772	88	4
707429.6	707429	60	750789.56	750789	56	1
994012.22	994012	22	1028344.03	1028344	3	4
992348.93	992348	93	930019.45	930019	45	5
749546.61	749546	61	801107.5	801107	50	1
505629.16	505629	16	530673.54	530673	54	4
989296.52	989296	52	895637.16	895637	16	4
559673.96	559673	96	606193.01	606193	1	3
908809.58	908809	58	904720.22	904720	22	3
996859.5	996859	50	1086649.93	1086649	93	2
702895.79	702895	79	684169.32	684169	32	1
558450.92	558450	92	620723.46	620723	46	3
718300.36	718300	36	698453.79	698453	79	1
707076.8	707076	80	785847.84	785847	84	4
828421.08	828421	8	870500.76	870500	76	4
571652.2	571652	20	518402.36	518402	36	1
861687.71	861687	71	948575.4	948575	40	1
773652.92	773652	92	709054.43	709054	43	4
874247.5	874247	50	878628.65	878628	65	2
539003.87	539003	87	595738.94	595738	94	3
818202.44	818202	44	795305.35	795305	35	5
814647.55	814647	55	715005.66	715005	66	3
553838.12	553838	12	570528.1	570528	10	1
783285.68	783285	68	800354.76	800354	76	4
607512.88	607512	88	667604.57	667604	57	4
546081.23	546081	23	501330.69	501330	69	4
922740.63	922740	63	918735.15	918735	15	5
519189.48	519189	48	474528.03	474528	3	4
958383.62	958383	62	919322.53	919322	53	4
623848.93	623848	93	612485.18	612485	18	1
798289.55	798289	55	817452.08	817452	8	5
931123.98	931123	98	996182.39	996182	39	4
831277.05	831277	5	763273.73	763273	73	1
812947.77	812947	77	893532.08	893532	8	4
923470.91	923470	91	953290.83	953290	83	3
580822.66	580822	66	591468.21	591468	21	1
839224.45	839224	45	771941.62	771941	62	4
933412.95	933412	95	896662.96	896662	96	1
661142.15	661142	15	618307.21	618307	21	4
748032.03	748032	3	703750.81	703750	81	2
950918.45	950918	45	903957.89	903957	89	4
864038.46	864038	46	902477.51	902477	51	1
806483.96	806483	96	724473.26	724473	26	4
669217.33	669217	33	629499.66	629499	66	5
591760.26	591760	26	536059.33	536059	33	1
655550.56	655550	56	642708.02	642708	2	2
761517.53	761517	53	768549.99	768549	99	5
974094.49	974094	49	905280.73	905280	73	1
949849	949849	0	972409.42	972409	42	2
635763.56	635763	56	674265.63	674265	63	3
513096.36	513096	36	528106.65	528106	65	5
768051.97	768051	97	794804.77	794804	77	1
950410.63	950410	63	989270.29	989270	29	2
566935.48	566935	48	625724.72	625724	72	5
571982.65	571982	65	515803.51	515803	51	1
578569.52	578569	52	504609.83	504609	83	1
633663.23	633663	23	547700.41	547700	41	5
994722.8	994722	80	961628.65	961628	65	3
618405.52	618405	52	526873.84	526873	84	4
592045.38	592045	38	494111.93	494111	93	5
639217.25	639217	25	694760.8	694760	80	5
937341.07	937341	7	964972.91	964972	91	3
523167.36	523167	36	590292.32	590292	32	3
970494.3	970494	30	985122.51	985122	51	5
750288.37	750288	37	758503.96	758503	96	3
967284.79	967284	79	964228.13	964228	13	1
571963.48	571963	48	497236.72	497236	72	2
610158.82	610158	82	578180.56	578180	56	2
900696.74	900696	74	960891.1	960891	10	3
733105.63	733105	63	642632.9	642632	90	2
858190.86	858190	86	881930.38	881930	38	3
851613.71	851613	71	891936.96	891936	96	2
597142.1	597142	10	572198.39	572198	39	2
685319.34	685319	34	727049.63	727049	63	1
541476.04	541476	4	442080.63	442080	63	3
688903.88	688903	88	708258.72	708258	72	4
861516.42	861516	42	917493.64	917493	64	4
802993.1	802993	10	810629.6	810629	60	4
662996.9	662996	90	640626.43	640626	43	1
811365.43	811365	43	716990.07	716990	7	2
959404.18	959404	18	1032631.23	1032631	23	1
676093.26	676093	26	768733.08	768733	8	5
600062.4	600062	40	632440.81	632440	81	2
930460.81	930460	81	869635.49	869635	49	2
763675.27	763675	27	815103.8	815103	80	4
672044.57	672044	57	675333.32	675333	32	4
509028.85	509028	85	474243.33	474243	33	4
897338.5	897338	50	962804.19	962804	19	5
687413.89	687413	89	757608.95	757608	95	3
627434.38	627434	38	601117.17	601117	17	4
989383.4	989383	40	984004.13	984004	13	4
826630.14	826630	14	779456.75	779456	75	2
585421.97	585421	97	613825.06	613825	6	2
533196.76	533196	76	622031.42	622031	42	2
817770.44	817770	44	812313.27	812313	27	1
856356.34	856356	34	920064.99	920064	99	1
500479.55	500479	55	486258.55	486258	55	4
889733.44	889733	44	836638.96	836638	96	5
966514.17	966514	17	898243.56	898243	56	2
901175.81	901175	81	974238.62	974238	62	3
622838.08	622838	8	579270.86	579270	86	1
845351.55	845351	55	900820.91	900820	91	1
773434.52	773434	52	713908.58	713908	58	1
719980.7	719980	70	678557.24	678557	24	3
530669.89	530669	89	454956.54	454956	54	3
835558.57	835558	57	776637.21	776637	21	3
929530.1	929530	10	1007462.95	1007462	95	3
892186.83	892186	83	972450.16	972450	16	1
638550.19	638550	19	614354.79	614354	79	1
592526	592526	0	548087.36	548087	36	4
724197.26	724197	26	810087.2	810087	20	2
618600.37	618600	37	567631.02	567631	2	3
789266.27	789266	27	864556.41	864556	41	3
824259.66	824259	66	769615.01	769615	1	5
549060.18	549060	18	537266.51	537266	51	2
552940.06	552940	6	579658.21	579658	21	4
516949.23	516949	23	565594.33	565594	33	1
578735.56	578735	56	632157.81	632157	81	5
970925.08	970925	8	890197.4	890197	40	5
725009.12	725009	12	743848.28	743848	28	5
726816.46	726816	46	781010.97	781010	97	4
980954.49	980954	49	994847.5	994847	50	4
551638.78	551638	78	550392.01	550392	1	2
812238.43	812238	43	794835.01	794835	1	2
514149.77	514149	77	516876.91	516876	91	2
869409.74	869409	74	889795.25	889795	25	4
668593.78	668593	78	614898.99	614898	99	2
514628.33	514628	33	530223.44	530223	44	2
779788.19	779788	19	847079.21	847079	21	3
655754.47	655754	47	633788.55	633788	55	1
936451.14	936451	14	852197.06	852197	6	4
902626.79	902626	79	953439.06	953439	6	1
501104.54	501104	54	561697.46	561697	46	1
730531.19	730531	19	686752.64	686752	64	5
643253.49	643253	49	552642.29	552642	29	3
531773.95	531773	95	616653.97	616653	97	4
586735.28	586735	28	584035.82	584035	82	2
572782.59	572782	59	587193.22	587193	22	2
944606.78	944606	78	936839.14	936839	14	1
745933.47	745933	47	746126.61	746126	61	5
685955.12	685955	12	683016.55	683016	55	2
689449.05	689449	5	667571.33	667571	33	5
864533.84	864533	84	913757.61	913757	61	2
975221.91	975221	91	947572.95	947572	95	5
513707.71	513707	71	537185.32	537185	32	1
913593.54	913593	54	978113.1	978113	10	3
548807.97	548807	97	574965.17	574965	17	5
551304.47	551304	47	523427.62	523427	62	1
992329.62	992329	62	937359.88	937359	88	3
540378.05	540378	5	585808.54	585808	54	4
776313.11	776313	11	794364.87	794364	87	3
719144.08	719144	8	745457.83	745457	83	3
521331.06	521331	6	607743.02	607743	2	4
848599.9	848599	90	892494.87	892494	87	1
552028.52	552028	52	460938.83	460938	83	4
535480.84	535480	84	451707.9	451707	90	2
738654.64	738654	64	702934.13	702934	13	4
720622.82	720622	82	802927.82	802927	82	2
570756.69	570756	69	529668.35	529668	35	3
518441.83	518441	83	577102.31	577102	31	4
876376.29	876376	29	963804.36	963804	36	4
527853.35	527853	35	502511.4	502511	40	2
stocks
95.95	46694808	95	1
