items_number
200
stocks_number
1
digit
4
items
79481.1005	79481	1005	75228.178	75228	1780	5
71991.1715	71991	1715	62631.0195	62631	195	1
85149.9305	85149	9305	77863.6191	77863	6191	1
99665.1692	99665	1692	97303.5034	97303	5034	2
80162.1723	80162	1723	87826.576	87826	5760	1
68183.9817	68183	9817	72318.2783	72318	2783	1
74343.556	74343	5560	83684.8482	83684	8482	3
50266.6814	50266	6814	58256.3131	58256	3131	2
90950.9375	90950	9375	100215.1691	100215	1691	3
64934.2333	64934	2333	69338.8248	69338	8248	1
90527.3912	90527	3912	87718.9379	87718	9379	2
64252.7563	64252	7563	65338.3592	65338	3592	5
80368.6163	80368	6163	75037.3592	75037	3592	3
80506.4997	80506	4997	75646.6004	75646	6004	5
77959.859	77959	8590	76651.904	76651	9040	4
73161.0562	73161	562	63702.9914	63702	9914	4
97499.0367	97499	367	106742.5905	106742	5905	5
76437.074	76437	740	80223.1406	80223	1406	4
69211.0503	69211	503	64778.209	64778	2090	2
63028.1761	63028	1761	60588.6986	60588	6986	4
98342.3636	98342	3636	102001.5435	102001	5435	3
89992.7324	89992	7324	83981.2124	83981	2124	4
92745.2387	92745	2387	85499.7566	85499	7566	5
55434.2272	55434	2272	55305.0933	55305	933	5
59737.7766	59737	7766	50186.6084	50186	6084	3
65257.189	65257	1890	61901.0332	61901	332	4
53761.249	53761	2490	52480.6169	52480	6169	3
64480.0188	64480	188	54575.9821	54575	9821	5
76294.4651	76294	4651	70025.1297	70025	1297	3
55583.9824	55583	9824	58102.396	58102	3960	4
78629.3203	78629	3203	73502.6397	73502	6397	5
65075.2008	65075	2008	64553.4658	64553	4658	5
77574.7891	77574	7891	80733.4155	80733	4155	5
63777.8861	63777	8861	61364.2588	61364	2588	2
64739.37	64739	3700	55575.1274	55575	1274	1
67036.9614	67036	9614	67858.9914	67858	9914	2
81960.503	81960	5030	77402.537	77402	5370	3
98383.5612	98383	5612	88559.9755	88559	9755	1
76603.6429	76603	6429	79135.3045	79135	3045	5
82210.0758	82210	758	80637.8642	80637	8642	2
63317.4297	63317	4297	67897.9585	67897	9585	3
67130.0341	67130	341	60574.4007	60574	4007	3
55762.8321	55762	8321	65275.3816	65275	3816	1
52985.046	52985	460	45954.3177	45954	3177	1
97636.5338	97636	5338	96220.0011	96220	11	2
83722.3264	83722	3264	85648.2857	85648	2857	4
76147.1022	76147	1022	73378.4673	73378	4673	1
54434.2058	54434	2058	55982.7497	55982	7497	1
69459.0356	69459	356	65170.4262	65170	4262	5
54658.7877	54658	7877	57456.6762	57456	6762	2
67462.3819	67462	3819	60290.4483	60290	4483	2
67800.0344	67800	344	60890.1279	60890	1279	2
94650.5202	94650	5202	85157.8885	85157	8885	2
69507.2558	69507	2558	68810.3631	68810	3631	1
73235.2616	73235	2616	76196.2212	76196	2212	3
63687.932	63687	9320	54644.6552	54644	6552	1
94066.4448	94066	4448	100013.3963	100013	3963	1
86297.5106	86297	5106	77977.9962	77977	9962	2
78168.9508	78168	9508	69220.6373	69220	6373	5
70359.5451	70359	5451	63757.6841	63757	6841	4
91880.4931	91880	4931	96079.3922	96079	3922	3
56796.9064	56796	9064	56442.277	56442	2770	1
85434.3811	85434	3811	88310.3081	88310	3081	3
69453.9174	69453	9174	66810.8076	66810	8076	2
79874.7925	79874	7925	87107.5358	87107	5358	3
59474.7511	59474	7511	63186.4354	63186	4354	5
95790.8789	95790	8789	87689.9572	87689	9572	5
71134.9307	71134	9307	67530.231	67530	2310	2
67157.9475	67157	9475	74766.4109	74766	4109	2
72393.157	72393	1570	80546.42	80546	4200	2
62645.0065	62645	65	67468.0953	67468	953	3
89775.3772	89775	3772	91964.5276	91964	5276	2
89523.1911	89523	1911	81119.8206	81119	8206	4
68407.8387	68407	8387	72743.635	72743	6350	1
92761.4232	92761	4232	101640.8453	101640	8453	2
96459.3601	96459	3601	100360.9798	100360	9798	3
61429.8003	61429	8003	61411.9206	61411	9206	1
78208.1607	78208	1607	74318.4708	74318	4708	2
50892.5659	50892	5659	50061.7296	50061	7296	3
80889.8359	80889	8359	86582.5051	86582	5051	5
82866.9484	82866	9484	91774.1471	91774	1471	1
68354.583	68354	5830	70351.3361	70351	3361	1
57989.8703	57989	8703	66772.6329	66772	6329	3
86817.1038	86817	1038	96233.0356	96233	356	2
97163.8388	97163	8388	92184.6992	92184	6992	3
90525.1319	90525	1319	95990.0123	95990	123	2
50503.0359	50503	359	44596.8489	44596	8489	3
91228.9189	91228	9189	82195.2537	82195	2537	4
76822.6426	76822	6426	83967.0085	83967	85	4
87972.6219	87972	6219	86838.4863	86838	4863	4
61586.464	61586	4640	59673.096	59673	960	4
68701.7709	68701	7709	73765.5589	73765	5589	3
94768.5283	94768	5283	103280.9214	103280	9214	5
56320.8452	56320	8452	47282.404	47282	4040	3
97456.3235	97456	3235	93597.5247	93597	5247	1
83942.956	83942	9560	93407.4572	93407	4572	2
75095.2315	75095	2315	83491.9975	83491	9975	4
93245.2024	93245	2024	95006.482	95006	4820	5
55076.8868	55076	8868	50936.8464	50936	8464	3
92253.1791	92253	1791	101978.4084	101978	4084	1
65637.3594	65637	3594	65550.0602	65550	602	1
77022.8933	77022	8933	67705.0999	67705	999	5
82027.5563	82027	5563	87661.0942	87661	942	2
64460.1857	64460	1857	65969.8807	65969	8807	2
54729.3672	54729	3672	63469.7348	63469	7348	2
84088.9796	84088	9796	88601.9394	88601	9394	5
60918.1811	60918	1811	60049.8605	60049	8605	4
66159.1675	66159	1675	68601.8137	68601	8137	3
62295.1403	62295	1403	52917.5685	52917	5685	3
71111.3822	71111	3822	79411.7483	79411	7483	3
56348.0034	56348	34	54482.3188	54482	3188	2
54462.7239	54462	7239	47712.7155	47712	7155	3
89466.9653	89466	9653	93484.0845	93484	845	4
73638.5089	73638	5089	74275.9516	74275	9516	2
50579.8278	50579	8278	46965.9092	46965	9092	2
95929.4393	95929	4393	104968.9418	104968	9418	1
64163.2761	64163	2761	60264.1222	60264	1222	3
51082.4989	51082	4989	51561.7582	51561	7582	1
87156.3582	87156	3582	80882.1955	80882	1955	1
50285.5539	50285	5539	47251.2888	47251	2888	3
89055.1208	89055	1208	98400.2445	98400	2445	4
58042.8223	58042	8223	59855.4496	59855	4496	4
68986.3248	68986	3248	64736.8476	64736	8476	5
93123.6492	93123	6492	84699.1659	84699	1659	3
73663.3027	73663	3027	80160.8535	80160	8535	3
75742.2835	75742	2835	81354.3724	81354	3724	5
77065.2404	77065	2404	68106.7813	68106	7813	4
98759.1694	98759	1694	107372.851	107372	8510	2
78288.486	78288	4860	75661.0126	75661	126	2
91442.1272	91442	1272	88343.6277	88343	6277	3
50311.3485	50311	3485	58648.4176	58648	4176	4
53225.4806	53225	4806	60511.0727	60511	727	4
77764.6558	77764	6558	79069.7275	79069	7275	5
91639.5401	91639	5401	95610.5117	95610	5117	2
67686.3016	67686	3016	70202.1116	70202	1116	5
82493.023	82493	230	86258.6205	86258	6205	1
75727.1549	75727	1549	77931.6094	77931	6094	3
87905.1179	87905	1179	79551.1303	79551	1303	5
57952.1906	57952	1906	54158.4342	54158	4342	3
97323.9304	97323	9304	100149.1779	100149	1779	5
59016.5001	59016	5001	68962.8786	68962	8786	3
64300.8292	64300	8292	72361.7529	72361	7529	2
51784.6543	51784	6543	61581.0516	61581	516	5
57782.1006	57782	1006	61745.1213	61745	1213	3
87939.9734	87939	9734	90358.8628	90358	8628	5
52363.1173	52363	1173	48546.9607	48546	9607	3
53710.54	53710	5400	60432.0631	60432	631	5
61402.2495	61402	2495	53642.9849	53642	9849	2
62747.6162	62747	6162	53129.7189	53129	7189	3
50166.8982	50166	8982	40614.4167	40614	4167	1
61687.8034	61687	8034	64615.2737	64615	2737	2
61102.7371	61102	7371	54550.9633	54550	9633	1
67509.3557	67509	3557	69770.8662	69770	8662	1
89974.7634	89974	7634	98652.2796	98652	2796	1
54224.0215	54224	215	49248.2875	49248	2875	1
91172.2936	91172	2936	89929.7197	89929	7197	1
75017.0469	75017	469	83028.6519	83028	6519	3
90590.2619	90590	2619	86655.0688	86655	688	1
99231.4631	99231	4631	96600.7289	96600	7289	2
53304.1681	53304	1681	48687.8226	48687	8226	4
91332.0244	91332	244	98020.8546	98020	8546	4
99542.4468	99542	4468	98969.3047	98969	3047	5
65830.6488	65830	6488	62219.8952	62219	8952	2
78396.6802	78396	6802	80109.7403	80109	7403	5
91181.9869	91181	9869	84578.9745	84578	9745	3
92817.5856	92817	5856	101722.0068	101722	68	2
60889.3384	60889	3384	60088.3608	60088	3608	5
76208.777	76208	7770	81809.7421	81809	7421	5
80722.7035	80722	7035	74993.2952	74993	2952	1
78142.1642	78142	1642	87268.795	87268	7950	5
73530.7074	73530	7074	75677.0782	75677	782	4
99039.8388	99039	8388	96977.1738	96977	1738	5
92443.9935	92443	9935	83350.5479	83350	5479	3
84616.997	84616	9970	90280.1297	90280	1297	5
66121.9395	66121	9395	61742.295	61742	2950	2
89682.6021	89682	6021	93008.5689	93008	5689	2
86979.7495	86979	7495	82546.0905	82546	905	2
79132.4795	79132	4795	71475.358	71475	3580	4
51083.8516	51083	8516	60370.5538	60370	5538	3
59026.3658	59026	3658	54976.8093	54976	8093	4
79298.0129	79298	129	72089.7746	72089	7746	1
72071.655	72071	6550	74285.9857	74285	9857	4
70128.7381	70128	7381	73247.9309	73247	9309	2
96807.0039	96807	39	105580.6408	105580	6408	1
62044.0536	62044	536	66657.4235	66657	4235	2
83654.3948	83654	3948	91797.2184	91797	2184	4
87978.2975	87978	2975	89229.5187	89229	5187	3
87061.1005	87061	1005	89684.2336	89684	2336	4
74243.2919	74243	2919	72172.4453	72172	4453	4
87209.7606	87209	7606	95829.4058	95829	4058	4
99666.2687	99666	2687	91392.0562	91392	562	2
74876.9515	74876	9515	73213.4581	73213	4581	4
96051.8427	96051	8427	94097.7104	94097	7104	5
65496.5527	65496	5527	63611.9513	63611	9513	3
53271.6317	53271	6317	47041.1984	47041	1984	3
96532.4648	96532	4648	101696.8432	101696	8432	2
58312.7735	58312	7735	59053.1163	59053	1163	1
73461.9702	73461	9702	80151.5591	80151	5591	5
72739.2419	72739	2419	77224.5853	77224	5853	3
98335.477	98335	4770	103347.5696	103347	5696	2
stocks
6989.6989	4853591	6989	1
